date,time,open,high,low,close,volume,amount,settelementPrice,openInterest,preClose,suspendFlag
20091030,1256832000000,,,,,0,0.0,0.0,0,,1
20091102,1257091200000,,,,,0,0.0,0.0,0,,1
20091103,1257177600000,,,,,0,0.0,0.0,0,,1
20091104,1257264000000,,,,,0,0.0,0.0,0,,1
20091105,1257350400000,,,,,0,0.0,0.0,0,,1
20091106,1257436800000,,,,,0,0.0,0.0,0,,1
20091109,1257696000000,,,,,0,0.0,0.0,0,,1
20091110,1257782400000,,,,,0,0.0,0.0,0,,1
20091111,1257868800000,,,,,0,0.0,0.0,0,,1
20091112,1257955200000,,,,,0,0.0,0.0,0,,1
20091113,1258041600000,,,,,0,0.0,0.0,0,,1
20091116,1258300800000,,,,,0,0.0,0.0,0,,1
20091117,1258387200000,,,,,0,0.0,0.0,0,,1
20091118,1258473600000,,,,,0,0.0,0.0,0,,1
20091119,1258560000000,,,,,0,0.0,0.0,0,,1
20091120,1258646400000,,,,,0,0.0,0.0,0,,1
20091123,1258905600000,,,,,0,0.0,0.0,0,,1
20091124,1258992000000,,,,,0,0.0,0.0,0,,1
20091125,1259078400000,,,,,0,0.0,0.0,0,,1
20091126,1259164800000,,,,,0,0.0,0.0,0,,1
20091127,1259251200000,,,,,0,0.0,0.0,0,,1
20091130,1259510400000,,,,,0,0.0,0.0,0,,1
20091201,1259596800000,,,,,0,0.0,0.0,0,,1
20091202,1259683200000,,,,,0,0.0,0.0,0,,1
20091203,1259769600000,,,,,0,0.0,0.0,0,,1
20091204,1259856000000,,,,,0,0.0,0.0,0,,1
20091207,1260115200000,,,,,0,0.0,0.0,0,,1
20091208,1260201600000,,,,,0,0.0,0.0,0,,1
20091209,1260288000000,,,,,0,0.0,0.0,0,,1
20091210,1260374400000,,,,,0,0.0,0.0,0,,1
20091211,1260460800000,,,,,0,0.0,0.0,0,,1
20091214,1260720000000,,,,,0,0.0,0.0,0,,1
20091215,1260806400000,,,,,0,0.0,0.0,0,,1
20091216,1260892800000,,,,,0,0.0,0.0,0,,1
20091217,1260979200000,,,,,0,0.0,0.0,0,,1
20091218,1261065600000,,,,,0,0.0,0.0,0,,1
20091221,1261324800000,,,,,0,0.0,0.0,0,,1
20091222,1261411200000,,,,,0,0.0,0.0,0,,1
20091223,1261497600000,,,,,0,0.0,0.0,0,,1
20091224,1261584000000,,,,,0,0.0,0.0,0,,1
20091225,1261670400000,,,,,0,0.0,0.0,0,,1
20091228,1261929600000,,,,,0,0.0,0.0,0,,1
20091229,1262016000000,,,,,0,0.0,0.0,0,,1
20091230,1262102400000,,,,,0,0.0,0.0,0,,1
20091231,1262188800000,,,,,0,0.0,0.0,0,,1
20100104,1262534400000,,,,,0,0.0,0.0,0,,1
20100105,1262620800000,,,,,0,0.0,0.0,0,,1
20100106,1262707200000,,,,,0,0.0,0.0,0,,1
20100107,1262793600000,,,,,0,0.0,0.0,0,,1
20100108,1262880000000,,,,,0,0.0,0.0,0,,1
20100111,1263139200000,,,,,0,0.0,0.0,0,,1
20100112,1263225600000,,,,,0,0.0,0.0,0,,1
20100113,1263312000000,,,,,0,0.0,0.0,0,,1
20100114,1263398400000,,,,,0,0.0,0.0,0,,1
20100115,1263484800000,,,,,0,0.0,0.0,0,,1
20100118,1263744000000,,,,,0,0.0,0.0,0,,1
20100119,1263830400000,,,,,0,0.0,0.0,0,,1
20100120,1263916800000,,,,,0,0.0,0.0,0,,1
20100121,1264003200000,,,,,0,0.0,0.0,0,,1
20100122,1264089600000,,,,,0,0.0,0.0,0,,1
20100125,1264348800000,,,,,0,0.0,0.0,0,,1
20100126,1264435200000,,,,,0,0.0,0.0,0,,1
20100127,1264521600000,,,,,0,0.0,0.0,0,,1
20100128,1264608000000,,,,,0,0.0,0.0,0,,1
20100129,1264694400000,,,,,0,0.0,0.0,0,,1
20100201,1264953600000,,,,,0,0.0,0.0,0,,1
20100202,1265040000000,,,,,0,0.0,0.0,0,,1
20100203,1265126400000,,,,,0,0.0,0.0,0,,1
20100204,1265212800000,,,,,0,0.0,0.0,0,,1
20100205,1265299200000,,,,,0,0.0,0.0,0,,1
20100208,1265558400000,,,,,0,0.0,0.0,0,,1
20100209,1265644800000,,,,,0,0.0,0.0,0,,1
20100210,1265731200000,,,,,0,0.0,0.0,0,,1
20100211,1265817600000,,,,,0,0.0,0.0,0,,1
20100212,1265904000000,,,,,0,0.0,0.0,0,,1
20100222,1266768000000,,,,,0,0.0,0.0,0,,1
20100223,1266854400000,,,,,0,0.0,0.0,0,,1
20100224,1266940800000,,,,,0,0.0,0.0,0,,1
20100225,1267027200000,,,,,0,0.0,0.0,0,,1
20100226,1267113600000,,,,,0,0.0,0.0,0,,1
20100301,1267372800000,,,,,0,0.0,0.0,0,,1
20100302,1267459200000,,,,,0,0.0,0.0,0,,1
20100303,1267545600000,,,,,0,0.0,0.0,0,,1
20100304,1267632000000,,,,,0,0.0,0.0,0,,1
20100305,1267718400000,,,,,0,0.0,0.0,0,,1
20100308,1267977600000,,,,,0,0.0,0.0,0,,1
20100309,1268064000000,,,,,0,0.0,0.0,0,,1
20100310,1268150400000,,,,,0,0.0,0.0,0,,1
20100311,1268236800000,,,,,0,0.0,0.0,0,,1
20100312,1268323200000,,,,,0,0.0,0.0,0,,1
20100315,1268582400000,,,,,0,0.0,0.0,0,,1
20100316,1268668800000,,,,,0,0.0,0.0,0,,1
20100317,1268755200000,,,,,0,0.0,0.0,0,,1
20100318,1268841600000,,,,,0,0.0,0.0,0,,1
20100319,1268928000000,,,,,0,0.0,0.0,0,,1
20100322,1269187200000,,,,,0,0.0,0.0,0,,1
20100323,1269273600000,,,,,0,0.0,0.0,0,,1
20100324,1269360000000,,,,,0,0.0,0.0,0,,1
20100325,1269446400000,,,,,0,0.0,0.0,0,,1
20100326,1269532800000,,,,,0,0.0,0.0,0,,1
20100329,1269792000000,,,,,0,0.0,0.0,0,,1
20100330,1269878400000,,,,,0,0.0,0.0,0,,1
20100331,1269964800000,,,,,0,0.0,0.0,0,,1
20100401,1270051200000,,,,,0,0.0,0.0,0,,1
20100402,1270137600000,,,,,0,0.0,0.0,0,,1
20100406,1270483200000,,,,,0,0.0,0.0,0,,1
20100407,1270569600000,,,,,0,0.0,0.0,0,,1
20100408,1270656000000,,,,,0,0.0,0.0,0,,1
20100409,1270742400000,,,,,0,0.0,0.0,0,,1
20100412,1271001600000,,,,,0,0.0,0.0,0,,1
20100413,1271088000000,,,,,0,0.0,0.0,0,,1
20100414,1271174400000,,,,,0,0.0,0.0,0,,1
20100415,1271260800000,,,,,0,0.0,0.0,0,,1
20100416,1271347200000,,,,,0,0.0,0.0,0,,1
20100419,1271606400000,,,,,0,0.0,0.0,0,,1
20100420,1271692800000,,,,,0,0.0,0.0,0,,1
20100421,1271779200000,,,,,0,0.0,0.0,0,,1
20100422,1271865600000,,,,,0,0.0,0.0,0,,1
20100423,1271952000000,,,,,0,0.0,0.0,0,,1
20100426,1272211200000,,,,,0,0.0,0.0,0,,1
20100427,1272297600000,,,,,0,0.0,0.0,0,,1
20100428,1272384000000,,,,,0,0.0,0.0,0,,1
20100429,1272470400000,,,,,0,0.0,0.0,0,,1
20100430,1272556800000,,,,,0,0.0,0.0,0,,1
20100504,1272902400000,,,,,0,0.0,0.0,0,,1
20100505,1272988800000,,,,,0,0.0,0.0,0,,1
20100506,1273075200000,,,,,0,0.0,0.0,0,,1
20100507,1273161600000,,,,,0,0.0,0.0,0,,1
20100510,1273420800000,,,,,0,0.0,0.0,0,,1
20100511,1273507200000,,,,,0,0.0,0.0,0,,1
20100512,1273593600000,,,,,0,0.0,0.0,0,,1
20100513,1273680000000,,,,,0,0.0,0.0,0,,1
20100514,1273766400000,,,,,0,0.0,0.0,0,,1
20100517,1274025600000,,,,,0,0.0,0.0,0,,1
20100518,1274112000000,,,,,0,0.0,0.0,0,,1
20100519,1274198400000,,,,,0,0.0,0.0,0,,1
20100520,1274284800000,,,,,0,0.0,0.0,0,,1
20100521,1274371200000,,,,,0,0.0,0.0,0,,1
20100524,1274630400000,,,,,0,0.0,0.0,0,,1
20100525,1274716800000,,,,,0,0.0,0.0,0,,1
20100526,1274803200000,,,,,0,0.0,0.0,0,,1
20100527,1274889600000,,,,,0,0.0,0.0,0,,1
20100528,1274976000000,,,,,0,0.0,0.0,0,,1
20100531,1275235200000,,,,,0,0.0,0.0,0,,1
20100601,1275321600000,,,,,0,0.0,0.0,0,,1
20100602,1275408000000,,,,,0,0.0,0.0,0,,1
20100603,1275494400000,,,,,0,0.0,0.0,0,,1
20100604,1275580800000,,,,,0,0.0,0.0,0,,1
20100607,1275840000000,,,,,0,0.0,0.0,0,,1
20100608,1275926400000,,,,,0,0.0,0.0,0,,1
20100609,1276012800000,,,,,0,0.0,0.0,0,,1
20100610,1276099200000,,,,,0,0.0,0.0,0,,1
20100611,1276185600000,,,,,0,0.0,0.0,0,,1
20100617,1276704000000,,,,,0,0.0,0.0,0,,1
20100618,1276790400000,,,,,0,0.0,0.0,0,,1
20100621,1277049600000,,,,,0,0.0,0.0,0,,1
20100622,1277136000000,,,,,0,0.0,0.0,0,,1
20100623,1277222400000,,,,,0,0.0,0.0,0,,1
20100624,1277308800000,,,,,0,0.0,0.0,0,,1
20100625,1277395200000,,,,,0,0.0,0.0,0,,1
20100628,1277654400000,,,,,0,0.0,0.0,0,,1
20100629,1277740800000,,,,,0,0.0,0.0,0,,1
20100630,1277827200000,,,,,0,0.0,0.0,0,,1
20100701,1277913600000,,,,,0,0.0,0.0,0,,1
20100702,1278000000000,,,,,0,0.0,0.0,0,,1
20100705,1278259200000,,,,,0,0.0,0.0,0,,1
20100706,1278345600000,,,,,0,0.0,0.0,0,,1
20100707,1278432000000,,,,,0,0.0,0.0,0,,1
20100708,1278518400000,,,,,0,0.0,0.0,0,,1
20100709,1278604800000,,,,,0,0.0,0.0,0,,1
20100712,1278864000000,,,,,0,0.0,0.0,0,,1
20100713,1278950400000,,,,,0,0.0,0.0,0,,1
20100714,1279036800000,,,,,0,0.0,0.0,0,,1
20100715,1279123200000,,,,,0,0.0,0.0,0,,1
20100716,1279209600000,,,,,0,0.0,0.0,0,,1
20100719,1279468800000,,,,,0,0.0,0.0,0,,1
20100720,1279555200000,,,,,0,0.0,0.0,0,,1
20100721,1279641600000,,,,,0,0.0,0.0,0,,1
20100722,1279728000000,,,,,0,0.0,0.0,0,,1
20100723,1279814400000,,,,,0,0.0,0.0,0,,1
20100726,1280073600000,,,,,0,0.0,0.0,0,,1
20100727,1280160000000,,,,,0,0.0,0.0,0,,1
20100728,1280246400000,,,,,0,0.0,0.0,0,,1
20100729,1280332800000,,,,,0,0.0,0.0,0,,1
20100730,1280419200000,,,,,0,0.0,0.0,0,,1
20100802,1280678400000,,,,,0,0.0,0.0,0,,1
20100803,1280764800000,,,,,0,0.0,0.0,0,,1
20100804,1280851200000,,,,,0,0.0,0.0,0,,1
20100805,1280937600000,,,,,0,0.0,0.0,0,,1
20100806,1281024000000,,,,,0,0.0,0.0,0,,1
20100809,1281283200000,,,,,0,0.0,0.0,0,,1
20100810,1281369600000,,,,,0,0.0,0.0,0,,1
20100811,1281456000000,,,,,0,0.0,0.0,0,,1
20100812,1281542400000,,,,,0,0.0,0.0,0,,1
20100813,1281628800000,,,,,0,0.0,0.0,0,,1
20100816,1281888000000,,,,,0,0.0,0.0,0,,1
20100817,1281974400000,,,,,0,0.0,0.0,0,,1
20100818,1282060800000,,,,,0,0.0,0.0,0,,1
20100819,1282147200000,,,,,0,0.0,0.0,0,,1
20100820,1282233600000,,,,,0,0.0,0.0,0,,1
20100823,1282492800000,,,,,0,0.0,0.0,0,,1
20100824,1282579200000,,,,,0,0.0,0.0,0,,1
20100825,1282665600000,,,,,0,0.0,0.0,0,,1
20100826,1282752000000,,,,,0,0.0,0.0,0,,1
20100827,1282838400000,,,,,0,0.0,0.0,0,,1
20100830,1283097600000,,,,,0,0.0,0.0,0,,1
20100831,1283184000000,,,,,0,0.0,0.0,0,,1
20100901,1283270400000,,,,,0,0.0,0.0,0,,1
20100902,1283356800000,,,,,0,0.0,0.0,0,,1
20100903,1283443200000,,,,,0,0.0,0.0,0,,1
20100906,1283702400000,,,,,0,0.0,0.0,0,,1
20100907,1283788800000,,,,,0,0.0,0.0,0,,1
20100908,1283875200000,,,,,0,0.0,0.0,0,,1
20100909,1283961600000,,,,,0,0.0,0.0,0,,1
20100910,1284048000000,,,,,0,0.0,0.0,0,,1
20100913,1284307200000,,,,,0,0.0,0.0,0,,1
20100914,1284393600000,,,,,0,0.0,0.0,0,,1
20100915,1284480000000,,,,,0,0.0,0.0,0,,1
20100916,1284566400000,,,,,0,0.0,0.0,0,,1
20100917,1284652800000,,,,,0,0.0,0.0,0,,1
20100920,1284912000000,,,,,0,0.0,0.0,0,,1
20100921,1284998400000,,,,,0,0.0,0.0,0,,1
20100927,1285516800000,,,,,0,0.0,0.0,0,,1
20100928,1285603200000,,,,,0,0.0,0.0,0,,1
20100929,1285689600000,,,,,0,0.0,0.0,0,,1
20100930,1285776000000,,,,,0,0.0,0.0,0,,1
20101008,1286467200000,,,,,0,0.0,0.0,0,,1
20101011,1286726400000,,,,,0,0.0,0.0,0,,1
20101012,1286812800000,,,,,0,0.0,0.0,0,,1
20101013,1286899200000,,,,,0,0.0,0.0,0,,1
20101014,1286985600000,,,,,0,0.0,0.0,0,,1
20101015,1287072000000,,,,,0,0.0,0.0,0,,1
20101018,1287331200000,,,,,0,0.0,0.0,0,,1
20101019,1287417600000,,,,,0,0.0,0.0,0,,1
20101020,1287504000000,,,,,0,0.0,0.0,0,,1
20101021,1287590400000,,,,,0,0.0,0.0,0,,1
20101022,1287676800000,,,,,0,0.0,0.0,0,,1
20101025,1287936000000,,,,,0,0.0,0.0,0,,1
20101026,1288022400000,,,,,0,0.0,0.0,0,,1
20101027,1288108800000,,,,,0,0.0,0.0,0,,1
20101028,1288195200000,,,,,0,0.0,0.0,0,,1
20101029,1288281600000,,,,,0,0.0,0.0,0,,1
20101101,1288540800000,,,,,0,0.0,0.0,0,,1
20101102,1288627200000,,,,,0,0.0,0.0,0,,1
20101103,1288713600000,,,,,0,0.0,0.0,0,,1
20101104,1288800000000,,,,,0,0.0,0.0,0,,1
20101105,1288886400000,,,,,0,0.0,0.0,0,,1
20101108,1289145600000,,,,,0,0.0,0.0,0,,1
20101109,1289232000000,,,,,0,0.0,0.0,0,,1
20101110,1289318400000,,,,,0,0.0,0.0,0,,1
20101111,1289404800000,,,,,0,0.0,0.0,0,,1
20101112,1289491200000,,,,,0,0.0,0.0,0,,1
20101115,1289750400000,,,,,0,0.0,0.0,0,,1
20101116,1289836800000,,,,,0,0.0,0.0,0,,1
20101117,1289923200000,,,,,0,0.0,0.0,0,,1
20101118,1290009600000,,,,,0,0.0,0.0,0,,1
20101119,1290096000000,,,,,0,0.0,0.0,0,,1
20101122,1290355200000,,,,,0,0.0,0.0,0,,1
20101123,1290441600000,,,,,0,0.0,0.0,0,,1
20101124,1290528000000,,,,,0,0.0,0.0,0,,1
20101125,1290614400000,,,,,0,0.0,0.0,0,,1
20101126,1290700800000,,,,,0,0.0,0.0,0,,1
20101129,1290960000000,,,,,0,0.0,0.0,0,,1
20101130,1291046400000,,,,,0,0.0,0.0,0,,1
20101201,1291132800000,,,,,0,0.0,0.0,0,,1
20101202,1291219200000,,,,,0,0.0,0.0,0,,1
20101203,1291305600000,,,,,0,0.0,0.0,0,,1
20101206,1291564800000,,,,,0,0.0,0.0,0,,1
20101207,1291651200000,,,,,0,0.0,0.0,0,,1
20101208,1291737600000,,,,,0,0.0,0.0,0,,1
20101209,1291824000000,,,,,0,0.0,0.0,0,,1
20101210,1291910400000,,,,,0,0.0,0.0,0,,1
20101213,1292169600000,,,,,0,0.0,0.0,0,,1
20101214,1292256000000,,,,,0,0.0,0.0,0,,1
20101215,1292342400000,,,,,0,0.0,0.0,0,,1
20101216,1292428800000,,,,,0,0.0,0.0,0,,1
20101217,1292515200000,,,,,0,0.0,0.0,0,,1
20101220,1292774400000,,,,,0,0.0,0.0,0,,1
20101221,1292860800000,,,,,0,0.0,0.0,0,,1
20101222,1292947200000,,,,,0,0.0,0.0,0,,1
20101223,1293033600000,,,,,0,0.0,0.0,0,,1
20101224,1293120000000,,,,,0,0.0,0.0,0,,1
20101227,1293379200000,,,,,0,0.0,0.0,0,,1
20101228,1293465600000,,,,,0,0.0,0.0,0,,1
20101229,1293552000000,,,,,0,0.0,0.0,0,,1
20101230,1293638400000,,,,,0,0.0,0.0,0,,1
20101231,1293724800000,,,,,0,0.0,0.0,0,,1
20110104,1294070400000,,,,,0,0.0,0.0,0,,1
20110105,1294156800000,,,,,0,0.0,0.0,0,,1
20110106,1294243200000,,,,,0,0.0,0.0,0,,1
20110107,1294329600000,,,,,0,0.0,0.0,0,,1
20110110,1294588800000,,,,,0,0.0,0.0,0,,1
20110111,1294675200000,,,,,0,0.0,0.0,0,,1
20110112,1294761600000,,,,,0,0.0,0.0,0,,1
20110113,1294848000000,,,,,0,0.0,0.0,0,,1
20110114,1294934400000,,,,,0,0.0,0.0,0,,1
20110117,1295193600000,,,,,0,0.0,0.0,0,,1
20110118,1295280000000,,,,,0,0.0,0.0,0,,1
20110119,1295366400000,,,,,0,0.0,0.0,0,,1
20110120,1295452800000,,,,,0,0.0,0.0,0,,1
20110121,1295539200000,,,,,0,0.0,0.0,0,,1
20110124,1295798400000,,,,,0,0.0,0.0,0,,1
20110125,1295884800000,,,,,0,0.0,0.0,0,,1
20110126,1295971200000,,,,,0,0.0,0.0,0,,1
20110127,1296057600000,,,,,0,0.0,0.0,0,,1
20110128,1296144000000,,,,,0,0.0,0.0,0,,1
20110131,1296403200000,,,,,0,0.0,0.0,0,,1
20110201,1296489600000,,,,,0,0.0,0.0,0,,1
20110209,1297180800000,,,,,0,0.0,0.0,0,,1
20110210,1297267200000,,,,,0,0.0,0.0,0,,1
20110211,1297353600000,,,,,0,0.0,0.0,0,,1
20110214,1297612800000,,,,,0,0.0,0.0,0,,1
20110215,1297699200000,,,,,0,0.0,0.0,0,,1
20110216,1297785600000,,,,,0,0.0,0.0,0,,1
20110217,1297872000000,,,,,0,0.0,0.0,0,,1
20110218,1297958400000,,,,,0,0.0,0.0,0,,1
20110221,1298217600000,,,,,0,0.0,0.0,0,,1
20110222,1298304000000,,,,,0,0.0,0.0,0,,1
20110223,1298390400000,,,,,0,0.0,0.0,0,,1
20110224,1298476800000,,,,,0,0.0,0.0,0,,1
20110225,1298563200000,,,,,0,0.0,0.0,0,,1
20110228,1298822400000,,,,,0,0.0,0.0,0,,1
20110301,1298908800000,,,,,0,0.0,0.0,0,,1
20110302,1298995200000,,,,,0,0.0,0.0,0,,1
20110303,1299081600000,,,,,0,0.0,0.0,0,,1
20110304,1299168000000,,,,,0,0.0,0.0,0,,1
20110307,1299427200000,,,,,0,0.0,0.0,0,,1
20110308,1299513600000,,,,,0,0.0,0.0,0,,1
20110309,1299600000000,,,,,0,0.0,0.0,0,,1
20110310,1299686400000,,,,,0,0.0,0.0,0,,1
20110311,1299772800000,,,,,0,0.0,0.0,0,,1
20110314,1300032000000,,,,,0,0.0,0.0,0,,1
20110315,1300118400000,,,,,0,0.0,0.0,0,,1
20110316,1300204800000,,,,,0,0.0,0.0,0,,1
20110317,1300291200000,,,,,0,0.0,0.0,0,,1
20110318,1300377600000,,,,,0,0.0,0.0,0,,1
20110321,1300636800000,,,,,0,0.0,0.0,0,,1
20110322,1300723200000,,,,,0,0.0,0.0,0,,1
20110323,1300809600000,,,,,0,0.0,0.0,0,,1
20110324,1300896000000,,,,,0,0.0,0.0,0,,1
20110325,1300982400000,,,,,0,0.0,0.0,0,,1
20110328,1301241600000,,,,,0,0.0,0.0,0,,1
20110329,1301328000000,,,,,0,0.0,0.0,0,,1
20110330,1301414400000,,,,,0,0.0,0.0,0,,1
20110331,1301500800000,,,,,0,0.0,0.0,0,,1
20110401,1301587200000,,,,,0,0.0,0.0,0,,1
20110406,1302019200000,,,,,0,0.0,0.0,0,,1
20110407,1302105600000,,,,,0,0.0,0.0,0,,1
20110408,1302192000000,,,,,0,0.0,0.0,0,,1
20110411,1302451200000,,,,,0,0.0,0.0,0,,1
20110412,1302537600000,,,,,0,0.0,0.0,0,,1
20110413,1302624000000,,,,,0,0.0,0.0,0,,1
20110414,1302710400000,,,,,0,0.0,0.0,0,,1
20110415,1302796800000,,,,,0,0.0,0.0,0,,1
20110418,1303056000000,,,,,0,0.0,0.0,0,,1
20110419,1303142400000,,,,,0,0.0,0.0,0,,1
20110420,1303228800000,,,,,0,0.0,0.0,0,,1
20110421,1303315200000,,,,,0,0.0,0.0,0,,1
20110422,1303401600000,,,,,0,0.0,0.0,0,,1
20110425,1303660800000,,,,,0,0.0,0.0,0,,1
20110426,1303747200000,,,,,0,0.0,0.0,0,,1
20110427,1303833600000,,,,,0,0.0,0.0,0,,1
20110428,1303920000000,,,,,0,0.0,0.0,0,,1
20110429,1304006400000,,,,,0,0.0,0.0,0,,1
20110503,1304352000000,,,,,0,0.0,0.0,0,,1
20110504,1304438400000,,,,,0,0.0,0.0,0,,1
20110505,1304524800000,,,,,0,0.0,0.0,0,,1
20110506,1304611200000,,,,,0,0.0,0.0,0,,1
20110509,1304870400000,,,,,0,0.0,0.0,0,,1
20110510,1304956800000,,,,,0,0.0,0.0,0,,1
20110511,1305043200000,,,,,0,0.0,0.0,0,,1
20110512,1305129600000,,,,,0,0.0,0.0,0,,1
20110513,1305216000000,,,,,0,0.0,0.0,0,,1
20110516,1305475200000,,,,,0,0.0,0.0,0,,1
20110517,1305561600000,,,,,0,0.0,0.0,0,,1
20110518,1305648000000,,,,,0,0.0,0.0,0,,1
20110519,1305734400000,,,,,0,0.0,0.0,0,,1
20110520,1305820800000,,,,,0,0.0,0.0,0,,1
20110523,1306080000000,,,,,0,0.0,0.0,0,,1
20110524,1306166400000,,,,,0,0.0,0.0,0,,1
20110525,1306252800000,,,,,0,0.0,0.0,0,,1
20110526,1306339200000,,,,,0,0.0,0.0,0,,1
20110527,1306425600000,,,,,0,0.0,0.0,0,,1
20110530,1306684800000,,,,,0,0.0,0.0,0,,1
20110531,1306771200000,,,,,0,0.0,0.0,0,,1
20110601,1306857600000,,,,,0,0.0,0.0,0,,1
20110602,1306944000000,,,,,0,0.0,0.0,0,,1
20110603,1307030400000,,,,,0,0.0,0.0,0,,1
20110607,1307376000000,,,,,0,0.0,0.0,0,,1
20110608,1307462400000,,,,,0,0.0,0.0,0,,1
20110609,1307548800000,,,,,0,0.0,0.0,0,,1
20110610,1307635200000,,,,,0,0.0,0.0,0,,1
20110613,1307894400000,,,,,0,0.0,0.0,0,,1
20110614,1307980800000,,,,,0,0.0,0.0,0,,1
20110615,1308067200000,,,,,0,0.0,0.0,0,,1
20110616,1308153600000,,,,,0,0.0,0.0,0,,1
20110617,1308240000000,,,,,0,0.0,0.0,0,,1
20110620,1308499200000,,,,,0,0.0,0.0,0,,1
20110621,1308585600000,,,,,0,0.0,0.0,0,,1
20110622,1308672000000,,,,,0,0.0,0.0,0,,1
20110623,1308758400000,,,,,0,0.0,0.0,0,,1
20110624,1308844800000,,,,,0,0.0,0.0,0,,1
20110627,1309104000000,,,,,0,0.0,0.0,0,,1
20110628,1309190400000,,,,,0,0.0,0.0,0,,1
20110629,1309276800000,,,,,0,0.0,0.0,0,,1
20110630,1309363200000,,,,,0,0.0,0.0,0,,1
20110701,1309449600000,,,,,0,0.0,0.0,0,,1
20110704,1309708800000,,,,,0,0.0,0.0,0,,1
20110705,1309795200000,,,,,0,0.0,0.0,0,,1
20110706,1309881600000,,,,,0,0.0,0.0,0,,1
20110707,1309968000000,,,,,0,0.0,0.0,0,,1
20110708,1310054400000,,,,,0,0.0,0.0,0,,1
20110711,1310313600000,,,,,0,0.0,0.0,0,,1
20110712,1310400000000,,,,,0,0.0,0.0,0,,1
20110713,1310486400000,,,,,0,0.0,0.0,0,,1
20110714,1310572800000,,,,,0,0.0,0.0,0,,1
20110715,1310659200000,,,,,0,0.0,0.0,0,,1
20110718,1310918400000,,,,,0,0.0,0.0,0,,1
20110719,1311004800000,,,,,0,0.0,0.0,0,,1
20110720,1311091200000,,,,,0,0.0,0.0,0,,1
20110721,1311177600000,,,,,0,0.0,0.0,0,,1
20110722,1311264000000,,,,,0,0.0,0.0,0,,1
20110725,1311523200000,,,,,0,0.0,0.0,0,,1
20110726,1311609600000,,,,,0,0.0,0.0,0,,1
20110727,1311696000000,,,,,0,0.0,0.0,0,,1
20110728,1311782400000,,,,,0,0.0,0.0,0,,1
20110729,1311868800000,,,,,0,0.0,0.0,0,,1
20110801,1312128000000,,,,,0,0.0,0.0,0,,1
20110802,1312214400000,,,,,0,0.0,0.0,0,,1
20110803,1312300800000,,,,,0,0.0,0.0,0,,1
20110804,1312387200000,,,,,0,0.0,0.0,0,,1
20110805,1312473600000,,,,,0,0.0,0.0,0,,1
20110808,1312732800000,,,,,0,0.0,0.0,0,,1
20110809,1312819200000,,,,,0,0.0,0.0,0,,1
20110810,1312905600000,,,,,0,0.0,0.0,0,,1
20110811,1312992000000,,,,,0,0.0,0.0,0,,1
20110812,1313078400000,,,,,0,0.0,0.0,0,,1
20110815,1313337600000,,,,,0,0.0,0.0,0,,1
20110816,1313424000000,,,,,0,0.0,0.0,0,,1
20110817,1313510400000,,,,,0,0.0,0.0,0,,1
20110818,1313596800000,,,,,0,0.0,0.0,0,,1
20110819,1313683200000,,,,,0,0.0,0.0,0,,1
20110822,1313942400000,,,,,0,0.0,0.0,0,,1
20110823,1314028800000,,,,,0,0.0,0.0,0,,1
20110824,1314115200000,,,,,0,0.0,0.0,0,,1
20110825,1314201600000,,,,,0,0.0,0.0,0,,1
20110826,1314288000000,,,,,0,0.0,0.0,0,,1
20110829,1314547200000,,,,,0,0.0,0.0,0,,1
20110830,1314633600000,,,,,0,0.0,0.0,0,,1
20110831,1314720000000,,,,,0,0.0,0.0,0,,1
20110901,1314806400000,,,,,0,0.0,0.0,0,,1
20110902,1314892800000,,,,,0,0.0,0.0,0,,1
20110905,1315152000000,,,,,0,0.0,0.0,0,,1
20110906,1315238400000,,,,,0,0.0,0.0,0,,1
20110907,1315324800000,,,,,0,0.0,0.0,0,,1
20110908,1315411200000,,,,,0,0.0,0.0,0,,1
20110909,1315497600000,,,,,0,0.0,0.0,0,,1
20110913,1315843200000,,,,,0,0.0,0.0,0,,1
20110914,1315929600000,,,,,0,0.0,0.0,0,,1
20110915,1316016000000,,,,,0,0.0,0.0,0,,1
20110916,1316102400000,,,,,0,0.0,0.0,0,,1
20110919,1316361600000,,,,,0,0.0,0.0,0,,1
20110920,1316448000000,,,,,0,0.0,0.0,0,,1
20110921,1316534400000,,,,,0,0.0,0.0,0,,1
20110922,1316620800000,,,,,0,0.0,0.0,0,,1
20110923,1316707200000,,,,,0,0.0,0.0,0,,1
20110926,1316966400000,,,,,0,0.0,0.0,0,,1
20110927,1317052800000,,,,,0,0.0,0.0,0,,1
20110928,1317139200000,,,,,0,0.0,0.0,0,,1
20110929,1317225600000,,,,,0,0.0,0.0,0,,1
20110930,1317312000000,,,,,0,0.0,0.0,0,,1
20111010,1318176000000,,,,,0,0.0,0.0,0,,1
20111011,1318262400000,,,,,0,0.0,0.0,0,,1
20111012,1318348800000,,,,,0,0.0,0.0,0,,1
20111013,1318435200000,,,,,0,0.0,0.0,0,,1
20111014,1318521600000,,,,,0,0.0,0.0,0,,1
20111017,1318780800000,,,,,0,0.0,0.0,0,,1
20111018,1318867200000,,,,,0,0.0,0.0,0,,1
20111019,1318953600000,,,,,0,0.0,0.0,0,,1
20111020,1319040000000,,,,,0,0.0,0.0,0,,1
20111021,1319126400000,,,,,0,0.0,0.0,0,,1
20111024,1319385600000,,,,,0,0.0,0.0,0,,1
20111025,1319472000000,,,,,0,0.0,0.0,0,,1
20111026,1319558400000,,,,,0,0.0,0.0,0,,1
20111027,1319644800000,,,,,0,0.0,0.0,0,,1
20111028,1319731200000,,,,,0,0.0,0.0,0,,1
20111031,1319990400000,,,,,0,0.0,0.0,0,,1
20111101,1320076800000,,,,,0,0.0,0.0,0,,1
20111102,1320163200000,,,,,0,0.0,0.0,0,,1
20111103,1320249600000,,,,,0,0.0,0.0,0,,1
20111104,1320336000000,,,,,0,0.0,0.0,0,,1
20111107,1320595200000,,,,,0,0.0,0.0,0,,1
20111108,1320681600000,,,,,0,0.0,0.0,0,,1
20111109,1320768000000,,,,,0,0.0,0.0,0,,1
20111110,1320854400000,,,,,0,0.0,0.0,0,,1
20111111,1320940800000,,,,,0,0.0,0.0,0,,1
20111114,1321200000000,,,,,0,0.0,0.0,0,,1
20111115,1321286400000,,,,,0,0.0,0.0,0,,1
20111116,1321372800000,,,,,0,0.0,0.0,0,,1
20111117,1321459200000,,,,,0,0.0,0.0,0,,1
20111118,1321545600000,,,,,0,0.0,0.0,0,,1
20111121,1321804800000,,,,,0,0.0,0.0,0,,1
20111122,1321891200000,,,,,0,0.0,0.0,0,,1
20111123,1321977600000,,,,,0,0.0,0.0,0,,1
20111124,1322064000000,,,,,0,0.0,0.0,0,,1
20111125,1322150400000,,,,,0,0.0,0.0,0,,1
20111128,1322409600000,,,,,0,0.0,0.0,0,,1
20111129,1322496000000,,,,,0,0.0,0.0,0,,1
20111130,1322582400000,,,,,0,0.0,0.0,0,,1
20111201,1322668800000,,,,,0,0.0,0.0,0,,1
20111202,1322755200000,,,,,0,0.0,0.0,0,,1
20111205,1323014400000,,,,,0,0.0,0.0,0,,1
20111206,1323100800000,,,,,0,0.0,0.0,0,,1
20111207,1323187200000,,,,,0,0.0,0.0,0,,1
20111208,1323273600000,,,,,0,0.0,0.0,0,,1
20111209,1323360000000,,,,,0,0.0,0.0,0,,1
20111212,1323619200000,,,,,0,0.0,0.0,0,,1
20111213,1323705600000,,,,,0,0.0,0.0,0,,1
20111214,1323792000000,,,,,0,0.0,0.0,0,,1
20111215,1323878400000,,,,,0,0.0,0.0,0,,1
20111216,1323964800000,,,,,0,0.0,0.0,0,,1
20111219,1324224000000,,,,,0,0.0,0.0,0,,1
20111220,1324310400000,,,,,0,0.0,0.0,0,,1
20111221,1324396800000,,,,,0,0.0,0.0,0,,1
20111222,1324483200000,,,,,0,0.0,0.0,0,,1
20111223,1324569600000,,,,,0,0.0,0.0,0,,1
20111226,1324828800000,,,,,0,0.0,0.0,0,,1
20111227,1324915200000,,,,,0,0.0,0.0,0,,1
20111228,1325001600000,,,,,0,0.0,0.0,0,,1
20111229,1325088000000,,,,,0,0.0,0.0,0,,1
20111230,1325174400000,,,,,0,0.0,0.0,0,,1
20120104,1325606400000,,,,,0,0.0,0.0,0,,1
20120105,1325692800000,,,,,0,0.0,0.0,0,,1
20120106,1325779200000,,,,,0,0.0,0.0,0,,1
20120109,1326038400000,,,,,0,0.0,0.0,0,,1
20120110,1326124800000,,,,,0,0.0,0.0,0,,1
20120111,1326211200000,,,,,0,0.0,0.0,0,,1
20120112,1326297600000,,,,,0,0.0,0.0,0,,1
20120113,1326384000000,,,,,0,0.0,0.0,0,,1
20120116,1326643200000,,,,,0,0.0,0.0,0,,1
20120117,1326729600000,,,,,0,0.0,0.0,0,,1
20120118,1326816000000,,,,,0,0.0,0.0,0,,1
20120119,1326902400000,,,,,0,0.0,0.0,0,,1
20120120,1326988800000,,,,,0,0.0,0.0,0,,1
20120130,1327852800000,,,,,0,0.0,0.0,0,,1
20120131,1327939200000,,,,,0,0.0,0.0,0,,1
20120201,1328025600000,,,,,0,0.0,0.0,0,,1
20120202,1328112000000,,,,,0,0.0,0.0,0,,1
20120203,1328198400000,,,,,0,0.0,0.0,0,,1
20120206,1328457600000,,,,,0,0.0,0.0,0,,1
20120207,1328544000000,,,,,0,0.0,0.0,0,,1
20120208,1328630400000,,,,,0,0.0,0.0,0,,1
20120209,1328716800000,,,,,0,0.0,0.0,0,,1
20120210,1328803200000,,,,,0,0.0,0.0,0,,1
20120213,1329062400000,,,,,0,0.0,0.0,0,,1
20120214,1329148800000,,,,,0,0.0,0.0,0,,1
20120215,1329235200000,,,,,0,0.0,0.0,0,,1
20120216,1329321600000,,,,,0,0.0,0.0,0,,1
20120217,1329408000000,,,,,0,0.0,0.0,0,,1
20120220,1329667200000,,,,,0,0.0,0.0,0,,1
20120221,1329753600000,,,,,0,0.0,0.0,0,,1
20120222,1329840000000,,,,,0,0.0,0.0,0,,1
20120223,1329926400000,,,,,0,0.0,0.0,0,,1
20120224,1330012800000,,,,,0,0.0,0.0,0,,1
20120227,1330272000000,,,,,0,0.0,0.0,0,,1
20120228,1330358400000,,,,,0,0.0,0.0,0,,1
20120229,1330444800000,,,,,0,0.0,0.0,0,,1
20120301,1330531200000,,,,,0,0.0,0.0,0,,1
20120302,1330617600000,,,,,0,0.0,0.0,0,,1
20120305,1330876800000,,,,,0,0.0,0.0,0,,1
20120306,1330963200000,,,,,0,0.0,0.0,0,,1
20120307,1331049600000,,,,,0,0.0,0.0,0,,1
20120308,1331136000000,,,,,0,0.0,0.0,0,,1
20120309,1331222400000,,,,,0,0.0,0.0,0,,1
20120312,1331481600000,,,,,0,0.0,0.0,0,,1
20120313,1331568000000,,,,,0,0.0,0.0,0,,1
20120314,1331654400000,,,,,0,0.0,0.0,0,,1
20120315,1331740800000,,,,,0,0.0,0.0,0,,1
20120316,1331827200000,,,,,0,0.0,0.0,0,,1
20120319,1332086400000,,,,,0,0.0,0.0,0,,1
20120320,1332172800000,,,,,0,0.0,0.0,0,,1
20120321,1332259200000,,,,,0,0.0,0.0,0,,1
20120322,1332345600000,,,,,0,0.0,0.0,0,,1
20120323,1332432000000,,,,,0,0.0,0.0,0,,1
20120326,1332691200000,,,,,0,0.0,0.0,0,,1
20120327,1332777600000,,,,,0,0.0,0.0,0,,1
20120328,1332864000000,,,,,0,0.0,0.0,0,,1
20120329,1332950400000,,,,,0,0.0,0.0,0,,1
20120330,1333036800000,,,,,0,0.0,0.0,0,,1
20120405,1333555200000,,,,,0,0.0,0.0,0,,1
20120406,1333641600000,,,,,0,0.0,0.0,0,,1
20120409,1333900800000,,,,,0,0.0,0.0,0,,1
20120410,1333987200000,,,,,0,0.0,0.0,0,,1
20120411,1334073600000,,,,,0,0.0,0.0,0,,1
20120412,1334160000000,,,,,0,0.0,0.0,0,,1
20120413,1334246400000,,,,,0,0.0,0.0,0,,1
20120416,1334505600000,,,,,0,0.0,0.0,0,,1
20120417,1334592000000,,,,,0,0.0,0.0,0,,1
20120418,1334678400000,,,,,0,0.0,0.0,0,,1
20120419,1334764800000,,,,,0,0.0,0.0,0,,1
20120420,1334851200000,,,,,0,0.0,0.0,0,,1
20120423,1335110400000,,,,,0,0.0,0.0,0,,1
20120424,1335196800000,,,,,0,0.0,0.0,0,,1
20120425,1335283200000,,,,,0,0.0,0.0,0,,1
20120426,1335369600000,,,,,0,0.0,0.0,0,,1
20120427,1335456000000,,,,,0,0.0,0.0,0,,1
20120502,1335888000000,,,,,0,0.0,0.0,0,,1
20120503,1335974400000,,,,,0,0.0,0.0,0,,1
20120504,1336060800000,,,,,0,0.0,0.0,0,,1
20120507,1336320000000,,,,,0,0.0,0.0,0,,1
20120508,1336406400000,,,,,0,0.0,0.0,0,,1
20120509,1336492800000,,,,,0,0.0,0.0,0,,1
20120510,1336579200000,,,,,0,0.0,0.0,0,,1
20120511,1336665600000,,,,,0,0.0,0.0,0,,1
20120514,1336924800000,,,,,0,0.0,0.0,0,,1
20120515,1337011200000,,,,,0,0.0,0.0,0,,1
20120516,1337097600000,,,,,0,0.0,0.0,0,,1
20120517,1337184000000,,,,,0,0.0,0.0,0,,1
20120518,1337270400000,,,,,0,0.0,0.0,0,,1
20120521,1337529600000,,,,,0,0.0,0.0,0,,1
20120522,1337616000000,,,,,0,0.0,0.0,0,,1
20120523,1337702400000,,,,,0,0.0,0.0,0,,1
20120524,1337788800000,,,,,0,0.0,0.0,0,,1
20120525,1337875200000,,,,,0,0.0,0.0,0,,1
20120528,1338134400000,,,,,0,0.0,0.0,0,,1
20120529,1338220800000,,,,,0,0.0,0.0,0,,1
20120530,1338307200000,,,,,0,0.0,0.0,0,,1
20120531,1338393600000,,,,,0,0.0,0.0,0,,1
20120601,1338480000000,,,,,0,0.0,0.0,0,,1
20120604,1338739200000,,,,,0,0.0,0.0,0,,1
20120605,1338825600000,,,,,0,0.0,0.0,0,,1
20120606,1338912000000,,,,,0,0.0,0.0,0,,1
20120607,1338998400000,,,,,0,0.0,0.0,0,,1
20120608,1339084800000,,,,,0,0.0,0.0,0,,1
20120611,1339344000000,,,,,0,0.0,0.0,0,,1
20120612,1339430400000,,,,,0,0.0,0.0,0,,1
20120613,1339516800000,,,,,0,0.0,0.0,0,,1
20120614,1339603200000,,,,,0,0.0,0.0,0,,1
20120615,1339689600000,,,,,0,0.0,0.0,0,,1
20120618,1339948800000,,,,,0,0.0,0.0,0,,1
20120619,1340035200000,,,,,0,0.0,0.0,0,,1
20120620,1340121600000,,,,,0,0.0,0.0,0,,1
20120621,1340208000000,,,,,0,0.0,0.0,0,,1
20120625,1340553600000,,,,,0,0.0,0.0,0,,1
20120626,1340640000000,,,,,0,0.0,0.0,0,,1
20120627,1340726400000,,,,,0,0.0,0.0,0,,1
20120628,1340812800000,,,,,0,0.0,0.0,0,,1
20120629,1340899200000,,,,,0,0.0,0.0,0,,1
20120702,1341158400000,,,,,0,0.0,0.0,0,,1
20120703,1341244800000,,,,,0,0.0,0.0,0,,1
20120704,1341331200000,,,,,0,0.0,0.0,0,,1
20120705,1341417600000,,,,,0,0.0,0.0,0,,1
20120706,1341504000000,,,,,0,0.0,0.0,0,,1
20120709,1341763200000,,,,,0,0.0,0.0,0,,1
20120710,1341849600000,,,,,0,0.0,0.0,0,,1
20120711,1341936000000,,,,,0,0.0,0.0,0,,1
20120712,1342022400000,,,,,0,0.0,0.0,0,,1
20120713,1342108800000,,,,,0,0.0,0.0,0,,1
20120716,1342368000000,,,,,0,0.0,0.0,0,,1
20120717,1342454400000,,,,,0,0.0,0.0,0,,1
20120718,1342540800000,,,,,0,0.0,0.0,0,,1
20120719,1342627200000,,,,,0,0.0,0.0,0,,1
20120720,1342713600000,,,,,0,0.0,0.0,0,,1
20120723,1342972800000,,,,,0,0.0,0.0,0,,1
20120724,1343059200000,,,,,0,0.0,0.0,0,,1
20120725,1343145600000,,,,,0,0.0,0.0,0,,1
20120726,1343232000000,,,,,0,0.0,0.0,0,,1
20120727,1343318400000,,,,,0,0.0,0.0,0,,1
20120730,1343577600000,,,,,0,0.0,0.0,0,,1
20120731,1343664000000,,,,,0,0.0,0.0,0,,1
20120801,1343750400000,,,,,0,0.0,0.0,0,,1
20120802,1343836800000,,,,,0,0.0,0.0,0,,1
20120803,1343923200000,,,,,0,0.0,0.0,0,,1
20120806,1344182400000,,,,,0,0.0,0.0,0,,1
20120807,1344268800000,,,,,0,0.0,0.0,0,,1
20120808,1344355200000,,,,,0,0.0,0.0,0,,1
20120809,1344441600000,,,,,0,0.0,0.0,0,,1
20120810,1344528000000,,,,,0,0.0,0.0,0,,1
20120813,1344787200000,,,,,0,0.0,0.0,0,,1
20120814,1344873600000,,,,,0,0.0,0.0,0,,1
20120815,1344960000000,,,,,0,0.0,0.0,0,,1
20120816,1345046400000,,,,,0,0.0,0.0,0,,1
20120817,1345132800000,,,,,0,0.0,0.0,0,,1
20120820,1345392000000,,,,,0,0.0,0.0,0,,1
20120821,1345478400000,,,,,0,0.0,0.0,0,,1
20120822,1345564800000,,,,,0,0.0,0.0,0,,1
20120823,1345651200000,,,,,0,0.0,0.0,0,,1
20120824,1345737600000,,,,,0,0.0,0.0,0,,1
20120827,1345996800000,,,,,0,0.0,0.0,0,,1
20120828,1346083200000,,,,,0,0.0,0.0,0,,1
20120829,1346169600000,,,,,0,0.0,0.0,0,,1
20120830,1346256000000,,,,,0,0.0,0.0,0,,1
20120831,1346342400000,,,,,0,0.0,0.0,0,,1
20120903,1346601600000,,,,,0,0.0,0.0,0,,1
20120904,1346688000000,,,,,0,0.0,0.0,0,,1
20120905,1346774400000,,,,,0,0.0,0.0,0,,1
20120906,1346860800000,,,,,0,0.0,0.0,0,,1
20120907,1346947200000,,,,,0,0.0,0.0,0,,1
20120910,1347206400000,,,,,0,0.0,0.0,0,,1
20120911,1347292800000,,,,,0,0.0,0.0,0,,1
20120912,1347379200000,,,,,0,0.0,0.0,0,,1
20120913,1347465600000,,,,,0,0.0,0.0,0,,1
20120914,1347552000000,,,,,0,0.0,0.0,0,,1
20120917,1347811200000,,,,,0,0.0,0.0,0,,1
20120918,1347897600000,,,,,0,0.0,0.0,0,,1
20120919,1347984000000,,,,,0,0.0,0.0,0,,1
20120920,1348070400000,,,,,0,0.0,0.0,0,,1
20120921,1348156800000,,,,,0,0.0,0.0,0,,1
20120924,1348416000000,,,,,0,0.0,0.0,0,,1
20120925,1348502400000,,,,,0,0.0,0.0,0,,1
20120926,1348588800000,,,,,0,0.0,0.0,0,,1
20120927,1348675200000,,,,,0,0.0,0.0,0,,1
20120928,1348761600000,,,,,0,0.0,0.0,0,,1
20121008,1349625600000,,,,,0,0.0,0.0,0,,1
20121009,1349712000000,,,,,0,0.0,0.0,0,,1
20121010,1349798400000,,,,,0,0.0,0.0,0,,1
20121011,1349884800000,,,,,0,0.0,0.0,0,,1
20121012,1349971200000,,,,,0,0.0,0.0,0,,1
20121015,1350230400000,,,,,0,0.0,0.0,0,,1
20121016,1350316800000,,,,,0,0.0,0.0,0,,1
20121017,1350403200000,,,,,0,0.0,0.0,0,,1
20121018,1350489600000,,,,,0,0.0,0.0,0,,1
20121019,1350576000000,,,,,0,0.0,0.0,0,,1
20121022,1350835200000,,,,,0,0.0,0.0,0,,1
20121023,1350921600000,,,,,0,0.0,0.0,0,,1
20121024,1351008000000,,,,,0,0.0,0.0,0,,1
20121025,1351094400000,,,,,0,0.0,0.0,0,,1
20121026,1351180800000,,,,,0,0.0,0.0,0,,1
20121029,1351440000000,,,,,0,0.0,0.0,0,,1
20121030,1351526400000,,,,,0,0.0,0.0,0,,1
20121031,1351612800000,,,,,0,0.0,0.0,0,,1
20121101,1351699200000,,,,,0,0.0,0.0,0,,1
20121102,1351785600000,,,,,0,0.0,0.0,0,,1
20121105,1352044800000,,,,,0,0.0,0.0,0,,1
20121106,1352131200000,,,,,0,0.0,0.0,0,,1
20121107,1352217600000,,,,,0,0.0,0.0,0,,1
20121108,1352304000000,,,,,0,0.0,0.0,0,,1
20121109,1352390400000,,,,,0,0.0,0.0,0,,1
20121112,1352649600000,,,,,0,0.0,0.0,0,,1
20121113,1352736000000,,,,,0,0.0,0.0,0,,1
20121114,1352822400000,,,,,0,0.0,0.0,0,,1
20121115,1352908800000,,,,,0,0.0,0.0,0,,1
20121116,1352995200000,,,,,0,0.0,0.0,0,,1
20121119,1353254400000,,,,,0,0.0,0.0,0,,1
20121120,1353340800000,,,,,0,0.0,0.0,0,,1
20121121,1353427200000,,,,,0,0.0,0.0,0,,1
20121122,1353513600000,,,,,0,0.0,0.0,0,,1
20121123,1353600000000,,,,,0,0.0,0.0,0,,1
20121126,1353859200000,,,,,0,0.0,0.0,0,,1
20121127,1353945600000,,,,,0,0.0,0.0,0,,1
20121128,1354032000000,,,,,0,0.0,0.0,0,,1
20121129,1354118400000,,,,,0,0.0,0.0,0,,1
20121130,1354204800000,,,,,0,0.0,0.0,0,,1
20121203,1354464000000,,,,,0,0.0,0.0,0,,1
20121204,1354550400000,,,,,0,0.0,0.0,0,,1
20121205,1354636800000,,,,,0,0.0,0.0,0,,1
20121206,1354723200000,,,,,0,0.0,0.0,0,,1
20121207,1354809600000,,,,,0,0.0,0.0,0,,1
20121210,1355068800000,,,,,0,0.0,0.0,0,,1
20121211,1355155200000,,,,,0,0.0,0.0,0,,1
20121212,1355241600000,,,,,0,0.0,0.0,0,,1
20121213,1355328000000,,,,,0,0.0,0.0,0,,1
20121214,1355414400000,,,,,0,0.0,0.0,0,,1
20121217,1355673600000,,,,,0,0.0,0.0,0,,1
20121218,1355760000000,,,,,0,0.0,0.0,0,,1
20121219,1355846400000,,,,,0,0.0,0.0,0,,1
20121220,1355932800000,,,,,0,0.0,0.0,0,,1
20121221,1356019200000,,,,,0,0.0,0.0,0,,1
20121224,1356278400000,,,,,0,0.0,0.0,0,,1
20121225,1356364800000,,,,,0,0.0,0.0,0,,1
20121226,1356451200000,,,,,0,0.0,0.0,0,,1
20121227,1356537600000,,,,,0,0.0,0.0,0,,1
20121228,1356624000000,,,,,0,0.0,0.0,0,,1
20121231,1356883200000,,,,,0,0.0,0.0,0,,1
20130104,1357228800000,,,,,0,0.0,0.0,0,,1
20130107,1357488000000,,,,,0,0.0,0.0,0,,1
20130108,1357574400000,,,,,0,0.0,0.0,0,,1
20130109,1357660800000,,,,,0,0.0,0.0,0,,1
20130110,1357747200000,,,,,0,0.0,0.0,0,,1
20130111,1357833600000,,,,,0,0.0,0.0,0,,1
20130114,1358092800000,,,,,0,0.0,0.0,0,,1
20130115,1358179200000,,,,,0,0.0,0.0,0,,1
20130116,1358265600000,,,,,0,0.0,0.0,0,,1
20130117,1358352000000,,,,,0,0.0,0.0,0,,1
20130118,1358438400000,,,,,0,0.0,0.0,0,,1
20130121,1358697600000,,,,,0,0.0,0.0,0,,1
20130122,1358784000000,,,,,0,0.0,0.0,0,,1
20130123,1358870400000,,,,,0,0.0,0.0,0,,1
20130124,1358956800000,,,,,0,0.0,0.0,0,,1
20130125,1359043200000,,,,,0,0.0,0.0,0,,1
20130128,1359302400000,,,,,0,0.0,0.0,0,,1
20130129,1359388800000,,,,,0,0.0,0.0,0,,1
20130130,1359475200000,,,,,0,0.0,0.0,0,,1
20130131,1359561600000,,,,,0,0.0,0.0,0,,1
20130201,1359648000000,,,,,0,0.0,0.0,0,,1
20130204,1359907200000,,,,,0,0.0,0.0,0,,1
20130205,1359993600000,,,,,0,0.0,0.0,0,,1
20130206,1360080000000,,,,,0,0.0,0.0,0,,1
20130207,1360166400000,,,,,0,0.0,0.0,0,,1
20130208,1360252800000,,,,,0,0.0,0.0,0,,1
20130218,1361116800000,,,,,0,0.0,0.0,0,,1
20130219,1361203200000,,,,,0,0.0,0.0,0,,1
20130220,1361289600000,,,,,0,0.0,0.0,0,,1
20130221,1361376000000,,,,,0,0.0,0.0,0,,1
20130222,1361462400000,,,,,0,0.0,0.0,0,,1
20130225,1361721600000,,,,,0,0.0,0.0,0,,1
20130226,1361808000000,,,,,0,0.0,0.0,0,,1
20130227,1361894400000,,,,,0,0.0,0.0,0,,1
20130228,1361980800000,,,,,0,0.0,0.0,0,,1
20130301,1362067200000,,,,,0,0.0,0.0,0,,1
20130304,1362326400000,,,,,0,0.0,0.0,0,,1
20130305,1362412800000,,,,,0,0.0,0.0,0,,1
20130306,1362499200000,,,,,0,0.0,0.0,0,,1
20130307,1362585600000,,,,,0,0.0,0.0,0,,1
20130308,1362672000000,,,,,0,0.0,0.0,0,,1
20130311,1362931200000,,,,,0,0.0,0.0,0,,1
20130312,1363017600000,,,,,0,0.0,0.0,0,,1
20130313,1363104000000,,,,,0,0.0,0.0,0,,1
20130314,1363190400000,,,,,0,0.0,0.0,0,,1
20130315,1363276800000,,,,,0,0.0,0.0,0,,1
20130318,1363536000000,,,,,0,0.0,0.0,0,,1
20130319,1363622400000,,,,,0,0.0,0.0,0,,1
20130320,1363708800000,,,,,0,0.0,0.0,0,,1
20130321,1363795200000,,,,,0,0.0,0.0,0,,1
20130322,1363881600000,,,,,0,0.0,0.0,0,,1
20130325,1364140800000,,,,,0,0.0,0.0,0,,1
20130326,1364227200000,,,,,0,0.0,0.0,0,,1
20130327,1364313600000,,,,,0,0.0,0.0,0,,1
20130328,1364400000000,,,,,0,0.0,0.0,0,,1
20130329,1364486400000,,,,,0,0.0,0.0,0,,1
20130401,1364745600000,,,,,0,0.0,0.0,0,,1
20130402,1364832000000,,,,,0,0.0,0.0,0,,1
20130403,1364918400000,,,,,0,0.0,0.0,0,,1
20130408,1365350400000,,,,,0,0.0,0.0,0,,1
20130409,1365436800000,,,,,0,0.0,0.0,0,,1
20130410,1365523200000,,,,,0,0.0,0.0,0,,1
20130411,1365609600000,,,,,0,0.0,0.0,0,,1
20130412,1365696000000,,,,,0,0.0,0.0,0,,1
20130415,1365955200000,,,,,0,0.0,0.0,0,,1
20130416,1366041600000,,,,,0,0.0,0.0,0,,1
20130417,1366128000000,,,,,0,0.0,0.0,0,,1
20130418,1366214400000,,,,,0,0.0,0.0,0,,1
20130419,1366300800000,,,,,0,0.0,0.0,0,,1
20130422,1366560000000,,,,,0,0.0,0.0,0,,1
20130423,1366646400000,,,,,0,0.0,0.0,0,,1
20130424,1366732800000,,,,,0,0.0,0.0,0,,1
20130425,1366819200000,,,,,0,0.0,0.0,0,,1
20130426,1366905600000,,,,,0,0.0,0.0,0,,1
20130502,1367424000000,,,,,0,0.0,0.0,0,,1
20130503,1367510400000,,,,,0,0.0,0.0,0,,1
20130506,1367769600000,,,,,0,0.0,0.0,0,,1
20130507,1367856000000,,,,,0,0.0,0.0,0,,1
20130508,1367942400000,,,,,0,0.0,0.0,0,,1
20130509,1368028800000,,,,,0,0.0,0.0,0,,1
20130510,1368115200000,,,,,0,0.0,0.0,0,,1
20130513,1368374400000,,,,,0,0.0,0.0,0,,1
20130514,1368460800000,,,,,0,0.0,0.0,0,,1
20130515,1368547200000,,,,,0,0.0,0.0,0,,1
20130516,1368633600000,,,,,0,0.0,0.0,0,,1
20130517,1368720000000,,,,,0,0.0,0.0,0,,1
20130520,1368979200000,,,,,0,0.0,0.0,0,,1
20130521,1369065600000,,,,,0,0.0,0.0,0,,1
20130522,1369152000000,,,,,0,0.0,0.0,0,,1
20130523,1369238400000,,,,,0,0.0,0.0,0,,1
20130524,1369324800000,,,,,0,0.0,0.0,0,,1
20130527,1369584000000,,,,,0,0.0,0.0,0,,1
20130528,1369670400000,,,,,0,0.0,0.0,0,,1
20130529,1369756800000,,,,,0,0.0,0.0,0,,1
20130530,1369843200000,,,,,0,0.0,0.0,0,,1
20130531,1369929600000,,,,,0,0.0,0.0,0,,1
20130603,1370188800000,,,,,0,0.0,0.0,0,,1
20130604,1370275200000,,,,,0,0.0,0.0,0,,1
20130605,1370361600000,,,,,0,0.0,0.0,0,,1
20130606,1370448000000,,,,,0,0.0,0.0,0,,1
20130607,1370534400000,,,,,0,0.0,0.0,0,,1
20130613,1371052800000,,,,,0,0.0,0.0,0,,1
20130614,1371139200000,,,,,0,0.0,0.0,0,,1
20130617,1371398400000,,,,,0,0.0,0.0,0,,1
20130618,1371484800000,,,,,0,0.0,0.0,0,,1
20130619,1371571200000,,,,,0,0.0,0.0,0,,1
20130620,1371657600000,,,,,0,0.0,0.0,0,,1
20130621,1371744000000,,,,,0,0.0,0.0,0,,1
20130624,1372003200000,,,,,0,0.0,0.0,0,,1
20130625,1372089600000,,,,,0,0.0,0.0,0,,1
20130626,1372176000000,,,,,0,0.0,0.0,0,,1
20130627,1372262400000,,,,,0,0.0,0.0,0,,1
20130628,1372348800000,,,,,0,0.0,0.0,0,,1
20130701,1372608000000,,,,,0,0.0,0.0,0,,1
20130702,1372694400000,,,,,0,0.0,0.0,0,,1
20130703,1372780800000,,,,,0,0.0,0.0,0,,1
20130704,1372867200000,,,,,0,0.0,0.0,0,,1
20130705,1372953600000,,,,,0,0.0,0.0,0,,1
20130708,1373212800000,,,,,0,0.0,0.0,0,,1
20130709,1373299200000,,,,,0,0.0,0.0,0,,1
20130710,1373385600000,,,,,0,0.0,0.0,0,,1
20130711,1373472000000,,,,,0,0.0,0.0,0,,1
20130712,1373558400000,,,,,0,0.0,0.0,0,,1
20130715,1373817600000,,,,,0,0.0,0.0,0,,1
20130716,1373904000000,,,,,0,0.0,0.0,0,,1
20130717,1373990400000,,,,,0,0.0,0.0,0,,1
20130718,1374076800000,,,,,0,0.0,0.0,0,,1
20130719,1374163200000,,,,,0,0.0,0.0,0,,1
20130722,1374422400000,,,,,0,0.0,0.0,0,,1
20130723,1374508800000,,,,,0,0.0,0.0,0,,1
20130724,1374595200000,,,,,0,0.0,0.0,0,,1
20130725,1374681600000,,,,,0,0.0,0.0,0,,1
20130726,1374768000000,,,,,0,0.0,0.0,0,,1
20130729,1375027200000,,,,,0,0.0,0.0,0,,1
20130730,1375113600000,,,,,0,0.0,0.0,0,,1
20130731,1375200000000,,,,,0,0.0,0.0,0,,1
20130801,1375286400000,,,,,0,0.0,0.0,0,,1
20130802,1375372800000,,,,,0,0.0,0.0,0,,1
20130805,1375632000000,,,,,0,0.0,0.0,0,,1
20130806,1375718400000,,,,,0,0.0,0.0,0,,1
20130807,1375804800000,,,,,0,0.0,0.0,0,,1
20130808,1375891200000,,,,,0,0.0,0.0,0,,1
20130809,1375977600000,,,,,0,0.0,0.0,0,,1
20130812,1376236800000,,,,,0,0.0,0.0,0,,1
20130813,1376323200000,,,,,0,0.0,0.0,0,,1
20130814,1376409600000,,,,,0,0.0,0.0,0,,1
20130815,1376496000000,,,,,0,0.0,0.0,0,,1
20130816,1376582400000,,,,,0,0.0,0.0,0,,1
20130819,1376841600000,,,,,0,0.0,0.0,0,,1
20130820,1376928000000,,,,,0,0.0,0.0,0,,1
20130821,1377014400000,,,,,0,0.0,0.0,0,,1
20130822,1377100800000,,,,,0,0.0,0.0,0,,1
20130823,1377187200000,,,,,0,0.0,0.0,0,,1
20130826,1377446400000,,,,,0,0.0,0.0,0,,1
20130827,1377532800000,,,,,0,0.0,0.0,0,,1
20130828,1377619200000,,,,,0,0.0,0.0,0,,1
20130829,1377705600000,,,,,0,0.0,0.0,0,,1
20130830,1377792000000,,,,,0,0.0,0.0,0,,1
20130902,1378051200000,,,,,0,0.0,0.0,0,,1
20130903,1378137600000,,,,,0,0.0,0.0,0,,1
20130904,1378224000000,,,,,0,0.0,0.0,0,,1
20130905,1378310400000,,,,,0,0.0,0.0,0,,1
20130906,1378396800000,,,,,0,0.0,0.0,0,,1
20130909,1378656000000,,,,,0,0.0,0.0,0,,1
20130910,1378742400000,,,,,0,0.0,0.0,0,,1
20130911,1378828800000,,,,,0,0.0,0.0,0,,1
20130912,1378915200000,,,,,0,0.0,0.0,0,,1
20130913,1379001600000,,,,,0,0.0,0.0,0,,1
20130916,1379260800000,,,,,0,0.0,0.0,0,,1
20130917,1379347200000,,,,,0,0.0,0.0,0,,1
20130918,1379433600000,,,,,0,0.0,0.0,0,,1
20130923,1379865600000,,,,,0,0.0,0.0,0,,1
20130924,1379952000000,,,,,0,0.0,0.0,0,,1
20130925,1380038400000,,,,,0,0.0,0.0,0,,1
20130926,1380124800000,,,,,0,0.0,0.0,0,,1
20130927,1380211200000,,,,,0,0.0,0.0,0,,1
20130930,1380470400000,,,,,0,0.0,0.0,0,,1
20131008,1381161600000,,,,,0,0.0,0.0,0,,1
20131009,1381248000000,,,,,0,0.0,0.0,0,,1
20131010,1381334400000,,,,,0,0.0,0.0,0,,1
20131011,1381420800000,,,,,0,0.0,0.0,0,,1
20131014,1381680000000,,,,,0,0.0,0.0,0,,1
20131015,1381766400000,,,,,0,0.0,0.0,0,,1
20131016,1381852800000,,,,,0,0.0,0.0,0,,1
20131017,1381939200000,,,,,0,0.0,0.0,0,,1
20131018,1382025600000,,,,,0,0.0,0.0,0,,1
20131021,1382284800000,,,,,0,0.0,0.0,0,,1
20131022,1382371200000,,,,,0,0.0,0.0,0,,1
20131023,1382457600000,,,,,0,0.0,0.0,0,,1
20131024,1382544000000,,,,,0,0.0,0.0,0,,1
20131025,1382630400000,,,,,0,0.0,0.0,0,,1
20131028,1382889600000,,,,,0,0.0,0.0,0,,1
20131029,1382976000000,,,,,0,0.0,0.0,0,,1
20131030,1383062400000,,,,,0,0.0,0.0,0,,1
20131031,1383148800000,,,,,0,0.0,0.0,0,,1
20131101,1383235200000,,,,,0,0.0,0.0,0,,1
20131104,1383494400000,,,,,0,0.0,0.0,0,,1
20131105,1383580800000,,,,,0,0.0,0.0,0,,1
20131106,1383667200000,,,,,0,0.0,0.0,0,,1
20131107,1383753600000,,,,,0,0.0,0.0,0,,1
20131108,1383840000000,,,,,0,0.0,0.0,0,,1
20131111,1384099200000,,,,,0,0.0,0.0,0,,1
20131112,1384185600000,,,,,0,0.0,0.0,0,,1
20131113,1384272000000,,,,,0,0.0,0.0,0,,1
20131114,1384358400000,,,,,0,0.0,0.0,0,,1
20131115,1384444800000,,,,,0,0.0,0.0,0,,1
20131118,1384704000000,,,,,0,0.0,0.0,0,,1
20131119,1384790400000,,,,,0,0.0,0.0,0,,1
20131120,1384876800000,,,,,0,0.0,0.0,0,,1
20131121,1384963200000,,,,,0,0.0,0.0,0,,1
20131122,1385049600000,,,,,0,0.0,0.0,0,,1
20131125,1385308800000,,,,,0,0.0,0.0,0,,1
20131126,1385395200000,,,,,0,0.0,0.0,0,,1
20131127,1385481600000,,,,,0,0.0,0.0,0,,1
20131128,1385568000000,,,,,0,0.0,0.0,0,,1
20131129,1385654400000,,,,,0,0.0,0.0,0,,1
20131202,1385913600000,,,,,0,0.0,0.0,0,,1
20131203,1386000000000,,,,,0,0.0,0.0,0,,1
20131204,1386086400000,,,,,0,0.0,0.0,0,,1
20131205,1386172800000,,,,,0,0.0,0.0,0,,1
20131206,1386259200000,,,,,0,0.0,0.0,0,,1
20131209,1386518400000,,,,,0,0.0,0.0,0,,1
20131210,1386604800000,,,,,0,0.0,0.0,0,,1
20131211,1386691200000,,,,,0,0.0,0.0,0,,1
20131212,1386777600000,,,,,0,0.0,0.0,0,,1
20131213,1386864000000,,,,,0,0.0,0.0,0,,1
20131216,1387123200000,,,,,0,0.0,0.0,0,,1
20131217,1387209600000,,,,,0,0.0,0.0,0,,1
20131218,1387296000000,,,,,0,0.0,0.0,0,,1
20131219,1387382400000,,,,,0,0.0,0.0,0,,1
20131220,1387468800000,,,,,0,0.0,0.0,0,,1
20131223,1387728000000,,,,,0,0.0,0.0,0,,1
20131224,1387814400000,,,,,0,0.0,0.0,0,,1
20131225,1387900800000,,,,,0,0.0,0.0,0,,1
20131226,1387987200000,,,,,0,0.0,0.0,0,,1
20131227,1388073600000,,,,,0,0.0,0.0,0,,1
20131230,1388332800000,,,,,0,0.0,0.0,0,,1
20131231,1388419200000,,,,,0,0.0,0.0,0,,1
20140102,1388592000000,,,,,0,0.0,0.0,0,,1
20140103,1388678400000,,,,,0,0.0,0.0,0,,1
20140106,1388937600000,,,,,0,0.0,0.0,0,,1
20140107,1389024000000,,,,,0,0.0,0.0,0,,1
20140108,1389110400000,,,,,0,0.0,0.0,0,,1
20140109,1389196800000,,,,,0,0.0,0.0,0,,1
20140110,1389283200000,,,,,0,0.0,0.0,0,,1
20140113,1389542400000,,,,,0,0.0,0.0,0,,1
20140114,1389628800000,,,,,0,0.0,0.0,0,,1
20140115,1389715200000,,,,,0,0.0,0.0,0,,1
20140116,1389801600000,,,,,0,0.0,0.0,0,,1
20140117,1389888000000,,,,,0,0.0,0.0,0,,1
20140120,1390147200000,,,,,0,0.0,0.0,0,,1
20140121,1390233600000,,,,,0,0.0,0.0,0,,1
20140122,1390320000000,,,,,0,0.0,0.0,0,,1
20140123,1390406400000,,,,,0,0.0,0.0,0,,1
20140124,1390492800000,,,,,0,0.0,0.0,0,,1
20140127,1390752000000,,,,,0,0.0,0.0,0,,1
20140128,1390838400000,,,,,0,0.0,0.0,0,,1
20140129,1390924800000,,,,,0,0.0,0.0,0,,1
20140130,1391011200000,,,,,0,0.0,0.0,0,,1
20140207,1391702400000,,,,,0,0.0,0.0,0,,1
20140210,1391961600000,,,,,0,0.0,0.0,0,,1
20140211,1392048000000,,,,,0,0.0,0.0,0,,1
20140212,1392134400000,,,,,0,0.0,0.0,0,,1
20140213,1392220800000,,,,,0,0.0,0.0,0,,1
20140214,1392307200000,,,,,0,0.0,0.0,0,,1
20140217,1392566400000,,,,,0,0.0,0.0,0,,1
20140218,1392652800000,,,,,0,0.0,0.0,0,,1
20140219,1392739200000,,,,,0,0.0,0.0,0,,1
20140220,1392825600000,,,,,0,0.0,0.0,0,,1
20140221,1392912000000,,,,,0,0.0,0.0,0,,1
20140224,1393171200000,,,,,0,0.0,0.0,0,,1
20140225,1393257600000,,,,,0,0.0,0.0,0,,1
20140226,1393344000000,,,,,0,0.0,0.0,0,,1
20140227,1393430400000,,,,,0,0.0,0.0,0,,1
20140228,1393516800000,,,,,0,0.0,0.0,0,,1
20140303,1393776000000,,,,,0,0.0,0.0,0,,1
20140304,1393862400000,,,,,0,0.0,0.0,0,,1
20140305,1393948800000,,,,,0,0.0,0.0,0,,1
20140306,1394035200000,,,,,0,0.0,0.0,0,,1
20140307,1394121600000,,,,,0,0.0,0.0,0,,1
20140310,1394380800000,,,,,0,0.0,0.0,0,,1
20140311,1394467200000,,,,,0,0.0,0.0,0,,1
20140312,1394553600000,,,,,0,0.0,0.0,0,,1
20140313,1394640000000,,,,,0,0.0,0.0,0,,1
20140314,1394726400000,,,,,0,0.0,0.0,0,,1
20140317,1394985600000,,,,,0,0.0,0.0,0,,1
20140318,1395072000000,,,,,0,0.0,0.0,0,,1
20140319,1395158400000,,,,,0,0.0,0.0,0,,1
20140320,1395244800000,,,,,0,0.0,0.0,0,,1
20140321,1395331200000,,,,,0,0.0,0.0,0,,1
20140324,1395590400000,,,,,0,0.0,0.0,0,,1
20140325,1395676800000,,,,,0,0.0,0.0,0,,1
20140326,1395763200000,,,,,0,0.0,0.0,0,,1
20140327,1395849600000,,,,,0,0.0,0.0,0,,1
20140328,1395936000000,,,,,0,0.0,0.0,0,,1
20140331,1396195200000,,,,,0,0.0,0.0,0,,1
20140401,1396281600000,,,,,0,0.0,0.0,0,,1
20140402,1396368000000,,,,,0,0.0,0.0,0,,1
20140403,1396454400000,,,,,0,0.0,0.0,0,,1
20140404,1396540800000,,,,,0,0.0,0.0,0,,1
20140408,1396886400000,,,,,0,0.0,0.0,0,,1
20140409,1396972800000,,,,,0,0.0,0.0,0,,1
20140410,1397059200000,,,,,0,0.0,0.0,0,,1
20140411,1397145600000,,,,,0,0.0,0.0,0,,1
20140414,1397404800000,,,,,0,0.0,0.0,0,,1
20140415,1397491200000,,,,,0,0.0,0.0,0,,1
20140416,1397577600000,,,,,0,0.0,0.0,0,,1
20140417,1397664000000,,,,,0,0.0,0.0,0,,1
20140418,1397750400000,,,,,0,0.0,0.0,0,,1
20140421,1398009600000,,,,,0,0.0,0.0,0,,1
20140422,1398096000000,,,,,0,0.0,0.0,0,,1
20140423,1398182400000,,,,,0,0.0,0.0,0,,1
20140424,1398268800000,,,,,0,0.0,0.0,0,,1
20140425,1398355200000,,,,,0,0.0,0.0,0,,1
20140428,1398614400000,,,,,0,0.0,0.0,0,,1
20140429,1398700800000,,,,,0,0.0,0.0,0,,1
20140430,1398787200000,,,,,0,0.0,0.0,0,,1
20140505,1399219200000,,,,,0,0.0,0.0,0,,1
20140506,1399305600000,,,,,0,0.0,0.0,0,,1
20140507,1399392000000,,,,,0,0.0,0.0,0,,1
20140508,1399478400000,,,,,0,0.0,0.0,0,,1
20140509,1399564800000,,,,,0,0.0,0.0,0,,1
20140512,1399824000000,,,,,0,0.0,0.0,0,,1
20140513,1399910400000,,,,,0,0.0,0.0,0,,1
20140514,1399996800000,,,,,0,0.0,0.0,0,,1
20140515,1400083200000,,,,,0,0.0,0.0,0,,1
20140516,1400169600000,,,,,0,0.0,0.0,0,,1
20140519,1400428800000,,,,,0,0.0,0.0,0,,1
20140520,1400515200000,,,,,0,0.0,0.0,0,,1
20140521,1400601600000,,,,,0,0.0,0.0,0,,1
20140522,1400688000000,,,,,0,0.0,0.0,0,,1
20140523,1400774400000,,,,,0,0.0,0.0,0,,1
20140526,1401033600000,,,,,0,0.0,0.0,0,,1
20140527,1401120000000,,,,,0,0.0,0.0,0,,1
20140528,1401206400000,,,,,0,0.0,0.0,0,,1
20140529,1401292800000,,,,,0,0.0,0.0,0,,1
20140530,1401379200000,,,,,0,0.0,0.0,0,,1
20140603,1401724800000,,,,,0,0.0,0.0,0,,1
20140604,1401811200000,,,,,0,0.0,0.0,0,,1
20140605,1401897600000,,,,,0,0.0,0.0,0,,1
20140606,1401984000000,,,,,0,0.0,0.0,0,,1
20140609,1402243200000,,,,,0,0.0,0.0,0,,1
20140610,1402329600000,,,,,0,0.0,0.0,0,,1
20140611,1402416000000,,,,,0,0.0,0.0,0,,1
20140612,1402502400000,,,,,0,0.0,0.0,0,,1
20140613,1402588800000,,,,,0,0.0,0.0,0,,1
20140616,1402848000000,,,,,0,0.0,0.0,0,,1
20140617,1402934400000,,,,,0,0.0,0.0,0,,1
20140618,1403020800000,,,,,0,0.0,0.0,0,,1
20140619,1403107200000,,,,,0,0.0,0.0,0,,1
20140620,1403193600000,,,,,0,0.0,0.0,0,,1
20140623,1403452800000,,,,,0,0.0,0.0,0,,1
20140624,1403539200000,,,,,0,0.0,0.0,0,,1
20140625,1403625600000,,,,,0,0.0,0.0,0,,1
20140626,1403712000000,,,,,0,0.0,0.0,0,,1
20140627,1403798400000,,,,,0,0.0,0.0,0,,1
20140630,1404057600000,,,,,0,0.0,0.0,0,,1
20140701,1404144000000,,,,,0,0.0,0.0,0,,1
20140702,1404230400000,,,,,0,0.0,0.0,0,,1
20140703,1404316800000,,,,,0,0.0,0.0,0,,1
20140704,1404403200000,,,,,0,0.0,0.0,0,,1
20140707,1404662400000,,,,,0,0.0,0.0,0,,1
20140708,1404748800000,,,,,0,0.0,0.0,0,,1
20140709,1404835200000,,,,,0,0.0,0.0,0,,1
20140710,1404921600000,,,,,0,0.0,0.0,0,,1
20140711,1405008000000,,,,,0,0.0,0.0,0,,1
20140714,1405267200000,,,,,0,0.0,0.0,0,,1
20140715,1405353600000,,,,,0,0.0,0.0,0,,1
20140716,1405440000000,,,,,0,0.0,0.0,0,,1
20140717,1405526400000,,,,,0,0.0,0.0,0,,1
20140718,1405612800000,,,,,0,0.0,0.0,0,,1
20140721,1405872000000,,,,,0,0.0,0.0,0,,1
20140722,1405958400000,,,,,0,0.0,0.0,0,,1
20140723,1406044800000,,,,,0,0.0,0.0,0,,1
20140724,1406131200000,,,,,0,0.0,0.0,0,,1
20140725,1406217600000,,,,,0,0.0,0.0,0,,1
20140728,1406476800000,,,,,0,0.0,0.0,0,,1
20140729,1406563200000,,,,,0,0.0,0.0,0,,1
20140730,1406649600000,,,,,0,0.0,0.0,0,,1
20140731,1406736000000,,,,,0,0.0,0.0,0,,1
20140801,1406822400000,,,,,0,0.0,0.0,0,,1
20140804,1407081600000,,,,,0,0.0,0.0,0,,1
20140805,1407168000000,,,,,0,0.0,0.0,0,,1
20140806,1407254400000,,,,,0,0.0,0.0,0,,1
20140807,1407340800000,,,,,0,0.0,0.0,0,,1
20140808,1407427200000,,,,,0,0.0,0.0,0,,1
20140811,1407686400000,,,,,0,0.0,0.0,0,,1
20140812,1407772800000,,,,,0,0.0,0.0,0,,1
20140813,1407859200000,,,,,0,0.0,0.0,0,,1
20140814,1407945600000,,,,,0,0.0,0.0,0,,1
20140815,1408032000000,,,,,0,0.0,0.0,0,,1
20140818,1408291200000,,,,,0,0.0,0.0,0,,1
20140819,1408377600000,,,,,0,0.0,0.0,0,,1
20140820,1408464000000,,,,,0,0.0,0.0,0,,1
20140821,1408550400000,,,,,0,0.0,0.0,0,,1
20140822,1408636800000,,,,,0,0.0,0.0,0,,1
20140825,1408896000000,,,,,0,0.0,0.0,0,,1
20140826,1408982400000,,,,,0,0.0,0.0,0,,1
20140827,1409068800000,,,,,0,0.0,0.0,0,,1
20140828,1409155200000,,,,,0,0.0,0.0,0,,1
20140829,1409241600000,,,,,0,0.0,0.0,0,,1
20140901,1409500800000,,,,,0,0.0,0.0,0,,1
20140902,1409587200000,,,,,0,0.0,0.0,0,,1
20140903,1409673600000,,,,,0,0.0,0.0,0,,1
20140904,1409760000000,,,,,0,0.0,0.0,0,,1
20140905,1409846400000,,,,,0,0.0,0.0,0,,1
20140909,1410192000000,,,,,0,0.0,0.0,0,,1
20140910,1410278400000,,,,,0,0.0,0.0,0,,1
20140911,1410364800000,,,,,0,0.0,0.0,0,,1
20140912,1410451200000,,,,,0,0.0,0.0,0,,1
20140915,1410710400000,,,,,0,0.0,0.0,0,,1
20140916,1410796800000,,,,,0,0.0,0.0,0,,1
20140917,1410883200000,,,,,0,0.0,0.0,0,,1
20140918,1410969600000,,,,,0,0.0,0.0,0,,1
20140919,1411056000000,,,,,0,0.0,0.0,0,,1
20140922,1411315200000,,,,,0,0.0,0.0,0,,1
20140923,1411401600000,,,,,0,0.0,0.0,0,,1
20140924,1411488000000,,,,,0,0.0,0.0,0,,1
20140925,1411574400000,,,,,0,0.0,0.0,0,,1
20140926,1411660800000,,,,,0,0.0,0.0,0,,1
20140929,1411920000000,,,,,0,0.0,0.0,0,,1
20140930,1412006400000,,,,,0,0.0,0.0,0,,1
20141008,1412697600000,,,,,0,0.0,0.0,0,,1
20141009,1412784000000,,,,,0,0.0,0.0,0,,1
20141010,1412870400000,,,,,0,0.0,0.0,0,,1
20141013,1413129600000,,,,,0,0.0,0.0,0,,1
20141014,1413216000000,,,,,0,0.0,0.0,0,,1
20141015,1413302400000,,,,,0,0.0,0.0,0,,1
20141016,1413388800000,,,,,0,0.0,0.0,0,,1
20141017,1413475200000,,,,,0,0.0,0.0,0,,1
20141020,1413734400000,,,,,0,0.0,0.0,0,,1
20141021,1413820800000,,,,,0,0.0,0.0,0,,1
20141022,1413907200000,,,,,0,0.0,0.0,0,,1
20141023,1413993600000,,,,,0,0.0,0.0,0,,1
20141024,1414080000000,,,,,0,0.0,0.0,0,,1
20141027,1414339200000,,,,,0,0.0,0.0,0,,1
20141028,1414425600000,,,,,0,0.0,0.0,0,,1
20141029,1414512000000,,,,,0,0.0,0.0,0,,1
20141030,1414598400000,,,,,0,0.0,0.0,0,,1
20141031,1414684800000,,,,,0,0.0,0.0,0,,1
20141103,1414944000000,,,,,0,0.0,0.0,0,,1
20141104,1415030400000,,,,,0,0.0,0.0,0,,1
20141105,1415116800000,,,,,0,0.0,0.0,0,,1
20141106,1415203200000,,,,,0,0.0,0.0,0,,1
20141107,1415289600000,,,,,0,0.0,0.0,0,,1
20141110,1415548800000,,,,,0,0.0,0.0,0,,1
20141111,1415635200000,,,,,0,0.0,0.0,0,,1
20141112,1415721600000,,,,,0,0.0,0.0,0,,1
20141113,1415808000000,,,,,0,0.0,0.0,0,,1
20141114,1415894400000,,,,,0,0.0,0.0,0,,1
20141117,1416153600000,,,,,0,0.0,0.0,0,,1
20141118,1416240000000,,,,,0,0.0,0.0,0,,1
20141119,1416326400000,,,,,0,0.0,0.0,0,,1
20141120,1416412800000,,,,,0,0.0,0.0,0,,1
20141121,1416499200000,,,,,0,0.0,0.0,0,,1
20141124,1416758400000,,,,,0,0.0,0.0,0,,1
20141125,1416844800000,,,,,0,0.0,0.0,0,,1
20141126,1416931200000,,,,,0,0.0,0.0,0,,1
20141127,1417017600000,,,,,0,0.0,0.0,0,,1
20141128,1417104000000,,,,,0,0.0,0.0,0,,1
20141201,1417363200000,,,,,0,0.0,0.0,0,,1
20141202,1417449600000,,,,,0,0.0,0.0,0,,1
20141203,1417536000000,,,,,0,0.0,0.0,0,,1
20141204,1417622400000,,,,,0,0.0,0.0,0,,1
20141205,1417708800000,,,,,0,0.0,0.0,0,,1
20141208,1417968000000,,,,,0,0.0,0.0,0,,1
20141209,1418054400000,,,,,0,0.0,0.0,0,,1
20141210,1418140800000,,,,,0,0.0,0.0,0,,1
20141211,1418227200000,,,,,0,0.0,0.0,0,,1
20141212,1418313600000,,,,,0,0.0,0.0,0,,1
20141215,1418572800000,,,,,0,0.0,0.0,0,,1
20141216,1418659200000,,,,,0,0.0,0.0,0,,1
20141217,1418745600000,,,,,0,0.0,0.0,0,,1
20141218,1418832000000,,,,,0,0.0,0.0,0,,1
20141219,1418918400000,,,,,0,0.0,0.0,0,,1
20141222,1419177600000,,,,,0,0.0,0.0,0,,1
20141223,1419264000000,,,,,0,0.0,0.0,0,,1
20141224,1419350400000,,,,,0,0.0,0.0,0,,1
20141225,1419436800000,,,,,0,0.0,0.0,0,,1
20141226,1419523200000,,,,,0,0.0,0.0,0,,1
20141229,1419782400000,,,,,0,0.0,0.0,0,,1
20141230,1419868800000,,,,,0,0.0,0.0,0,,1
20141231,1419955200000,,,,,0,0.0,0.0,0,,1
20150105,1420387200000,,,,,0,0.0,0.0,0,,1
20150106,1420473600000,,,,,0,0.0,0.0,0,,1
20150107,1420560000000,,,,,0,0.0,0.0,0,,1
20150108,1420646400000,,,,,0,0.0,0.0,0,,1
20150109,1420732800000,,,,,0,0.0,0.0,0,,1
20150112,1420992000000,,,,,0,0.0,0.0,0,,1
20150113,1421078400000,,,,,0,0.0,0.0,0,,1
20150114,1421164800000,,,,,0,0.0,0.0,0,,1
20150115,1421251200000,,,,,0,0.0,0.0,0,,1
20150116,1421337600000,,,,,0,0.0,0.0,0,,1
20150119,1421596800000,,,,,0,0.0,0.0,0,,1
20150120,1421683200000,,,,,0,0.0,0.0,0,,1
20150121,1421769600000,,,,,0,0.0,0.0,0,,1
20150122,1421856000000,,,,,0,0.0,0.0,0,,1
20150123,1421942400000,,,,,0,0.0,0.0,0,,1
20150126,1422201600000,,,,,0,0.0,0.0,0,,1
20150127,1422288000000,,,,,0,0.0,0.0,0,,1
20150128,1422374400000,,,,,0,0.0,0.0,0,,1
20150129,1422460800000,,,,,0,0.0,0.0,0,,1
20150130,1422547200000,,,,,0,0.0,0.0,0,,1
20150202,1422806400000,,,,,0,0.0,0.0,0,,1
20150203,1422892800000,,,,,0,0.0,0.0,0,,1
20150204,1422979200000,,,,,0,0.0,0.0,0,,1
20150205,1423065600000,,,,,0,0.0,0.0,0,,1
20150206,1423152000000,,,,,0,0.0,0.0,0,,1
20150209,1423411200000,,,,,0,0.0,0.0,0,,1
20150210,1423497600000,,,,,0,0.0,0.0,0,,1
20150211,1423584000000,,,,,0,0.0,0.0,0,,1
20150212,1423670400000,,,,,0,0.0,0.0,0,,1
20150213,1423756800000,,,,,0,0.0,0.0,0,,1
20150216,1424016000000,,,,,0,0.0,0.0,0,,1
20150217,1424102400000,,,,,0,0.0,0.0,0,,1
20150225,1424793600000,,,,,0,0.0,0.0,0,,1
20150226,1424880000000,,,,,0,0.0,0.0,0,,1
20150227,1424966400000,,,,,0,0.0,0.0,0,,1
20150302,1425225600000,,,,,0,0.0,0.0,0,,1
20150303,1425312000000,,,,,0,0.0,0.0,0,,1
20150304,1425398400000,,,,,0,0.0,0.0,0,,1
20150305,1425484800000,,,,,0,0.0,0.0,0,,1
20150306,1425571200000,,,,,0,0.0,0.0,0,,1
20150309,1425830400000,,,,,0,0.0,0.0,0,,1
20150310,1425916800000,,,,,0,0.0,0.0,0,,1
20150311,1426003200000,,,,,0,0.0,0.0,0,,1
20150312,1426089600000,,,,,0,0.0,0.0,0,,1
20150313,1426176000000,,,,,0,0.0,0.0,0,,1
20150316,1426435200000,,,,,0,0.0,0.0,0,,1
20150317,1426521600000,,,,,0,0.0,0.0,0,,1
20150318,1426608000000,,,,,0,0.0,0.0,0,,1
20150319,1426694400000,,,,,0,0.0,0.0,0,,1
20150320,1426780800000,,,,,0,0.0,0.0,0,,1
20150323,1427040000000,,,,,0,0.0,0.0,0,,1
20150324,1427126400000,,,,,0,0.0,0.0,0,,1
20150325,1427212800000,,,,,0,0.0,0.0,0,,1
20150326,1427299200000,,,,,0,0.0,0.0,0,,1
20150327,1427385600000,,,,,0,0.0,0.0,0,,1
20150330,1427644800000,,,,,0,0.0,0.0,0,,1
20150331,1427731200000,,,,,0,0.0,0.0,0,,1
20150401,1427817600000,,,,,0,0.0,0.0,0,,1
20150402,1427904000000,,,,,0,0.0,0.0,0,,1
20150403,1427990400000,,,,,0,0.0,0.0,0,,1
20150407,1428336000000,,,,,0,0.0,0.0,0,,1
20150408,1428422400000,,,,,0,0.0,0.0,0,,1
20150409,1428508800000,,,,,0,0.0,0.0,0,,1
20150410,1428595200000,,,,,0,0.0,0.0,0,,1
20150413,1428854400000,,,,,0,0.0,0.0,0,,1
20150414,1428940800000,,,,,0,0.0,0.0,0,,1
20150415,1429027200000,,,,,0,0.0,0.0,0,,1
20150416,1429113600000,,,,,0,0.0,0.0,0,,1
20150417,1429200000000,,,,,0,0.0,0.0,0,,1
20150420,1429459200000,,,,,0,0.0,0.0,0,,1
20150421,1429545600000,,,,,0,0.0,0.0,0,,1
20150422,1429632000000,,,,,0,0.0,0.0,0,,1
20150423,1429718400000,,,,,0,0.0,0.0,0,,1
20150424,1429804800000,,,,,0,0.0,0.0,0,,1
20150427,1430064000000,,,,,0,0.0,0.0,0,,1
20150428,1430150400000,,,,,0,0.0,0.0,0,,1
20150429,1430236800000,,,,,0,0.0,0.0,0,,1
20150430,1430323200000,,,,,0,0.0,0.0,0,,1
20150504,1430668800000,,,,,0,0.0,0.0,0,,1
20150505,1430755200000,,,,,0,0.0,0.0,0,,1
20150506,1430841600000,,,,,0,0.0,0.0,0,,1
20150507,1430928000000,,,,,0,0.0,0.0,0,,1
20150508,1431014400000,,,,,0,0.0,0.0,0,,1
20150511,1431273600000,,,,,0,0.0,0.0,0,,1
20150512,1431360000000,,,,,0,0.0,0.0,0,,1
20150513,1431446400000,,,,,0,0.0,0.0,0,,1
20150514,1431532800000,,,,,0,0.0,0.0,0,,1
20150515,1431619200000,,,,,0,0.0,0.0,0,,1
20150518,1431878400000,,,,,0,0.0,0.0,0,,1
20150519,1431964800000,,,,,0,0.0,0.0,0,,1
20150520,1432051200000,,,,,0,0.0,0.0,0,,1
20150521,1432137600000,,,,,0,0.0,0.0,0,,1
20150522,1432224000000,,,,,0,0.0,0.0,0,,1
20150525,1432483200000,,,,,0,0.0,0.0,0,,1
20150526,1432569600000,,,,,0,0.0,0.0,0,,1
20150527,1432656000000,21.650000000000002,25.980000000000004,21.650000000000002,25.980000000000004,56,142243.00000000003,0.0,0,18.040000000000003,0
20150528,1432742400000,28.580000000000002,28.580000000000002,28.580000000000002,28.580000000000002,35,100030.00000000001,0.0,0,25.98,0
20150529,1432828800000,31.44,31.44,31.44,31.44,18,56592.0,0.0,0,28.580000000000002,0
20150601,1433088000000,34.58,34.58,34.58,34.58,20,69160.0,0.0,0,31.439999999999998,0
20150602,1433174400000,38.04,38.04,38.04,38.04,45,171180.0,0.0,0,34.58,0
20150603,1433260800000,41.84,41.84,41.84,41.84,70,292880.0,0.0,0,38.040000000000006,0
20150604,1433347200000,46.02,46.02,46.02,46.02,80,368160.0,0.0,0,41.84,0
20150605,1433433600000,50.620000000000005,50.620000000000005,50.620000000000005,50.620000000000005,36,182232.0,0.0,0,46.02,0
20150608,1433692800000,55.68,55.68,55.68,55.68,63,350784.0,0.0,0,50.62,0
20150609,1433779200000,61.25,61.25,61.25,61.25,114,698250.0000000001,0.0,0,55.68,0
20150610,1433865600000,67.38,67.38,67.38,67.38,190,1280220.0,0.0,0,61.24999999999999,0
20150611,1433952000000,74.12,74.12,74.12,74.12,157,1168131.0,0.0,0,67.38000000000001,0
20150612,1434038400000,81.53,81.53,81.53,81.53,184,1500152.0,0.0,0,74.12,0
20150615,1434297600000,89.68,89.68,89.68,89.68,1490,13362320.0,0.0,0,81.53,0
20150616,1434384000000,92.01,98.65,89.68,98.65,64633,619934866.0,0.0,0,89.68,0
20150617,1434470400000,92.01,95.0,88.79,88.99000000000001,44838,402196380.0,0.0,0,98.65,0
20150618,1434556800000,88.0,95.60000000000001,83.01,90.60000000000001,59367,527905870.0,0.0,0,88.99000000000001,0
20150619,1434643200000,83.5,91.55000000000001,81.54,84.99000000000001,42323,365879912.0,0.0,0,90.60000000000001,0
20150623,1434988800000,84.30000000000001,93.49000000000001,82.60000000000001,93.49000000000001,30964,278181820.0,0.0,0,84.99000000000001,0
20150624,1435075200000,93.55,95.8,86.78,93.49,32859,299980728.0,0.0,0,93.49,0
20150625,1435161600000,89.33,92.89999999999999,86.8,87.0,17758,159137056.0,0.0,0,93.49,0
20150626,1435248000000,82.8,83.0,78.3,78.3,12228,97138616.0,0.0,0,87.0,0
20150629,1435507200000,74.5,77.5,70.47,70.47,16873,120005000.0,0.0,0,78.3,0
20150630,1435593600000,64.0,73.99000000000001,63.42,72.0,25444,172662701.0,0.0,0,70.47,0
20150701,1435680000000,69.0,74.97999999999999,64.8,64.8,18555,130732155.00000001,0.0,0,72.0,0
20150702,1435766400000,63.49,63.88,58.32,58.32,14771,89070744.0,0.0,0,64.8,0
20150703,1435852800000,57.0,57.550000000000004,52.49,53.0,22511,120242634.00000001,0.0,0,58.32,0
20150706,1436112000000,58.300000000000004,58.300000000000004,47.7,47.7,37384,195362540.00000003,0.0,0,53.0,0
20150707,1436198400000,44.0,44.12,42.93,42.93,12966,55807490.0,0.0,0,47.7,0
20150708,1436284800000,38.64,38.64,38.64,38.64,4765,18411960.0,0.0,0,42.93,0
20150709,1436371200000,34.86,42.5,34.86,42.5,35545,142191057.0,0.0,0,38.64,0
20150710,1436457600000,46.0,46.75,45.1,46.75,8908,41226567.0,0.0,0,42.5,0
20150713,1436716800000,51.43000000000001,51.43000000000001,49.800000000000004,51.43000000000001,26186,134390611.00000003,0.0,0,46.75000000000001,0
20150714,1436803200000,55.0,56.57,53.28,56.57,37548,210478280.0,0.0,0,51.43,0
20150715,1436889600000,55.800000000000004,57.550000000000004,50.910000000000004,51.190000000000005,44859,243855863.00000003,0.0,0,56.57000000000001,0
20150716,1436976000000,51.190000000000005,56.2,47.13,54.78,31121,165462897.99999997,0.0,0,51.190000000000005,0
20150717,1437062400000,55.0,60.26,54.9,59.4,22798,133107667.00000001,0.0,0,54.78,0
20150720,1437321600000,59.42,62.5,58.0,60.08,23217,139151264.00000003,0.0,0,59.4,0
20150721,1437408000000,58.25,63.5,58.01,61.989999999999995,17860,108873713.0,0.0,0,60.08,0
20150722,1437494400000,61.800000000000004,62.5,58.88,61.32,17295,105587684.00000001,0.0,0,61.99,0
20150723,1437580800000,60.8,67.45,60.68,67.45,19951,128034366.0,0.0,0,61.32,0
20150724,1437667200000,67.9,72.48,65.7,66.35000000000001,26944,186419975.0,0.0,0,67.45,0
20150727,1437926400000,65.38,68.1,59.72,59.72,22702,146782049.00000003,0.0,0,66.35,0
20150728,1438012800000,54.72,62.0,53.75,56.95,23722,133587009.0,0.0,0,59.72,0
20150729,1438099200000,58.7,62.6,55.0,62.35,19230,112358531.0,0.0,0,56.95,0
20150730,1438185600000,62.0,66.04,59.0,61.0,23632,148853833.0,0.0,0,62.35,0
20150731,1438272000000,58.11,64.5,58.11,62.18,20994,129572018.0,0.0,0,61.0,0
20150803,1438531200000,60.800000000000004,67.7,59.03,67.7,31304,199231811.0,0.0,0,62.18,0
20150804,1438617600000,66.98,69.45,62.7,68.60000000000001,32424,216686358.0,0.0,0,67.7,0
20150805,1438704000000,66.89999999999999,70.99,66.1,68.69,26354,180774424.00000003,0.0,0,68.6,0
20150806,1438790400000,66.01,67.8,63.03,63.84,20920,136188545.0,0.0,0,68.69,0
20150807,1438876800000,64.68,67.30000000000001,64.01,66.57000000000001,18421,120933222.0,0.0,0,63.84,0
20150810,1439136000000,66.57,69.88,66.0,68.51,18335,125061705.0,0.0,0,66.57,0
20150811,1439222400000,68.50999999999999,70.99,68.02,70.5,21566,150613055.0,0.0,0,68.50999999999999,0
20150812,1439308800000,69.69999999999999,71.5,67.1,67.3,17456,120578445.0,0.0,0,70.5,0
20150813,1439395200000,66.99,67.88,64.88,67.58999999999999,12657,84212544.0,0.0,0,67.3,0
20150814,1439481600000,68.0,70.3,67.05,69.5,18344,126613299.99999999,0.0,0,67.59,0
20150817,1439740800000,68.08,69.5,65.99,66.19999999999999,12328,82360641.0,0.0,0,69.5,0
20150818,1439827200000,66.0,67.27,59.58,59.58,14298,90270456.0,0.0,0,66.2,0
20150819,1439913600000,57.0,60.57,54.0,60.03,14736,84667184.00000001,0.0,0,59.58,0
20150820,1440000000000,58.800000000000004,60.0,56.7,57.010000000000005,7670,44925983.0,0.0,0,60.03,0
20150821,1440086400000,55.01,57.98,52.01,53.25,9375,52123863.0,0.0,0,57.01,0
20150824,1440345600000,50.99,51.0,47.93,47.93,11917,57733047.0,0.0,0,53.25,0
20150825,1440432000000,44.0,48.95,43.14,43.3,14856,66962026.0,0.0,0,47.93,0
20150826,1440518400000,43.9,47.629999999999995,43.29,45.339999999999996,23840,108257340.0,0.0,0,43.3,0
20150827,1440604800000,45.480000000000004,47.63,44.230000000000004,47.59,15645,72486772.0,0.0,0,45.34,0
20150828,1440691200000,48.2,51.580000000000005,46.800000000000004,51.00000000000001,27649,133931560.0,0.0,0,47.59,0
20150831,1440950400000,50.0,50.15,47.08,48.9,17575,86300106.0,0.0,0,51.0,0
20150901,1441036800000,48.5,48.78,44.9,44.97,14585,68633682.0,0.0,0,48.9,0
20150902,1441123200000,42.150000000000006,47.45,41.800000000000004,43.6,13482,60583345.0,0.0,0,44.970000000000006,0
20150907,1441555200000,44.5,46.9,44.5,45.82,11160,51240667.0,0.0,0,43.6,0
20150908,1441641600000,45.080000000000005,50.400000000000006,44.800000000000004,50.39,15322,74245517.0,0.0,0,45.82000000000001,0
20150909,1441728000000,50.2,53.99,49.78,53.93,16332,84605955.0,0.0,0,50.39,0
20150910,1441814400000,52.11,53.18,51.4,51.98,9304,48622621.0,0.0,0,53.93,0
20150911,1441900800000,51.580000000000005,52.660000000000004,51.300000000000004,51.900000000000006,10722,55593726.0,0.0,0,51.980000000000004,0
20150914,1442160000000,51.51,52.3,46.71,46.71,13758,68046626.0,0.0,0,51.9,0
20150915,1442246400000,45.66,46.48,42.5,43.21,8665,38802670.0,0.0,0,46.71,0
20150916,1442332800000,43.64000000000001,47.53,43.550000000000004,47.50000000000001,10765,48582050.00000001,0.0,0,43.21,0
20150917,1442419200000,46.81,49.21,45.79,46.69,11086,52715116.0,0.0,0,47.5,0
20150918,1442505600000,46.88,48.18,46.25,47.79,6181,29123901.000000004,0.0,0,46.69,0
20150921,1442764800000,47.39,50.95,46.0,50.47,9717,47574177.0,0.0,0,47.79,0
20150922,1442851200000,50.75,51.7,49.28,50.2,8555,43124300.0,0.0,0,50.47,0
20150923,1442937600000,49.14,50.85,48.88,50.230000000000004,7174,35890691.0,0.0,0,50.2,0
20150924,1443024000000,49.99,53.260000000000005,49.99,53.2,16922,87378342.0,0.0,0,50.230000000000004,0
20150925,1443110400000,54.81,57.0,52.6,56.7,30782,169455524.0,0.0,0,53.2,0
20150928,1443369600000,55.01,59.77,54.78,58.95,37889,219782531.0,0.0,0,56.7,0
20150929,1443456000000,57.81,57.81,54.550000000000004,54.900000000000006,15104,84471127.0,0.0,0,58.95,0
20150930,1443542400000,54.7,55.800000000000004,51.2,53.190000000000005,14427,76630273.0,0.0,0,54.900000000000006,0
20151008,1444233600000,55.47,56.37,54.5,55.08,14605,80755835.0,0.0,0,53.19,0
20151009,1444320000000,54.95,55.5,54.2,55.1,9374,51425418.0,0.0,0,55.080000000000005,0
20151012,1444579200000,55.13,58.120000000000005,55.13,57.580000000000005,25387,144687391.0,0.0,0,55.1,0
20151013,1444665600000,56.64,58.89,56.5,57.97,14516,83983349.0,0.0,0,57.58,0
20151014,1444752000000,57.56,59.0,56.95,57.290000000000006,13296,76979997.00000001,0.0,0,57.970000000000006,0
20151015,1444838400000,56.6,60.2,56.6,60.0,15955,93597820.00000001,0.0,0,57.29,0
20151016,1444924800000,60.16,60.53,58.18,59.3,15339,90689326.0,0.0,0,60.0,0
20151019,1445184000000,59.010000000000005,59.25,57.09,58.39,11682,67855713.00000001,0.0,0,59.300000000000004,0
20151020,1445270400000,58.0,59.2,57.52,59.0,10330,60590156.0,0.0,0,58.39,0
20151021,1445356800000,58.660000000000004,60.550000000000004,54.09,54.980000000000004,16295,94540275.00000001,0.0,0,59.0,0
20151022,1445443200000,55.0,57.5,55.0,57.5,14493,81805070.00000001,0.0,0,54.98,0
20151023,1445529600000,59.0,61.010000000000005,58.6,60.2,16623,99345888.99999999,0.0,0,57.5,0
20151026,1445788800000,61.00000000000001,61.470000000000006,58.800000000000004,59.81,15232,91722014.0,0.0,0,60.2,0
20151027,1445875200000,59.300000000000004,60.81,56.06,60.59,11995,70793283.0,0.0,0,59.81,0
20151028,1445961600000,60.56,63.0,59.84,60.440000000000005,15003,92238299.0,0.0,0,60.59,0
20151029,1446048000000,61.080000000000005,62.2,59.230000000000004,61.7,16979,103335299.0,0.0,0,60.440000000000005,0
20151030,1446134400000,61.02,63.35,59.5,62.55,14048,86930457.0,0.0,0,61.7,0
20151102,1446393600000,60.800000000000004,68.81,60.53,67.49,31248,209648492.00000003,0.0,0,62.550000000000004,0
20151103,1446480000000,66.33,69.98,66.33,68.5,23323,159764899.0,0.0,0,67.49,0
20151104,1446566400000,67.9,75.35000000000001,67.51,75.35000000000001,24834,174330972.0,0.0,0,68.5,0
20151105,1446652800000,73.0,74.98,72.4,73.28,20229,148780133.0,0.0,0,75.35000000000001,0
20151106,1446739200000,72.89999999999999,79.97999999999999,72.8,79.25,16042,122517926.00000001,0.0,0,73.28,0
20151109,1446998400000,78.68,83.0,75.31,80.73,19627,156576811.0,0.0,0,79.25,0
20151110,1447084800000,79.51,81.88,77.67,80.3,15421,123780642.00000001,0.0,0,80.73,0
20151111,1447171200000,79.88,88.0,78.5,86.4,20176,168939718.99999997,0.0,0,80.3,0
20151112,1447257600000,86.5,92.4,86.4,89.80000000000001,20393,182562024.00000003,0.0,0,86.4,0
20151113,1447344000000,87.88000000000001,88.55000000000001,80.82000000000001,80.82000000000001,24704,205445508.0,0.0,0,89.80000000000001,0
20151116,1447603200000,77.0,81.55,76.0,80.99,10504,83412463.0,0.0,0,80.82,0
20151117,1447689600000,81.05,83.3,77.72,79.5,11517,92982817.0,0.0,0,80.99,0
20151118,1447776000000,79.00000000000001,79.48,75.10000000000001,75.19000000000001,10512,80973754.0,0.0,0,79.50000000000001,0
20151119,1447862400000,75.5,82.71,75.0,82.71,13184,103784021.0,0.0,0,75.19,0
20151120,1447948800000,84.0,90.6,82.02,89.0,19335,165888855.0,0.0,0,82.71,0
20151123,1448208000000,87.8,94.0,85.2,93.98,22760,207251502.0,0.0,0,89.0,0
20151124,1448294400000,91.98,103.38,91.0,103.38,31879,320449442.00000006,0.0,0,93.98,0
20151125,1448380800000,104.5,113.72,100.5,108.5,35514,376278641.0,0.0,0,103.38,0
20151126,1448467200000,106.28,112.17,98.81,101.2,31050,327919681.0,0.0,0,108.5,0
20151127,1448553600000,99.66,107.00999999999999,97.77,102.3,23997,247860390.0,0.0,0,101.2,0
20151130,1448812800000,103.03,112.5,103.0,110.5,31740,344435034.0,0.0,0,102.3,0
20151201,1448899200000,109.0,110.79,101.2,102.7,23899,252559859.00000003,0.0,0,110.5,0
20151202,1448985600000,102.0,107.59,98.0,105.35,21282,219184856.99999997,0.0,0,102.7,0
20151203,1449072000000,105.33,109.0,102.0,108.99,17769,188270172.0,0.0,0,105.35,0
20151204,1449158400000,108.9,119.88000000000001,106.10000000000001,118.45,24218,276000000.0,0.0,0,108.99000000000001,0
20151207,1449417600000,115.0,119.43,112.73,116.84,19534,225733527.0,0.0,0,118.45,0
20151208,1449504000000,115.9,123.00000000000001,113.60000000000001,117.28000000000002,16342,192596890.00000003,0.0,0,116.84,0
20151209,1449590400000,115.35000000000001,117.18,107.56,110.9,13386,150161122.00000003,0.0,0,117.28,0
20151210,1449676800000,109.99000000000001,111.9,103.65,104.4,10470,111731612.0,0.0,0,110.9,0
20151211,1449763200000,104.8,105.0,100.0,101.03,10077,102833182.99999999,0.0,0,104.4,0
20151214,1450022400000,99.0,104.65,98.25,104.47,12753,130812217.0,0.0,0,101.03,0
20151215,1450108800000,103.92,104.74,100.8,101.86999999999999,14678,149718732.0,0.0,0,104.47,0
20151216,1450195200000,102.82000000000001,106.36,102.23,103.5,11309,118103905.00000001,0.0,0,101.87,0
20151217,1450281600000,103.63000000000001,108.0,103.2,107.60000000000001,19112,200850196.0,0.0,0,103.5,0
20151218,1450368000000,106.74,106.75,102.0,102.95,12022,124966069.0,0.0,0,107.6,0
20151221,1450627200000,102.88,102.88,100.25,101.94,6996,71005388.0,0.0,0,102.95,0
20151222,1450713600000,101.62,103.89,101.62,103.22,6664,68503041.0,0.0,0,101.94,0
20151223,1450800000000,103.89,105.98,102.28,103.56,10760,111940596.00000001,0.0,0,103.22,0
20151224,1450886400000,103.56,106.62,102.36,106.19,11072,116243247.0,0.0,0,103.56,0
20151225,1450972800000,107.1,108.7,103.0,103.79,11937,126946402.0,0.0,0,106.19,0
20151228,1451232000000,102.94,103.7,93.8,94.0,15125,150606437.0,0.0,0,103.78999999999999,0
20151229,1451318400000,94.0,95.52,86.0,95.51,9513,88125359.99999999,0.0,0,94.0,0
20151230,1451404800000,94.62,95.85,93.0,94.77,5849,55391993.00000001,0.0,0,95.51,0
20151231,1451491200000,94.65,97.99,88.0,89.5,11351,103874046.0,0.0,0,94.77,0
20160104,1451836800000,87.47999999999999,89.28999999999999,80.55,80.55,9660,79930370.0,0.0,0,89.5,0
20160105,1451923200000,74.83,83.4,74.01,81.93,15520,124888679.00000001,0.0,0,80.55000000000001,0
20160106,1452009600000,82.3,87.14999999999999,81.99,86.85,10715,90870372.00000001,0.0,0,81.92999999999999,0
20160107,1452096000000,84.98,84.98,78.17,78.23,2384,19424478.0,0.0,0,86.85,0
20160108,1452182400000,81.99,81.99,74.39,79.05,11680,92524805.0,0.0,0,78.23,0
20160111,1452441600000,76.24000000000001,77.99000000000001,71.15,71.15,10625,78691277.0,0.0,0,79.05000000000001,0
20160112,1452528000000,71.66000000000001,73.39,66.93,71.95,10269,72624259.0,0.0,0,71.15,0
20160113,1452614400000,72.00999999999999,72.6,66.66,66.89999999999999,8050,56587249.0,0.0,0,71.95,0
20160114,1452700800000,64.0,71.88,62.88,70.96000000000001,10371,70164642.0,0.0,0,66.9,0
20160115,1452787200000,69.69999999999999,71.08,65.85,66.16999999999999,9342,63792645.0,0.0,0,70.96,0
20160118,1453046400000,63.98,69.78,63.9,68.56,10697,72554496.0,0.0,0,66.17,0
20160119,1453132800000,68.01,72.7,67.87,72.26,13289,94209287.00000001,0.0,0,68.56,0
20160120,1453219200000,71.5,79.49,71.5,79.49,19509,148373650.0,0.0,0,72.26,0
20160121,1453305600000,77.79,81.69000000000001,76.10000000000001,76.79,17662,139226668.0,0.0,0,79.49000000000001,0
20160122,1453392000000,78.01,84.44,76.0,84.44,19870,158807402.0,0.0,0,76.79,0
20160125,1453651200000,84.46,86.5,82.88,85.17999999999999,13539,114593703.00000001,0.0,0,84.44,0
20160126,1453737600000,83.35,83.35,76.66,76.66,12314,97857859.00000001,0.0,0,85.17999999999999,0
20160127,1453824000000,73.88,76.5,68.99,72.33999999999999,15040,107323082.00000001,0.0,0,76.66,0
20160128,1453910400000,72.8,72.8,65.52,66.0,7498,52339679.0,0.0,0,72.34,0
20160129,1453996800000,66.5,72.5,66.1,71.0,8740,60981675.00000001,0.0,0,66.0,0
20160201,1454256000000,71.18,74.5,69.0,72.34,8542,61675561.0,0.0,0,71.0,0
20160202,1454342400000,72.5,78.98,72.15,77.07000000000001,9315,71223098.0,0.0,0,72.34,0
20160203,1454428800000,75.92,79.0,75.0,78.07,7054,54716676.00000001,0.0,0,77.07,0
20160204,1454515200000,78.17999999999999,80.98,77.08,78.3,7492,59183033.0,0.0,0,78.07,0
20160205,1454601600000,78.5,80.78999999999999,77.22,77.53999999999999,5925,46816447.0,0.0,0,78.3,0
20160215,1455465600000,74.0,77.43,73.2,76.10000000000001,4774,36196517.0,0.0,0,77.54,0
20160216,1455552000000,76.5,80.5,76.5,79.85,6056,47960665.0,0.0,0,76.1,0
20160217,1455638400000,80.0,80.5,77.8,80.1,7847,62169146.99999999,0.0,0,79.85,0
20160218,1455724800000,80.21000000000001,83.60000000000001,79.9,80.68,10477,85414333.99999999,0.0,0,80.10000000000001,0
20160219,1455811200000,80.45,80.94,79.0,79.88,6132,49024830.0,0.0,0,80.68,0
20160222,1456070400000,81.10000000000001,81.73,80.06,80.66,7167,57790808.0,0.0,0,79.88,0
20160223,1456156800000,81.09,81.71,77.5,78.4,8463,67060084.0,0.0,0,80.66,0
20160224,1456243200000,77.81,78.4,73.79,75.76,9750,73678000.0,0.0,0,78.4,0
20160225,1456329600000,75.72000000000001,75.72000000000001,68.18,68.22000000000001,10173,72509818.0,0.0,0,75.76,0
20160226,1456416000000,71.45,71.45,66.93,68.7,5631,38963440.0,0.0,0,68.22000000000001,0
20160229,1456675200000,68.6,68.6,61.83,61.83,9592,60603273.00000001,0.0,0,68.7,0
20160301,1456761600000,62.0,64.0,60.08,63.51,6983,43467833.0,0.0,0,61.83,0
20160302,1456848000000,62.59,66.55000000000001,62.550000000000004,66.41000000000001,7768,50184035.00000001,0.0,0,63.510000000000005,0
20160303,1456934400000,66.34,67.58,65.0,65.08,6859,45594649.0,0.0,0,66.41,0
20160304,1457020800000,64.55,65.1,60.9,61.19,7125,44484938.0,0.0,0,65.08,0
20160307,1457280000000,62.58,64.95,62.33,62.96,5447,34639732.99999999,0.0,0,61.19,0
20160308,1457366400000,62.9,63.699999999999996,60.08,63.6,5612,34718389.0,0.0,0,62.96,0
20160309,1457452800000,62.3,63.02,61.32,62.0,3988,24856835.000000004,0.0,0,63.6,0
20160310,1457539200000,62.9,63.48,61.51,61.72,4666,29221903.000000004,0.0,0,62.0,0
20160311,1457625600000,61.4,62.69,60.5,62.16,3578,22094905.0,0.0,0,61.72,0
20160314,1457884800000,62.42,67.58,62.42,66.04,8345,54791318.0,0.0,0,62.160000000000004,0
20160315,1457971200000,65.85000000000001,66.45,64.56,64.71000000000001,5500,35982955.0,0.0,0,66.04,0
20160316,1458057600000,65.16000000000001,66.45,63.050000000000004,63.6,4711,30371848.0,0.0,0,64.71000000000001,0
20160317,1458144000000,64.4,69.96000000000001,63.52,69.95,10755,71642206.0,0.0,0,63.6,0
20160318,1458230400000,71.0,72.67,68.9,71.53,13898,98438517.99999999,0.0,0,69.95,0
20160321,1458489600000,71.54,72.97,70.81,72.32000000000001,10834,78041163.00000001,0.0,0,71.53,0
20160322,1458576000000,71.5,72.18,70.87,71.71000000000001,6901,49455600.00000001,0.0,0,72.32000000000001,0
20160323,1458662400000,71.22,73.23,70.87,73.23,8331,59940583.0,0.0,0,71.71000000000001,0
20160324,1458748800000,73.0,75.0,71.31,72.5,11271,82788845.00000001,0.0,0,73.23,0
20160325,1458835200000,71.98,73.44,71.2,72.5,6732,48551672.0,0.0,0,72.5,0
20160328,1459094400000,73.77000000000001,75.50000000000001,72.10000000000001,72.9,9248,68710683.0,0.0,0,72.50000000000001,0
20160329,1459180800000,76.97,79.29,74.0,76.16,18751,143392362.0,0.0,0,72.9,0
20160330,1459267200000,76.22,82.2,75.2,81.45,18461,143706021.0,0.0,0,76.16,0
20160331,1459353600000,81.0,85.57000000000001,80.45,81.85000000000001,16882,139763651.99999997,0.0,0,81.45,0
20160401,1459440000000,81.1,81.4,79.0,80.51,11329,90698060.00000001,0.0,0,81.85,0
20160405,1459785600000,80.35000000000001,83.28,79.71000000000001,82.95,9169,75365156.0,0.0,0,80.51,0
20160406,1459872000000,82.0,85.0,81.68,84.0,9672,80554467.0,0.0,0,82.95,0
20160407,1459958400000,84.25,88.03,84.25,85.91,14714,126617109.00000001,0.0,0,84.0,0
20160408,1460044800000,83.99,84.92999999999999,81.33,83.03999999999999,11171,92660984.00000001,0.0,0,85.91,0
20160411,1460304000000,83.7,85.83,82.69,84.42,7378,62534561.0,0.0,0,83.03999999999999,0
20160412,1460390400000,83.80000000000001,85.11000000000001,78.79,79.66000000000001,10517,85226677.00000001,0.0,0,84.42,0
20160413,1460476800000,80.4,82.53,80.4,81.08000000000001,7409,60538113.00000001,0.0,0,79.66000000000001,0
20160414,1460563200000,81.63000000000001,82.76,80.7,82.42,6410,52489949.99999999,0.0,0,81.08,0
20160415,1460649600000,83.01,86.5,83.0,83.48,9238,77853040.0,0.0,0,82.42,0
20160418,1460908800000,83.69,83.7,80.5,81.2,5425,44125284.0,0.0,0,83.48,0
20160419,1460995200000,81.66,82.85,80.61,81.81,4981,40633324.0,0.0,0,81.2,0
20160420,1461081600000,81.96,82.2,74.86,76.08,9137,70883067.0,0.0,0,81.81,0
20160421,1461168000000,76.08,76.86999999999999,74.38,74.38,4665,35353791.0,0.0,0,76.08,0
20160422,1461254400000,73.2,75.78,72.32000000000001,75.14,5359,39621250.0,0.0,0,74.38000000000001,0
20160425,1461513600000,74.99,74.99,73.05,74.2,4125,30534911.0,0.0,0,75.14,0
20160426,1461600000000,73.60000000000001,76.64000000000001,73.60000000000001,76.06,4707,35683494.0,0.0,0,74.2,0
20160427,1461686400000,76.06,76.84,75.82000000000001,75.9,4272,32575268.999999996,0.0,0,76.06,0
20160428,1461772800000,76.0,76.67,74.5,76.52,4708,35668669.0,0.0,0,75.9,0
20160429,1461859200000,76.47,77.27,75.88,76.5,3912,30027926.0,0.0,0,76.52,0
20160503,1462204800000,76.0,78.88,76.0,78.88,5358,41790550.99999999,0.0,0,76.5,0
20160504,1462291200000,78.86,79.41,78.36,79.2,5311,41954791.0,0.0,0,78.88,0
20160505,1462377600000,85.0,85.0,79.2,82.10000000000001,8391,68860287.0,0.0,0,79.2,0
20160506,1462464000000,81.8,90.31,81.5,84.8,23028,199858171.0,0.0,0,82.1,0
20160509,1462723200000,84.80000000000001,84.9,76.32000000000001,76.41000000000001,14720,115379193.00000001,0.0,0,84.80000000000001,0
20160510,1462809600000,75.98,76.80000000000001,74.68,75.10000000000001,5954,45002728.0,0.0,0,76.41000000000001,0
20160511,1462896000000,75.89,76.5,74.0,74.0,5618,42325774.0,0.0,0,75.1,0
20160512,1462982400000,72.0,72.0,68.45,71.4,5595,39356391.0,0.0,0,74.0,0
20160513,1463068800000,71.4,73.66000000000001,71.4,72.53,5311,38752241.0,0.0,0,71.4,0
20160516,1463328000000,72.53,75.0,72.53,74.76,3923,29060898.000000004,0.0,0,72.53,0
20160517,1463414400000,74.35000000000001,76.25,74.31,74.8,4434,33382987.000000004,0.0,0,74.76,0
20160518,1463500800000,74.75,74.75,68.75,70.22,6664,47314371.0,0.0,0,74.8,0
20160519,1463587200000,70.88000000000001,72.66,70.2,70.48,5811,41456850.0,0.0,0,70.22,0
20160520,1463673600000,69.99000000000001,71.58000000000001,68.60000000000001,71.47000000000001,4695,33051996.0,0.0,0,70.48,0
20160523,1463932800000,71.9,74.99,71.5,74.79,6317,46127646.0,0.0,0,71.47,0
20160524,1464019200000,73.0,73.94000000000001,71.4,72.0,7093,51252565.00000001,0.0,0,74.79,0
20160525,1464105600000,72.01,73.1,71.5,72.18,4719,34190109.0,0.0,0,72.0,0
20160526,1464192000000,71.8,72.29,69.2,71.85000000000001,6162,43503994.00000001,0.0,0,72.18,0
20160527,1464278400000,71.5,73.36,70.51,71.9,7268,52648117.00000001,0.0,0,71.85000000000001,0
20160530,1464537600000,71.59,72.57000000000001,70.2,70.60000000000001,8563,60949339.99999999,0.0,0,71.9,0
20160531,1464624000000,70.49,75.89,70.49,75.1,12535,92286152.00000001,0.0,0,70.6,0
20160601,1464710400000,75.38000000000001,77.77000000000001,75.01,76.9,14792,113084354.00000001,0.0,0,75.10000000000001,0
20160602,1464796800000,77.69000000000001,84.48,77.60000000000001,83.48,26514,214623273.99999997,0.0,0,76.9,0
20160603,1464883200000,83.5,83.5,81.01,82.48,22164,181888196.0,0.0,0,83.48,0
20160606,1465142400000,81.0,81.0,76.91,78.6,24826,196299464.00000003,0.0,0,82.47999999999999,0
20160607,1465228800000,78.5,80.5,77.8,80.39,20428,162522989.0,0.0,0,78.6,0
20160608,1465315200000,32.43,32.43,29.5,30.08,46381,141049959.0,0.0,0,32.04,0
20160613,1465747200000,28.9,29.46,27.07,27.07,37504,106418821.0,0.0,0,30.080000000000002,0
20160614,1465833600000,26.8,27.05,25.8,26.240000000000002,37842,99797611.00000001,0.0,0,27.07,0
20160615,1465920000000,25.88,27.98,25.88,27.38,32631,88449748.0,0.0,0,26.24,0
20160616,1466006400000,27.4,27.77,26.61,27.599999999999998,32454,88276360.0,0.0,0,27.38,0
20160617,1466092800000,27.450000000000003,28.080000000000002,27.080000000000002,27.42,24917,68707511.00000001,0.0,0,27.6,0
20160620,1466352000000,27.41,27.63,26.88,27.45,20619,56233287.0,0.0,0,27.419999999999998,0
20160621,1466438400000,27.650000000000002,27.91,27.01,27.040000000000003,22483,61951222.00000001,0.0,0,27.450000000000003,0
20160622,1466524800000,27.0,27.220000000000002,26.6,27.200000000000003,23236,62575182.00000001,0.0,0,27.040000000000003,0
20160623,1466611200000,27.18,27.18,26.6,26.73,31270,83928418.0,0.0,0,27.200000000000003,0
20160624,1466697600000,26.74,26.96,25.2,26.18,29197,76668921.00000001,0.0,0,26.73,0
20160627,1466956800000,26.0,26.62,25.8,26.59,42798,112777399.0,0.0,0,26.18,0
20160628,1467043200000,26.55,28.04,26.3,27.7,51232,140254507.00000003,0.0,0,26.59,0
20160629,1467129600000,27.700000000000003,28.000000000000004,27.310000000000002,27.62,34047,93978851.00000001,0.0,0,27.700000000000003,0
20160630,1467216000000,27.41,27.68,27.05,27.43,29367,80193794.0,0.0,0,27.62,0
20160701,1467302400000,27.360000000000003,27.78,27.310000000000002,27.430000000000003,20551,56582143.0,0.0,0,27.430000000000003,0
20160704,1467561600000,27.17,28.380000000000003,27.150000000000002,28.01,38858,108276668.99999999,0.0,0,27.430000000000003,0
20160705,1467648000000,28.02,28.099999999999998,27.7,27.82,26752,74522323.99999999,0.0,0,28.009999999999998,0
20160706,1467734400000,27.8,28.369999999999997,27.63,28.259999999999998,36309,102296996.00000001,0.0,0,27.82,0
20160707,1467820800000,28.3,29.82,28.3,28.98,57802,168550127.0,0.0,0,28.26,0
20160708,1467907200000,28.830000000000002,28.85,28.330000000000002,28.500000000000004,29492,84281938.0,0.0,0,28.98,0
20160711,1468166400000,28.7,29.099999999999998,28.22,28.31,31192,89127219.0,0.0,0,28.5,0
20160712,1468252800000,28.32,29.05,27.96,29.05,37355,107166121.0,0.0,0,28.310000000000002,0
20160713,1468339200000,29.330000000000002,29.500000000000004,28.900000000000002,29.080000000000002,26768,78148403.00000001,0.0,0,29.05,0
20160714,1468425600000,29.18,29.2,28.5,28.8,26367,76262843.0,0.0,0,29.08,0
20160715,1468512000000,28.79,28.85,28.3,28.5,23605,67357652.0,0.0,0,28.8,0
20160718,1468771200000,28.400000000000002,28.75,28.23,28.38,16994,48478069.0,0.0,0,28.5,0
20160719,1468857600000,28.45,28.73,28.14,28.650000000000002,14496,41256759.0,0.0,0,28.38,0
20160720,1468944000000,28.68,28.77,28.52,28.57,15670,44865948.00000001,0.0,0,28.65,0
20160721,1469030400000,28.5,28.69,28.35,28.380000000000003,19899,56756310.0,0.0,0,28.57,0
20160722,1469116800000,28.470000000000002,28.560000000000002,28.26,28.35,18441,52384894.0,0.0,0,28.380000000000003,0
20160725,1469376000000,28.39,28.47,28.0,28.05,16917,47787337.0,0.0,0,28.35,0
20160726,1469462400000,27.89,28.43,27.89,28.35,13928,39415585.0,0.0,0,28.05,0
20160727,1469548800000,28.35,28.48,26.0,26.34,33960,92347414.0,0.0,0,28.35,0
20160728,1469635200000,26.15,26.5,25.88,26.27,19174,50252172.00000001,0.0,0,26.34,0
20160729,1469721600000,26.12,26.36,26.0,26.06,11105,29087302.0,0.0,0,26.27,0
20160801,1469980800000,25.7,25.7,24.36,25.189999999999998,29169,72430793.0,0.0,0,26.06,0
20160802,1470067200000,25.150000000000002,25.5,24.92,25.46,18441,46524179.0,0.0,0,25.19,0
20160803,1470153600000,25.35,25.650000000000002,25.21,25.45,9220,23449785.0,0.0,0,25.46,0
20160804,1470240000000,25.47,27.38,25.45,26.74,38149,101155476.0,0.0,0,25.45,0
20160805,1470326400000,26.74,26.74,26.74,26.74,0,0.0,0.0,0,26.74,1
20160808,1470585600000,26.74,26.74,26.74,26.74,0,0.0,0.0,0,26.74,1
20160809,1470672000000,26.74,26.74,26.74,26.74,0,0.0,0.0,0,26.74,1
20160810,1470758400000,26.74,26.74,26.74,26.74,0,0.0,0.0,0,26.74,1
20160811,1470844800000,26.74,26.74,26.74,26.74,0,0.0,0.0,0,26.74,1
20160812,1470931200000,26.74,26.74,26.74,26.74,0,0.0,0.0,0,26.74,1
20160815,1471190400000,26.74,26.74,26.74,26.74,0,0.0,0.0,0,26.74,1
20160816,1471276800000,26.74,26.74,26.74,26.74,0,0.0,0.0,0,26.74,1
20160817,1471363200000,26.74,26.74,26.74,26.74,0,0.0,0.0,0,26.74,1
20160818,1471449600000,26.74,26.74,26.74,26.74,0,0.0,0.0,0,26.74,1
20160819,1471536000000,29.41,29.41,28.12,29.41,121896,356532023.0,0.0,0,26.740000000000002,0
20160822,1471795200000,29.41,31.189999999999998,29.02,29.59,126408,380846624.99999994,0.0,0,29.41,0
20160823,1471881600000,29.1,29.340000000000003,28.150000000000002,28.470000000000002,58302,166168020.0,0.0,0,29.590000000000003,0
20160824,1471968000000,28.54,29.36,28.29,29.32,52145,150693552.0,0.0,0,28.47,0
20160825,1472054400000,28.939999999999998,29.02,28.2,28.47,33178,94775630.00000001,0.0,0,29.32,0
20160826,1472140800000,28.46,29.180000000000003,28.330000000000002,28.520000000000003,32875,94512026.0,0.0,0,28.470000000000002,0
20160829,1472400000000,28.400000000000002,28.950000000000003,28.400000000000002,28.910000000000004,26454,76147620.00000001,0.0,0,28.520000000000003,0
20160830,1472486400000,28.910000000000004,28.950000000000003,28.400000000000002,28.55,21198,60687354.0,0.0,0,28.910000000000004,0
20160831,1472572800000,28.65,28.65,28.02,28.24,20607,58246000.0,0.0,0,28.55,0
20160901,1472659200000,28.25,28.5,28.01,28.200000000000003,16933,47807139.00000001,0.0,0,28.240000000000002,0
20160902,1472745600000,28.24,28.3,27.5,27.97,23296,64886559.00000001,0.0,0,28.2,0
20160905,1473004800000,28.000000000000004,28.35,27.650000000000002,28.1,17066,47897304.0,0.0,0,27.970000000000002,0
20160906,1473091200000,28.09,28.580000000000002,27.66,28.39,20956,59171690.0,0.0,0,28.1,0
20160907,1473177600000,28.38,29.21,28.32,29.21,51395,148259834.00000003,0.0,0,28.39,0
20160908,1473264000000,29.2,30.849999999999998,29.04,30.279999999999998,84123,254434178.0,0.0,0,29.21,0
20160909,1473350400000,30.5,32.85,30.29,31.15,112149,358548314.0,0.0,0,30.279999999999998,0
20160912,1473609600000,29.43,33.68,29.43,32.46,129668,419695478.0,0.0,0,31.15,0
20160913,1473696000000,32.54,33.46,31.560000000000002,32.620000000000005,62503,203887959.0,0.0,0,32.46,0
20160914,1473782400000,32.0,32.47,31.310000000000002,32.050000000000004,46756,149221038.0,0.0,0,32.620000000000005,0
20160919,1474214400000,32.0,34.4,32.0,33.85,67075,224559246.0,0.0,0,32.05,0
20160920,1474300800000,33.45,34.0,32.68,32.79,43137,143468805.0,0.0,0,33.85,0
20160921,1474387200000,32.97,33.07,31.810000000000002,32.18,35065,112596706.00000001,0.0,0,32.79,0
20160922,1474473600000,32.44,33.18,32.0,32.7,41117,134389420.0,0.0,0,32.18,0
20160923,1474560000000,32.830000000000005,33.88,30.810000000000002,30.900000000000002,67465,218546662.0,0.0,0,32.7,0
20160926,1474819200000,31.02,31.28,29.77,30.71,41941,127577256.0,0.0,0,30.9,0
20160927,1474905600000,30.509999999999998,31.2,30.2,30.8,29739,91757997.0,0.0,0,30.71,0
20160928,1474992000000,30.770000000000003,31.78,30.6,31.360000000000003,31816,99776089.0,0.0,0,30.8,0
20160929,1475078400000,31.35,31.75,30.82,31.15,17629,54978598.99999999,0.0,0,31.36,0
20160930,1475164800000,31.3,32.15,31.0,32.0,24864,78908239.0,0.0,0,31.15,0
20161010,1476028800000,32.17,32.79,31.64,32.27,22972,73762461.0,0.0,0,32.0,0
20161011,1476115200000,32.28,32.5,31.650000000000002,31.900000000000002,25515,81443381.0,0.0,0,32.27,0
20161012,1476201600000,31.98,32.5,31.2,32.2,37972,120873342.0,0.0,0,31.9,0
20161013,1476288000000,31.970000000000002,32.54,31.900000000000002,32.21,28042,90222973.0,0.0,0,32.2,0
20161014,1476374400000,32.1,32.1,31.51,31.700000000000003,19125,60634595.0,0.0,0,32.21,0
20161017,1476633600000,31.650000000000002,31.650000000000002,30.67,30.67,30235,93682919.0,0.0,0,31.700000000000003,0
20161018,1476720000000,30.970000000000002,32.300000000000004,30.310000000000002,32.2,31356,98762831.0,0.0,0,30.67,0
20161019,1476806400000,32.309999999999995,33.68,32.01,33.18,53999,178072793.0,0.0,0,32.199999999999996,0
20161020,1476892800000,33.17,34.0,32.81,33.25,34824,116647553.0,0.0,0,33.18,0
20161021,1476979200000,33.39,33.96,31.61,32.2,33077,107402723.0,0.0,0,33.25,0
20161024,1477238400000,32.07,33.39,32.04,32.67,30543,100484777.0,0.0,0,32.199999999999996,0
20161025,1477324800000,32.6,34.1,32.36,33.99,51969,174687709.00000003,0.0,0,32.67,0
20161026,1477411200000,33.9,35.97,33.6,35.5,69215,241707207.99999997,0.0,0,33.99,0
20161027,1477497600000,35.2,36.68,34.53,36.6,66726,241733478.0,0.0,0,35.5,0
20161028,1477584000000,36.480000000000004,36.96000000000001,35.300000000000004,35.410000000000004,50081,180389517.0,0.0,0,36.6,0
20161031,1477843200000,35.66,35.94,34.5,35.94,24065,84713958.0,0.0,0,35.41,0
20161101,1477929600000,35.86,35.879999999999995,34.9,35.17,27553,97001532.0,0.0,0,35.94,0
20161102,1478016000000,35.29,35.59,34.57,34.8,29476,102822065.0,0.0,0,35.17,0
20161103,1478102400000,34.6,35.190000000000005,34.160000000000004,34.900000000000006,31242,108816796.0,0.0,0,34.800000000000004,0
20161104,1478188800000,34.910000000000004,35.43,34.6,35.2,24992,87570857.00000001,0.0,0,34.9,0
20161107,1478448000000,35.0,35.67,34.0,35.36,23805,83171840.0,0.0,0,35.2,0
20161108,1478534400000,35.39,36.47,34.81,36.050000000000004,25712,92411641.00000001,0.0,0,35.36,0
20161109,1478620800000,35.900000000000006,36.760000000000005,35.300000000000004,36.03,31910,115612409.00000001,0.0,0,36.050000000000004,0
20161110,1478707200000,36.02,36.800000000000004,35.85,36.800000000000004,31816,115773454.00000001,0.0,0,36.03,0
20161111,1478793600000,36.86,37.48,36.29,36.699999999999996,19989,73173161.00000001,0.0,0,36.8,0
20161114,1479052800000,36.300000000000004,36.7,34.88,35.400000000000006,32462,115761015.00000001,0.0,0,36.7,0
20161115,1479139200000,35.43,35.760000000000005,34.92,35.660000000000004,11608,41136307.0,0.0,0,35.4,0
20161116,1479225600000,35.660000000000004,35.900000000000006,35.2,35.300000000000004,11244,39874388.0,0.0,0,35.660000000000004,0
20161117,1479312000000,35.15,35.49,34.65,34.79,13442,46853969.0,0.0,0,35.3,0
20161118,1479398400000,34.79,35.28,34.5,34.7,9520,33233738.0,0.0,0,34.79,0
20161121,1479657600000,34.58,35.53,34.5,35.19,9760,34390283.00000001,0.0,0,34.7,0
20161122,1479744000000,35.25,35.87,35.0,35.18,15263,53811930.99999999,0.0,0,35.19,0
20161123,1479830400000,35.39,35.48,34.5,34.61,14790,51348381.0,0.0,0,35.18,0
20161124,1479916800000,34.6,34.82,32.99,33.0,26312,88587979.00000001,0.0,0,34.61,0
20161125,1480003200000,32.28,33.92,32.01,33.64,21951,72674681.0,0.0,0,33.0,0
20161128,1480262400000,33.53,34.25,33.5,33.6,9107,30812728.0,0.0,0,33.64,0
20161129,1480348800000,33.5,33.89,32.6,32.63,11199,37081692.0,0.0,0,33.6,0
20161130,1480435200000,32.650000000000006,33.00000000000001,32.410000000000004,32.50000000000001,11507,37517264.00000001,0.0,0,32.63,0
20161201,1480521600000,32.75,34.07,32.5,33.95,22826,75963082.0,0.0,0,32.5,0
20161202,1480608000000,33.79,33.79,32.93,33.21,10538,35187352.0,0.0,0,33.95,0
20161205,1480867200000,33.0,33.79,32.61,33.19,7203,23996435.0,0.0,0,33.21,0
20161206,1480953600000,33.19,34.19,33.01,33.58,15017,50336655.00000001,0.0,0,33.19,0
20161207,1481040000000,33.36,33.55,32.8,33.18,11479,37933929.0,0.0,0,33.58,0
20161208,1481126400000,33.27,33.480000000000004,31.92,31.98,25389,82350417.0,0.0,0,33.18,0
20161209,1481212800000,31.98,32.69,31.3,31.55,26170,83283789.0,0.0,0,31.98,0
20161212,1481472000000,31.3,31.880000000000003,28.400000000000002,29.150000000000002,36564,109286538.0,0.0,0,31.55,0
20161213,1481558400000,28.5,29.740000000000002,28.1,29.3,14777,43196994.0,0.0,0,29.150000000000002,0
20161214,1481644800000,29.3,29.6,28.6,28.96,12810,37225033.0,0.0,0,29.3,0
20161215,1481731200000,29.0,29.69,28.75,29.41,13700,40280895.0,0.0,0,28.96,0
20161216,1481817600000,29.41,30.43,29.21,30.310000000000002,11680,35161317.99999999,0.0,0,29.41,0
20161219,1482076800000,30.43,30.740000000000002,29.96,30.060000000000002,9637,29187748.0,0.0,0,30.310000000000002,0
20161220,1482163200000,30.0,30.23,29.85,30.17,8756,26319972.0,0.0,0,30.060000000000002,0
20161221,1482249600000,30.19,30.48,29.03,29.330000000000002,26318,78096359.0,0.0,0,30.17,0
20161222,1482336000000,29.330000000000002,29.78,29.21,29.580000000000002,11065,32678822.0,0.0,0,29.330000000000002,0
20161223,1482422400000,29.580000000000002,29.75,29.14,29.52,7868,23152716.000000004,0.0,0,29.580000000000002,0
20161226,1482681600000,29.490000000000002,29.490000000000002,28.01,29.3,14486,41992414.0,0.0,0,29.520000000000003,0
20161227,1482768000000,29.28,29.54,28.91,29.18,7552,22060655.0,0.0,0,29.3,0
20161228,1482854400000,29.4,31.2,29.27,29.9,24565,73993687.0,0.0,0,29.18,0
20161229,1482940800000,29.599999999999998,29.9,29.36,29.5,15313,45268716.0,0.0,0,29.9,0
20161230,1483027200000,29.59,29.73,29.1,29.64,14712,43360390.0,0.0,0,29.5,0
20170103,1483372800000,29.720000000000002,30.1,29.400000000000002,29.930000000000003,14347,42576627.0,0.0,0,29.64,0
20170104,1483459200000,29.9,30.26,29.66,30.2,16173,48666208.0,0.0,0,29.93,0
20170105,1483545600000,30.0,30.97,30.0,30.72,21946,67078918.0,0.0,0,30.2,0
20170106,1483632000000,30.75,30.900000000000002,30.3,30.35,10284,31478578.0,0.0,0,30.720000000000002,0
20170109,1483891200000,30.3,30.56,29.82,29.89,16865,50753165.0,0.0,0,30.35,0
20170110,1483977600000,29.9,29.9,28.63,28.97,38399,111380427.0,0.0,0,29.89,0
20170111,1484064000000,28.94,29.35,28.5,28.8,26559,77056717.0,0.0,0,28.97,0
20170112,1484150400000,28.810000000000002,29.18,27.98,28.01,17257,49107730.0,0.0,0,28.8,0
20170113,1484236800000,28.009999999999998,28.34,27.7,27.84,10633,29875376.0,0.0,0,28.009999999999998,0
20170116,1484496000000,27.84,28.119999999999997,25.38,26.9,18757,50837100.0,0.0,0,27.84,0
20170117,1484582400000,26.99,27.06,26.0,26.96,14128,37513831.0,0.0,0,26.9,0
20170118,1484668800000,28.0,28.55,27.3,28.12,37301,104391201.0,0.0,0,26.96,0
20170119,1484755200000,27.34,27.5,26.39,27.13,23076,62363879.0,0.0,0,28.12,0
20170120,1484841600000,27.169999999999998,27.669999999999998,26.7,27.22,16411,44763189.00000001,0.0,0,27.13,0
20170123,1485100800000,27.22,27.41,26.77,26.91,18544,50138040.0,0.0,0,27.22,0
20170124,1485187200000,26.919999999999998,27.09,26.59,27.0,11313,30345904.0,0.0,0,26.91,0
20170125,1485273600000,26.88,27.0,26.63,27.0,8152,21919873.0,0.0,0,27.0,0
20170126,1485360000000,27.009999999999998,27.099999999999998,26.88,26.98,7710,20831794.000000004,0.0,0,27.0,0
20170203,1486051200000,26.91,27.27,26.87,27.17,7072,19107565.999999996,0.0,0,26.98,0
20170206,1486310400000,27.17,27.75,27.17,27.69,12238,33664604.0,0.0,0,27.17,0
20170207,1486396800000,27.51,27.700000000000003,27.26,27.400000000000002,10204,27957109.0,0.0,0,27.69,0
20170208,1486483200000,27.349999999999998,27.55,27.02,27.419999999999998,11192,30512100.000000004,0.0,0,27.4,0
20170209,1486569600000,27.42,27.770000000000003,27.35,27.66,14716,40601074.99999999,0.0,0,27.42,0
20170210,1486656000000,27.66,28.130000000000003,27.6,27.73,14929,41597487.0,0.0,0,27.66,0
20170213,1486915200000,27.720000000000002,28.470000000000002,27.62,28.37,13929,39244044.0,0.0,0,27.73,0
20170214,1487001600000,28.38,28.5,27.7,27.83,15696,43829156.00000001,0.0,0,28.37,0
20170215,1487088000000,27.840000000000003,28.040000000000003,27.330000000000002,27.380000000000003,11576,32085196.000000004,0.0,0,27.830000000000002,0
20170216,1487174400000,27.37,27.37,27.02,27.25,8554,23261713.0,0.0,0,27.38,0
20170217,1487260800000,27.29,27.49,27.11,27.259999999999998,6540,17828228.000000004,0.0,0,27.25,0
20170220,1487520000000,27.31,27.45,26.2,26.57,22104,58994420.0,0.0,0,27.259999999999998,0
20170221,1487606400000,26.6,26.98,26.42,26.6,21967,58549858.00000001,0.0,0,26.57,0
20170222,1487692800000,26.6,26.94,26.57,26.89,14060,37632234.0,0.0,0,26.6,0
20170223,1487779200000,26.91,27.290000000000003,26.580000000000002,27.07,25860,69697541.0,0.0,0,26.89,0
20170224,1487865600000,27.000000000000004,27.700000000000003,26.990000000000002,27.53,29490,80923933.0,0.0,0,27.07,0
20170227,1488124800000,27.39,27.59,26.79,26.82,20143,54598332.0,0.0,0,27.529999999999998,0
20170228,1488211200000,26.84,26.950000000000003,26.35,26.64,20571,54707153.0,0.0,0,26.82,0
20170301,1488297600000,26.6,29.3,26.55,29.3,94387,266600933.0,0.0,0,26.64,0
20170302,1488384000000,28.820000000000004,30.180000000000003,27.900000000000002,28.880000000000003,116419,334539924.00000006,0.0,0,29.3,0
20170303,1488470400000,29.79,29.79,28.0,28.15,67729,192273655.0,0.0,0,28.88,0
20170306,1488729600000,28.110000000000003,28.290000000000003,27.580000000000002,28.150000000000002,57857,161426845.00000003,0.0,0,28.150000000000002,0
20170307,1488816000000,28.11,28.45,27.88,28.29,43341,122048772.00000001,0.0,0,28.15,0
20170308,1488902400000,27.91,27.92,27.21,27.35,56811,156046584.0,0.0,0,28.29,0
20170309,1488988800000,27.25,27.37,26.96,27.35,27543,74716788.0,0.0,0,27.35,0
20170310,1489075200000,27.35,27.360000000000003,26.810000000000002,26.830000000000002,29446,79693442.0,0.0,0,27.35,0
20170313,1489334400000,26.83,27.189999999999998,26.63,27.119999999999997,20483,55211966.0,0.0,0,26.83,0
20170314,1489420800000,27.080000000000002,27.2,26.89,27.14,18340,49650647.0,0.0,0,27.12,0
20170315,1489507200000,27.0,27.32,26.98,27.21,20465,55648941.0,0.0,0,27.14,0
20170316,1489593600000,27.3,27.330000000000002,27.1,27.290000000000003,35244,95860130.0,0.0,0,27.21,0
20170317,1489680000000,27.330000000000002,28.67,27.21,27.96,88602,248742958.0,0.0,0,27.29,0
20170320,1489939200000,27.96,28.470000000000002,27.900000000000002,28.360000000000003,57142,161409664.0,0.0,0,27.96,0
20170321,1490025600000,28.3,28.55,28.12,28.23,35316,100022025.0,0.0,0,28.36,0
20170322,1490112000000,28.0,28.13,27.27,27.64,36918,101913783.0,0.0,0,28.23,0
20170323,1490198400000,27.650000000000002,28.560000000000002,27.400000000000002,28.55,61689,172835752.0,0.0,0,27.64,0
20170324,1490284800000,28.53,29.2,28.25,28.25,58067,166574443.0,0.0,0,28.55,0
20170327,1490544000000,28.22,28.63,28.02,28.32,29342,83006756.0,0.0,0,28.25,0
20170328,1490630400000,28.32,28.46,27.92,27.930000000000003,21864,61383606.0,0.0,0,28.32,0
20170329,1490716800000,27.93,27.96,27.37,27.37,21498,59309063.00000001,0.0,0,27.93,0
20170330,1490803200000,27.36,27.36,26.8,26.900000000000002,22246,59978712.0,0.0,0,27.37,0
20170331,1490889600000,26.79,27.150000000000002,26.73,27.01,13002,35111907.0,0.0,0,26.900000000000002,0
20170405,1491321600000,27.0,27.58,27.0,27.39,16188,44266903.0,0.0,0,27.01,0
20170406,1491408000000,27.26,27.450000000000003,27.060000000000002,27.12,21078,57416977.0,0.0,0,27.39,0
20170407,1491494400000,27.12,27.26,26.990000000000002,27.180000000000003,15373,41649932.99999999,0.0,0,27.12,0
20170410,1491753600000,27.189999999999998,27.349999999999998,26.2,26.419999999999998,23784,63281631.0,0.0,0,27.18,0
20170411,1491840000000,26.39,26.51,25.92,26.28,23343,61068018.00000001,0.0,0,26.42,0
20170412,1491926400000,26.3,26.540000000000003,26.150000000000002,26.200000000000003,12040,31714062.000000004,0.0,0,26.28,0
20170413,1492012800000,26.29,26.509999999999998,26.02,26.43,8060,21227061.0,0.0,0,26.2,0
20170414,1492099200000,26.400000000000002,26.400000000000002,25.85,25.87,13837,36050008.0,0.0,0,26.43,0
20170417,1492358400000,25.880000000000003,26.000000000000004,25.560000000000002,25.730000000000004,10515,27080387.000000004,0.0,0,25.87,0
20170418,1492444800000,25.970000000000002,26.14,25.6,25.6,7956,20553347.0,0.0,0,25.73,0
20170419,1492531200000,25.630000000000003,25.77,24.05,24.35,32337,79400093.0,0.0,0,25.6,0
20170420,1492617600000,24.340000000000003,24.57,24.240000000000002,24.450000000000003,10147,24795182.0,0.0,0,24.35,0
20170421,1492704000000,24.500000000000004,24.720000000000002,24.400000000000002,24.6,7447,18297507.0,0.0,0,24.450000000000003,0
20170424,1492963200000,24.400000000000002,24.560000000000002,22.900000000000002,23.8,10743,25619173.0,0.0,0,24.6,0
20170425,1493049600000,23.81,24.23,23.7,24.189999999999998,7968,19145859.0,0.0,0,23.8,0
20170426,1493136000000,24.34,24.34,24.05,24.1,5652,13657044.0,0.0,0,24.19,0
20170427,1493222400000,24.1,24.5,23.8,24.45,8234,19876327.0,0.0,0,24.1,0
20170428,1493308800000,24.49,24.75,24.41,24.55,5826,14313217.0,0.0,0,24.45,0
20170502,1493654400000,24.500000000000004,24.98,24.240000000000002,24.560000000000002,5992,14755704.000000002,0.0,0,24.55,0
20170503,1493740800000,24.42,24.8,24.42,24.720000000000002,4480,11034409.000000002,0.0,0,24.560000000000002,0
20170504,1493827200000,24.7,24.86,24.54,24.68,4370,10802824.0,0.0,0,24.72,0
20170505,1493913600000,24.69,25.5,24.69,24.990000000000002,14485,36435731.0,0.0,0,24.68,0
20170508,1494172800000,24.86,25.07,24.37,24.57,6623,16335277.000000002,0.0,0,24.990000000000002,0
20170509,1494259200000,24.53,24.540000000000003,23.92,24.380000000000003,6039,14641489.0,0.0,0,24.57,0
20170510,1494345600000,24.38,25.06,24.34,24.44,6307,15594130.0,0.0,0,24.38,0
20170511,1494432000000,24.1,24.82,23.55,23.900000000000002,8067,19458704.0,0.0,0,24.44,0
20170512,1494518400000,15.860000000000001,15.860000000000001,14.56,15.14,13342,20369365.000000004,0.0,0,15.860000000000001,0
20170515,1494777600000,15.15,15.350000000000001,15.05,15.23,8607,13085387.0,0.0,0,15.14,0
20170516,1494864000000,15.27,15.6,15.19,15.6,13139,20266863.000000004,0.0,0,15.229999999999999,0
20170517,1494950400000,15.600000000000001,16.35,15.530000000000001,15.97,17467,27993931.000000004,0.0,0,15.600000000000001,0
20170518,1495036800000,15.92,16.53,15.83,16.08,19624,31836544.0,0.0,0,15.97,0
20170519,1495123200000,16.2,16.2,15.82,15.88,7689,12245838.0,0.0,0,16.080000000000002,0
20170522,1495382400000,15.680000000000001,15.850000000000001,15.280000000000001,15.38,12731,19830372.0,0.0,0,15.88,0
20170523,1495468800000,15.25,15.55,14.88,14.91,9564,14557459.000000002,0.0,0,15.38,0
20170524,1495555200000,14.850000000000001,15.100000000000001,13.8,15.06,11959,17703483.000000004,0.0,0,14.91,0
20170525,1495641600000,15.209999999999999,15.209999999999999,14.6,15.02,8967,13336567.0,0.0,0,15.06,0
20170526,1495728000000,14.950000000000001,15.020000000000001,14.700000000000001,14.850000000000001,7223,10738516.0,0.0,0,15.020000000000001,0
20170531,1496160000000,14.879999999999999,15.18,14.69,14.799999999999999,9584,14253465.0,0.0,0,14.85,0
20170601,1496246400000,14.5,14.78,13.91,14.13,10144,14612985.0,0.0,0,14.8,0
20170602,1496332800000,13.83,14.1,13.17,14.06,29403,39768933.00000001,0.0,0,14.129999999999999,0
20170605,1496592000000,13.92,14.200000000000001,13.9,14.09,9235,12972260.0,0.0,0,14.06,0
20170606,1496678400000,14.07,14.16,13.89,14.06,7109,9969906.000000002,0.0,0,14.09,0
20170607,1496764800000,14.09,14.56,14.01,14.49,16741,24079245.0,0.0,0,14.06,0
20170608,1496851200000,14.440000000000001,14.700000000000001,14.200000000000001,14.360000000000001,18744,27126505.0,0.0,0,14.49,0
20170609,1496937600000,14.35,14.36,14.01,14.2,7763,11017789.0,0.0,0,14.36,0
20170612,1497196800000,14.15,14.15,13.56,13.65,10897,15135299.0,0.0,0,14.200000000000001,0
20170613,1497283200000,13.65,14.190000000000001,13.65,14.1,13614,19044360.0,0.0,0,13.65,0
20170614,1497369600000,14.2,14.479999999999999,14.11,14.27,10915,15628550.000000002,0.0,0,14.1,0
20170615,1497456000000,14.25,14.54,14.17,14.4,10363,14949568.0,0.0,0,14.27,0
20170616,1497542400000,14.47,14.48,14.24,14.3,7145,10234010.0,0.0,0,14.4,0
20170619,1497801600000,14.370000000000001,14.96,14.200000000000001,14.9,19130,27956071.0,0.0,0,14.3,0
20170620,1497888000000,14.9,15.200000000000001,14.63,15.15,22306,33304855.0,0.0,0,14.9,0
20170621,1497974400000,15.13,15.14,14.780000000000001,15.080000000000002,20234,30203831.0,0.0,0,15.15,0
20170622,1498060800000,14.98,15.15,14.72,14.73,17925,26927445.0,0.0,0,15.08,0
20170623,1498147200000,14.76,14.98,14.4,14.860000000000001,17711,26080187.0,0.0,0,14.73,0
20170626,1498406400000,14.81,14.81,14.0,14.68,17482,25548577.999999996,0.0,0,14.86,0
20170627,1498492800000,14.5,14.81,14.46,14.610000000000001,10944,16026295.0,0.0,0,14.680000000000001,0
20170628,1498579200000,14.73,14.73,14.290000000000001,14.350000000000001,11221,16133072.0,0.0,0,14.610000000000001,0
20170629,1498665600000,14.23,14.46,14.23,14.35,6871,9864722.000000002,0.0,0,14.35,0
20170630,1498752000000,14.29,14.379999999999999,14.01,14.04,16790,23718047.0,0.0,0,14.35,0
20170703,1499011200000,14.110000000000001,14.14,13.9,14.13,17438,24420514.0,0.0,0,14.040000000000001,0
20170704,1499097600000,14.06,14.17,14.0,14.11,9965,14057898.000000002,0.0,0,14.13,0
20170705,1499184000000,14.17,14.3,13.92,14.28,14701,20841300.0,0.0,0,14.11,0
20170706,1499270400000,14.370000000000001,14.370000000000001,14.040000000000001,14.16,14202,20117978.0,0.0,0,14.280000000000001,0
20170707,1499356800000,14.18,14.280000000000001,14.07,14.25,12627,17911380.0,0.0,0,14.16,0
20170710,1499616000000,14.25,14.25,14.0,14.02,13540,19057766.0,0.0,0,14.25,0
20170711,1499702400000,14.56,15.42,14.56,15.0,114977,171797143.0,0.0,0,14.02,0
20170712,1499788800000,14.75,14.760000000000002,14.3,14.48,53601,77628160.0,0.0,0,15.0,0
20170713,1499875200000,14.26,14.62,14.26,14.35,33595,48430202.0,0.0,0,14.48,0
20170714,1499961600000,14.290000000000001,14.450000000000001,14.06,14.08,21798,30947241.000000004,0.0,0,14.35,0
20170717,1500220800000,13.99,13.99,13.0,13.0,36395,48310187.0,0.0,0,14.08,0
20170718,1500307200000,12.9,13.14,12.17,12.71,29223,36909505.00000001,0.0,0,13.0,0
20170719,1500393600000,12.719999999999999,12.899999999999999,12.61,12.85,13506,17275223.0,0.0,0,12.709999999999999,0
20170720,1500480000000,12.959999999999999,13.08,12.76,12.77,13772,17812609.0,0.0,0,12.85,0
20170721,1500566400000,12.74,12.889999999999999,12.61,12.66,10713,13617427.0,0.0,0,12.77,0
20170724,1500825600000,12.65,12.71,12.3,12.57,12011,15057957.0,0.0,0,12.66,0
20170725,1500912000000,12.51,12.7,12.41,12.7,11113,13935403.0,0.0,0,12.57,0
20170726,1500998400000,12.73,12.780000000000001,12.48,12.530000000000001,11831,14925113.0,0.0,0,12.700000000000001,0
20170727,1501084800000,12.45,12.799999999999999,12.35,12.76,22043,27799565.0,0.0,0,12.53,0
20170728,1501171200000,12.7,12.96,12.58,12.83,24576,31332712.0,0.0,0,12.76,0
20170731,1501430400000,12.82,12.950000000000001,12.620000000000001,12.690000000000001,21568,27523701.0,0.0,0,12.830000000000002,0
20170801,1501516800000,12.69,13.1,12.69,12.879999999999999,23405,30255273.000000004,0.0,0,12.69,0
20170802,1501603200000,12.88,12.920000000000002,12.700000000000001,12.72,11574,14786526.000000002,0.0,0,12.88,0
20170803,1501689600000,12.66,12.89,12.66,12.77,12107,15471082.000000002,0.0,0,12.72,0
20170804,1501776000000,12.780000000000001,12.97,12.73,12.85,13091,16840480.0,0.0,0,12.77,0
20170807,1502035200000,12.85,13.16,12.84,13.02,14149,18412061.000000004,0.0,0,12.85,0
20170808,1502121600000,13.0,13.02,12.85,12.969999999999999,11352,14672361.999999998,0.0,0,13.02,0
20170809,1502208000000,13.030000000000001,13.100000000000001,12.88,13.06,13002,16898907.0,0.0,0,12.97,0
20170810,1502294400000,13.100000000000001,13.13,12.780000000000001,12.850000000000001,16331,21122950.000000004,0.0,0,13.06,0
20170811,1502380800000,12.81,12.84,12.64,12.73,15117,19239429.000000004,0.0,0,12.850000000000001,0
20170814,1502640000000,12.73,13.06,12.6,13.06,17721,22985931.0,0.0,0,12.73,0
20170815,1502726400000,13.02,13.22,13.01,13.209999999999999,15815,20696126.0,0.0,0,13.06,0
20170816,1502812800000,13.250000000000002,13.370000000000001,13.120000000000001,13.32,20803,27571737.0,0.0,0,13.21,0
20170817,1502899200000,13.35,13.4,13.23,13.35,13078,17454268.0,0.0,0,13.32,0
20170818,1502985600000,13.23,13.35,13.23,13.290000000000001,8944,11901476.0,0.0,0,13.35,0
20170821,1503244800000,13.280000000000001,13.680000000000001,13.13,13.600000000000001,14109,18981625.000000004,0.0,0,13.290000000000001,0
20170822,1503331200000,14.889999999999999,14.889999999999999,13.44,13.58,60706,84079991.00000001,0.0,0,13.6,0
20170823,1503417600000,13.89,13.89,13.3,13.48,26910,36518286.0,0.0,0,13.58,0
20170824,1503504000000,13.31,13.58,13.31,13.4,16983,22889395.000000004,0.0,0,13.48,0
20170825,1503590400000,13.379999999999999,13.58,13.35,13.5,13600,18375711.0,0.0,0,13.4,0
20170828,1503849600000,13.53,13.7,13.52,13.629999999999999,16688,22731998.0,0.0,0,13.5,0
20170829,1503936000000,13.63,13.9,13.620000000000001,13.73,15437,21248176.0,0.0,0,13.63,0
20170830,1504022400000,13.8,13.8,13.58,13.62,12510,17072119.0,0.0,0,13.73,0
20170831,1504108800000,13.6,13.700000000000001,13.57,13.700000000000001,8608,11745562.0,0.0,0,13.620000000000001,0
20170901,1504195200000,13.68,13.8,13.33,13.76,26946,36726089.99999999,0.0,0,13.7,0
20170904,1504454400000,13.65,13.850000000000001,13.530000000000001,13.770000000000001,15364,21007583.0,0.0,0,13.760000000000002,0
20170905,1504540800000,13.790000000000001,14.290000000000001,13.66,13.88,21190,29525759.0,0.0,0,13.77,0
20170906,1504627200000,13.83,13.9,13.51,13.709999999999999,19784,27114555.0,0.0,0,13.879999999999999,0
20170907,1504713600000,13.709999999999999,13.75,13.61,13.629999999999999,12663,17327703.000000004,0.0,0,13.709999999999999,0
20170908,1504800000000,13.62,13.709999999999999,13.59,13.69,12467,17022954.0,0.0,0,13.629999999999999,0
20170911,1505059200000,13.66,13.71,13.4,13.700000000000001,16590,22527351.0,0.0,0,13.69,0
20170912,1505145600000,13.65,13.74,13.56,13.610000000000001,16881,23062052.0,0.0,0,13.700000000000001,0
20170913,1505232000000,13.600000000000001,13.780000000000001,13.530000000000001,13.760000000000002,14993,20486115.0,0.0,0,13.610000000000001,0
20170914,1505318400000,13.700000000000001,13.83,13.48,13.58,16652,22710628.0,0.0,0,13.76,0
20170915,1505404800000,13.58,13.59,13.47,13.5,9265,12526600.000000002,0.0,0,13.58,0
20170918,1505664000000,13.55,13.65,13.5,13.6,9087,12317729.000000002,0.0,0,13.5,0
20170919,1505750400000,13.61,13.62,13.44,13.54,9690,13111641.0,0.0,0,13.6,0
20170920,1505836800000,13.55,13.55,13.42,13.5,10306,13907633.0,0.0,0,13.54,0
20170921,1505923200000,13.51,13.6,13.4,13.42,9747,13146251.0,0.0,0,13.5,0
20170922,1506009600000,13.42,13.450000000000001,13.22,13.38,7524,10040854.0,0.0,0,13.42,0
20170925,1506268800000,13.42,13.56,13.3,13.32,11057,14889955.0,0.0,0,13.38,0
20170926,1506355200000,13.25,13.36,12.93,12.99,16576,21676808.0,0.0,0,13.32,0
20170927,1506441600000,12.99,13.13,12.88,13.090000000000002,10168,13227495.000000002,0.0,0,12.99,0
20170928,1506528000000,13.14,13.14,12.9,12.91,7696,9998760.000000002,0.0,0,13.09,0
20170929,1506614400000,12.96,13.25,12.91,13.15,8314,10861033.0,0.0,0,12.91,0
20171009,1507478400000,13.22,13.38,13.22,13.350000000000001,11156,14854587.0,0.0,0,13.15,0
20171010,1507564800000,13.4,13.8,13.3,13.700000000000001,24424,33250838.0,0.0,0,13.350000000000001,0
20171011,1507651200000,13.799999999999999,14.09,13.61,13.649999999999999,31256,43382671.0,0.0,0,13.7,0
20171012,1507737600000,13.74,13.89,13.59,13.77,15147,20756239.0,0.0,0,13.65,0
20171013,1507824000000,13.65,14.05,13.620000000000001,13.920000000000002,26126,36348116.0,0.0,0,13.770000000000001,0
20171016,1508083200000,13.91,13.91,13.5,13.57,18241,24900027.0,0.0,0,13.92,0
20171017,1508169600000,13.5,13.71,13.5,13.68,9114,12422616.0,0.0,0,13.57,0
20171018,1508256000000,13.75,13.78,13.52,13.52,7874,10725928.999999998,0.0,0,13.68,0
20171019,1508342400000,13.49,13.520000000000001,13.06,13.120000000000001,12714,16890407.0,0.0,0,13.520000000000001,0
20171020,1508428800000,13.12,13.31,13.01,13.27,8595,11300274.0,0.0,0,13.12,0
20171023,1508688000000,13.200000000000001,13.200000000000001,12.790000000000001,13.180000000000001,15843,20601125.0,0.0,0,13.270000000000001,0
20171024,1508774400000,13.15,13.15,12.93,12.959999999999999,9124,11859288.999999998,0.0,0,13.18,0
20171025,1508860800000,12.98,13.360000000000001,12.97,13.24,10293,13501248.000000002,0.0,0,12.96,0
20171026,1508947200000,13.229999999999999,13.24,13.11,13.18,7776,10238720.0,0.0,0,13.24,0
20171027,1509033600000,13.160000000000002,13.180000000000001,12.950000000000001,12.97,10814,14124700.0,0.0,0,13.180000000000001,0
20171030,1509292800000,12.91,13.05,12.48,12.63,16346,20755430.0,0.0,0,12.97,0
20171031,1509379200000,12.6,12.72,12.51,12.69,8550,10815334.0,0.0,0,12.629999999999999,0
20171101,1509465600000,12.790000000000001,12.790000000000001,12.46,12.590000000000002,11515,14506401.000000002,0.0,0,12.690000000000001,0
20171102,1509552000000,12.580000000000002,12.580000000000002,12.280000000000001,12.280000000000001,10919,13522197.0,0.0,0,12.590000000000002,0
20171103,1509638400000,12.27,12.4,12.16,12.19,8206,10061867.0,0.0,0,12.28,0
20171106,1509897600000,12.18,12.47,12.16,12.39,9370,11542718.0,0.0,0,12.19,0
20171107,1509984000000,12.450000000000001,12.450000000000001,12.22,12.32,11246,13822155.0,0.0,0,12.39,0
20171108,1510070400000,12.32,12.45,12.26,12.36,10094,12473065.0,0.0,0,12.32,0
20171109,1510156800000,12.38,12.670000000000002,12.370000000000001,12.64,13647,17086745.0,0.0,0,12.360000000000001,0
20171110,1510243200000,12.56,12.770000000000001,12.56,12.76,12570,15969281.0,0.0,0,12.64,0
20171113,1510502400000,12.770000000000001,12.82,12.55,12.700000000000001,10722,13630545.0,0.0,0,12.760000000000002,0
20171114,1510588800000,12.75,12.760000000000002,12.22,12.370000000000001,12197,15192284.0,0.0,0,12.700000000000001,0
20171115,1510675200000,12.28,12.47,12.26,12.47,6687,8261880.0,0.0,0,12.37,0
20171116,1510761600000,12.75,12.75,12.49,12.53,8370,10534007.0,0.0,0,12.47,0
20171117,1510848000000,12.45,12.530000000000001,11.74,11.9,14755,17847213.0,0.0,0,12.530000000000001,0
20171120,1511107200000,11.8,11.81,11.01,11.45,15984,18250059.0,0.0,0,11.9,0
20171121,1511193600000,11.48,11.549999999999999,11.18,11.29,11590,13132236.0,0.0,0,11.45,0
20171122,1511280000000,11.299999999999999,11.37,11.02,11.16,13485,15065363.999999998,0.0,0,11.29,0
20171123,1511366400000,11.16,11.16,10.91,10.94,14086,15491035.000000002,0.0,0,11.16,0
20171124,1511452800000,10.930000000000001,11.010000000000002,10.8,10.96,9422,10288316.0,0.0,0,10.940000000000001,0
20171127,1511712000000,10.97,10.99,10.8,10.84,10824,11803935.0,0.0,0,10.96,0
20171128,1511798400000,10.85,11.12,10.84,11.09,7969,8769705.0,0.0,0,10.84,0
20171129,1511884800000,11.05,11.13,10.950000000000001,11.040000000000001,6754,7443278.000000001,0.0,0,11.090000000000002,0
20171130,1511971200000,11.0,11.05,10.88,11.0,6667,7309080.000000001,0.0,0,11.040000000000001,0
20171201,1512057600000,10.88,11.24,10.88,11.180000000000001,8662,9650121.0,0.0,0,11.0,0
20171204,1512316800000,11.170000000000002,11.350000000000001,10.950000000000001,11.000000000000002,7467,8280227.0,0.0,0,11.180000000000001,0
20171205,1512403200000,11.0,11.06,10.55,10.610000000000001,8676,9382233.0,0.0,0,11.0,0
20171206,1512489600000,10.61,10.899999999999999,10.61,10.86,6910,7436172.000000001,0.0,0,10.61,0
20171207,1512576000000,10.750000000000002,10.97,10.700000000000001,10.910000000000002,3776,4108495.9999999995,0.0,0,10.860000000000001,0
20171208,1512662400000,10.91,11.19,10.85,11.12,6991,7746953.0,0.0,0,10.91,0
20171211,1512921600000,11.129999999999999,11.19,11.02,11.139999999999999,5821,6469299.000000001,0.0,0,11.12,0
20171212,1513008000000,11.19,11.24,11.03,11.03,6362,7077032.000000001,0.0,0,11.139999999999999,0
20171213,1513094400000,10.92,11.31,10.92,11.17,4924,5499280.0,0.0,0,11.03,0
20171214,1513180800000,11.200000000000001,11.25,11.05,11.180000000000001,5322,5915355.0,0.0,0,11.17,0
20171215,1513267200000,11.06,11.14,11.01,11.08,5263,5816308.0,0.0,0,11.18,0
20171218,1513526400000,11.08,11.09,10.69,10.75,8877,9607234.0,0.0,0,11.08,0
20171219,1513612800000,10.73,10.83,10.64,10.75,9326,10007698.0,0.0,0,10.75,0
20171220,1513699200000,10.77,10.77,10.32,10.35,13794,14465291.0,0.0,0,10.75,0
20171221,1513785600000,10.379999999999999,10.4,10.02,10.19,11090,11312064.0,0.0,0,10.35,0
20171222,1513872000000,10.21,10.28,10.08,10.1,9159,9295224.0,0.0,0,10.19,0
20171225,1514131200000,10.1,10.18,9.81,9.89,12559,12476782.0,0.0,0,10.1,0
20171226,1514217600000,9.91,10.100000000000001,9.870000000000001,10.06,11388,11378600.999999998,0.0,0,9.89,0
20171227,1514304000000,10.0,10.54,9.86,10.32,19890,20030524.0,0.0,0,10.059999999999999,0
20171228,1514390400000,10.16,10.3,10.08,10.17,12634,12854516.0,0.0,0,10.32,0
20171229,1514476800000,10.13,10.330000000000002,10.120000000000001,10.31,8471,8671023.0,0.0,0,10.170000000000002,0
20180102,1514822400000,10.33,10.43,10.16,10.39,15519,15996363.0,0.0,0,10.31,0
20180103,1514908800000,10.350000000000001,11.180000000000001,10.3,10.760000000000002,37111,39695726.0,0.0,0,10.39,0
20180104,1514995200000,10.68,10.76,10.51,10.72,20131,21444419.0,0.0,0,10.76,0
20180105,1515081600000,10.69,10.879999999999999,10.6,10.79,17925,19281026.0,0.0,0,10.719999999999999,0
20180108,1515340800000,10.799999999999999,10.84,10.52,10.66,17608,18706335.000000004,0.0,0,10.79,0
20180109,1515427200000,10.57,10.73,10.5,10.55,18528,19724275.0,0.0,0,10.66,0
20180110,1515513600000,10.510000000000002,10.72,10.3,10.440000000000001,19567,20634631.000000004,0.0,0,10.55,0
20180111,1515600000000,10.39,10.64,10.31,10.530000000000001,15051,15827714.0,0.0,0,10.440000000000001,0
20180112,1515686400000,10.540000000000001,10.64,10.46,10.49,12548,13218305.0,0.0,0,10.530000000000001,0
20180115,1515945600000,10.469999999999999,10.469999999999999,10.18,10.2,18394,18835437.0,0.0,0,10.49,0
20180116,1516032000000,10.3,10.32,10.08,10.27,12755,13021774.0,0.0,0,10.2,0
20180117,1516118400000,10.270000000000001,10.31,10.13,10.280000000000001,10308,10537697.0,0.0,0,10.270000000000001,0
20180118,1516204800000,10.25,10.33,10.22,10.280000000000001,7827,8037504.999999999,0.0,0,10.280000000000001,0
20180119,1516291200000,10.33,10.33,10.19,10.2,7434,7616532.0,0.0,0,10.28,0
20180122,1516550400000,10.11,10.32,10.02,10.27,10411,10611168.0,0.0,0,10.2,0
20180123,1516636800000,10.27,10.31,10.15,10.23,8500,8694533.0,0.0,0,10.27,0
20180124,1516723200000,10.270000000000001,10.3,10.120000000000001,10.24,16283,16648690.000000002,0.0,0,10.23,0
20180125,1516809600000,10.25,10.420000000000002,10.21,10.370000000000001,21985,22698721.999999996,0.0,0,10.24,0
20180126,1516896000000,10.28,10.33,10.1,10.129999999999999,17132,17512046.999999996,0.0,0,10.37,0
20180129,1517155200000,10.13,10.18,9.9,9.94,15387,15412745.000000002,0.0,0,10.13,0
20180130,1517241600000,9.94,10.04,9.86,9.889999999999999,9324,9258874.999999998,0.0,0,9.94,0
20180131,1517328000000,9.870000000000001,9.870000000000001,9.47,9.5,17321,16669383.0,0.0,0,9.89,0
20180201,1517414400000,9.4,9.51,8.9,8.98,18810,17181508.0,0.0,0,9.5,0
20180202,1517500800000,8.959999999999999,8.969999999999999,8.61,8.799999999999999,17613,15549877.0,0.0,0,8.979999999999999,0
20180205,1517760000000,8.64,8.8,8.5,8.56,20257,17557283.0,0.0,0,8.8,0
20180206,1517846400000,8.4,8.47,7.88,7.88,19985,16288019.0,0.0,0,8.56,0
20180207,1517932800000,8.05,8.07,7.7700000000000005,7.99,21412,17069303.0,0.0,0,7.880000000000001,0
20180208,1518019200000,7.93,8.25,7.91,8.21,19562,15808425.0,0.0,0,7.99,0
20180209,1518105600000,8.0,8.06,7.72,7.85,16131,12758912.0,0.0,0,8.209999999999999,0
20180212,1518364800000,7.97,8.18,7.87,8.15,13107,10564078.0,0.0,0,7.8500000000000005,0
20180213,1518451200000,8.18,8.2,8.02,8.1,11352,9215266.0,0.0,0,8.15,0
20180214,1518537600000,8.11,8.15,7.96,8.05,9248,7429024.0,0.0,0,8.1,0
20180222,1519228800000,8.11,8.23,8.1,8.17,10710,8759832.000000002,0.0,0,8.049999999999999,0
20180223,1519315200000,8.21,8.3,8.14,8.270000000000001,11153,9168267.0,0.0,0,8.17,0
20180226,1519574400000,8.28,8.54,8.28,8.479999999999999,14206,11985210.0,0.0,0,8.27,0
20180227,1519660800000,8.47,8.67,8.42,8.63,20586,17677700.0,0.0,0,8.48,0
20180228,1519747200000,8.6,8.72,8.48,8.58,11678,10029257.0,0.0,0,8.63,0
20180301,1519833600000,8.52,8.68,8.52,8.639999999999999,13271,11435839.000000002,0.0,0,8.58,0
20180302,1519920000000,8.59,8.69,8.51,8.69,9167,7910557.0,0.0,0,8.64,0
20180305,1520179200000,8.67,8.799999999999999,8.6,8.7,13139,11424493.0,0.0,0,8.69,0
20180306,1520265600000,8.7,8.74,8.58,8.73,16380,14212107.000000002,0.0,0,8.7,0
20180307,1520352000000,8.74,8.82,8.67,8.77,15972,13967237.0,0.0,0,8.73,0
20180308,1520438400000,8.78,9.59,8.75,9.22,49934,45936345.0,0.0,0,8.77,0
20180309,1520524800000,9.14,9.19,8.99,9.18,30360,27594574.0,0.0,0,9.22,0
20180312,1520784000000,9.12,9.32,9.11,9.26,20084,18543444.0,0.0,0,9.18,0
20180313,1520870400000,9.280000000000001,9.280000000000001,9.120000000000001,9.13,13277,12192176.0,0.0,0,9.260000000000002,0
20180314,1520956800000,9.06,9.21,8.96,8.96,14440,13046274.000000002,0.0,0,9.13,0
20180315,1521043200000,8.92,8.97,8.65,8.860000000000001,14001,12363879.999999998,0.0,0,8.96,0
20180316,1521129600000,8.84,9.09,8.8,9.05,15875,14218022.0,0.0,0,8.860000000000001,0
20180319,1521388800000,9.05,9.21,8.91,9.16,14199,12974477.0,0.0,0,9.05,0
20180320,1521475200000,9.06,9.42,9.0,9.3,23663,21954127.0,0.0,0,9.16,0
20180321,1521561600000,9.3,9.440000000000001,9.040000000000001,9.06,19803,18315182.0,0.0,0,9.3,0
20180322,1521648000000,9.04,9.2,9.01,9.1,12105,11040019.0,0.0,0,9.06,0
20180323,1521734400000,8.97,9.02,8.31,8.450000000000001,25060,21701799.0,0.0,0,9.100000000000001,0
20180326,1521993600000,8.18,8.54,8.1,8.51,14480,12147818.000000002,0.0,0,8.45,0
20180327,1522080000000,8.57,9.05,8.56,9.030000000000001,24070,21266845.0,0.0,0,8.51,0
20180328,1522166400000,8.95,9.45,8.83,8.97,28176,25758935.0,0.0,0,9.03,0
20180329,1522252800000,8.94,9.87,8.94,9.87,67688,65313754.0,0.0,0,8.969999999999999,0
20180330,1522339200000,10.0,10.86,9.91,10.86,88148,91729695.0,0.0,0,9.870000000000001,0
20180402,1522598400000,11.379999999999999,11.68,10.84,10.92,227611,253630479.0,0.0,0,10.86,0
20180403,1522684800000,10.46,10.8,10.3,10.57,93518,98327782.00000001,0.0,0,10.92,0
20180404,1522771200000,10.46,10.98,10.08,10.37,85400,90755991.0,0.0,0,10.57,0
20180409,1523203200000,10.370000000000001,10.55,9.97,10.180000000000001,53535,54465279.00000001,0.0,0,10.370000000000001,0
20180410,1523289600000,10.209999999999999,10.899999999999999,9.94,10.43,83115,86151196.0,0.0,0,10.18,0
20180411,1523376000000,10.4,10.9,10.23,10.870000000000001,106146,113168677.0,0.0,0,10.43,0
20180412,1523462400000,10.780000000000001,11.080000000000002,10.620000000000001,10.780000000000001,73555,79548491.0,0.0,0,10.870000000000001,0
20180413,1523548800000,10.9,11.06,10.67,10.67,54900,59438939.0,0.0,0,10.78,0
20180416,1523808000000,10.62,10.62,10.11,10.28,46320,47660665.0,0.0,0,10.67,0
20180417,1523894400000,10.3,10.35,9.91,10.0,37152,37410013.99999999,0.0,0,10.28,0
20180418,1523980800000,10.06,10.450000000000001,9.950000000000001,10.39,43227,44176630.0,0.0,0,10.000000000000002,0
20180419,1524067200000,10.31,10.39,10.18,10.25,25798,26451008.000000004,0.0,0,10.39,0
20180420,1524153600000,10.25,10.25,9.48,9.52,41190,40608053.00000001,0.0,0,10.25,0
20180423,1524412800000,9.459999999999999,9.67,9.01,9.299999999999999,34703,32282518.000000004,0.0,0,9.52,0
20180424,1524499200000,9.26,9.68,9.26,9.65,28998,27607092.0,0.0,0,9.299999999999999,0
20180425,1524585600000,9.68,9.69,9.5,9.62,19509,18717807.0,0.0,0,9.65,0
20180426,1524672000000,9.67,9.68,9.24,9.31,20427,19253044.000000004,0.0,0,9.620000000000001,0
20180427,1524758400000,9.4,9.850000000000001,9.31,9.620000000000001,32597,31455963.000000004,0.0,0,9.31,0
20180502,1525190400000,9.600000000000001,9.600000000000001,8.88,8.940000000000001,59092,53942475.0,0.0,0,9.620000000000001,0
20180503,1525276800000,8.930000000000001,9.180000000000001,8.88,9.16,31198,28367121.0,0.0,0,8.940000000000001,0
20180504,1525363200000,9.15,9.299999999999999,9.1,9.25,23781,21871784.0,0.0,0,9.16,0
20180507,1525622400000,9.270000000000001,9.500000000000002,9.200000000000001,9.500000000000002,27518,25747515.0,0.0,0,9.250000000000002,0
20180508,1525708800000,9.5,10.45,9.35,10.45,37150,37530173.0,0.0,0,9.5,0
20180509,1525795200000,10.690000000000001,10.99,10.15,10.35,146904,155867532.99999997,0.0,0,10.370000000000001,0
20180510,1525881600000,10.270000000000001,10.55,10.120000000000001,10.31,73738,76089019.0,0.0,0,10.350000000000001,0
20180511,1525968000000,10.21,10.55,10.07,10.1,56187,57951787.0,0.0,0,10.31,0
20180514,1526227200000,10.030000000000001,10.030000000000001,9.700000000000001,9.98,38024,37622157.0,0.0,0,10.100000000000001,0
20180515,1526313600000,10.0,10.670000000000002,9.88,10.41,52656,53828086.0,0.0,0,9.98,0
20180516,1526400000000,10.27,10.93,10.1,10.4,73016,76790248.99999999,0.0,0,10.41,0
20180517,1526486400000,10.21,10.42,10.16,10.21,35988,36926265.0,0.0,0,10.4,0
20180518,1526572800000,10.23,10.32,10.02,10.18,25409,25703606.0,0.0,0,10.209999999999999,0
20180521,1526832000000,10.27,10.35,10.08,10.35,35732,36568187.0,0.0,0,10.18,0
20180522,1526918400000,10.290000000000001,10.4,10.200000000000001,10.3,26078,26837361.000000004,0.0,0,10.350000000000001,0
20180523,1527004800000,10.280000000000001,10.280000000000001,9.97,9.97,29669,30023350.0,0.0,0,10.3,0
20180524,1527091200000,10.010000000000002,10.15,9.8,9.83,29271,29217401.999999996,0.0,0,9.97,0
20180525,1527177600000,9.95,10.809999999999999,9.85,10.809999999999999,88773,94498173.0,0.0,0,9.83,0
20180528,1527436800000,11.54,11.89,11.42,11.89,66968,78516502.00000001,0.0,0,10.81,0
20180529,1527523200000,13.08,13.08,12.13,13.08,346976,446199864.0,0.0,0,11.89,0
20180530,1527609600000,12.219999999999999,12.879999999999999,11.77,11.77,271593,333012998.0,0.0,0,13.08,0
20180531,1527696000000,11.5,12.67,11.19,12.23,286200,338229290.0,0.0,0,11.77,0
20180601,1527782400000,11.7,11.9,11.01,11.01,188685,215025363.00000003,0.0,0,12.23,0
20180604,1528041600000,10.7,10.99,10.33,10.47,126239,133985584.0,0.0,0,11.01,0
20180605,1528128000000,10.520000000000001,10.91,10.46,10.88,105853,113357926.0,0.0,0,10.47,0
20180606,1528214400000,10.82,11.100000000000001,10.64,10.950000000000001,105211,114540177.00000001,0.0,0,10.88,0
20180607,1528300800000,11.049999999999999,11.059999999999999,10.53,10.61,79125,85214072.0,0.0,0,10.95,0
20180608,1528387200000,10.53,11.059999999999999,10.53,10.969999999999999,92872,101158438.0,0.0,0,10.61,0
20180611,1528646400000,10.959999999999999,10.969999999999999,10.68,10.95,60548,65582127.0,0.0,0,10.969999999999999,0
20180612,1528732800000,10.9,11.799999999999999,10.52,11.45,119688,133134847.00000001,0.0,0,10.95,0
20180613,1528819200000,11.219999999999999,11.98,11.1,11.51,148057,170933464.0,0.0,0,11.45,0
20180614,1528905600000,11.350000000000001,11.610000000000001,10.81,11.120000000000001,92913,104581817.0,0.0,0,11.51,0
20180615,1528992000000,11.03,11.03,10.36,10.41,71162,75881934.0,0.0,0,11.12,0
20180619,1529337600000,10.13,10.180000000000001,9.370000000000001,9.370000000000001,66314,64355902.0,0.0,0,10.41,0
20180620,1529424000000,9.15,9.6,8.91,9.5,56471,52802730.0,0.0,0,9.370000000000001,0
20180621,1529510400000,9.500000000000002,9.580000000000002,8.950000000000001,9.07,55031,51107551.0,0.0,0,9.500000000000002,0
20180622,1529596800000,8.88,9.25,8.72,9.21,34880,31782211.0,0.0,0,9.07,0
20180625,1529856000000,9.270000000000001,9.4,9.05,9.06,32239,29644976.0,0.0,0,9.21,0
20180626,1529942400000,8.85,9.34,8.85,9.31,33817,30918738.0,0.0,0,9.06,0
20180627,1530028800000,9.219999999999999,9.379999999999999,9.11,9.16,30189,27896611.0,0.0,0,9.309999999999999,0
20180628,1530115200000,9.0,9.29,9.0,9.18,29887,27456387.0,0.0,0,9.16,0
20180629,1530201600000,9.13,9.66,9.13,9.540000000000001,45765,43199270.0,0.0,0,9.180000000000001,0
20180702,1530460800000,9.46,9.690000000000001,9.15,9.32,38455,36394113.00000001,0.0,0,9.540000000000001,0
20180703,1530547200000,9.350000000000001,9.88,9.22,9.66,46245,44173212.0,0.0,0,9.32,0
20180704,1530633600000,9.57,9.700000000000001,9.290000000000001,9.47,31015,29359314.000000004,0.0,0,9.66,0
20180705,1530720000000,9.44,9.57,8.99,9.01,29128,26911922.0,0.0,0,9.47,0
20180706,1530806400000,9.0,9.23,8.76,9.03,29202,26390613.999999996,0.0,0,9.01,0
20180709,1531065600000,9.08,9.48,9.05,9.41,32447,30222612.000000004,0.0,0,9.030000000000001,0
20180710,1531152000000,9.36,10.35,9.36,9.959999999999999,95317,95263489.0,0.0,0,9.41,0
20180711,1531238400000,9.52,9.85,9.51,9.799999999999999,62169,60027158.0,0.0,0,9.959999999999999,0
20180712,1531324800000,9.65,10.08,9.65,9.94,50794,50460167.0,0.0,0,9.8,0
20180713,1531411200000,9.93,10.58,9.83,10.13,70258,71911961.00000001,0.0,0,9.94,0
20180716,1531670400000,10.110000000000001,10.23,9.790000000000001,9.940000000000001,38253,38076706.0,0.0,0,10.13,0
20180717,1531756800000,9.860000000000001,9.98,9.72,9.91,28351,27902650.999999996,0.0,0,9.940000000000001,0
20180718,1531843200000,10.030000000000001,10.13,9.88,9.89,27657,27614021.0,0.0,0,9.91,0
20180719,1531929600000,9.78,10.04,9.78,9.799999999999999,21223,20989264.000000004,0.0,0,9.889999999999999,0
20180720,1532016000000,9.72,10.1,9.67,10.04,37472,37184926.00000001,0.0,0,9.8,0
20180723,1532275200000,9.82,9.98,9.09,9.39,61101,58243618.0,0.0,0,10.04,0
20180724,1532361600000,9.36,9.58,9.25,9.52,30205,28615578.000000004,0.0,0,9.39,0
20180725,1532448000000,9.46,10.46,9.4,9.860000000000001,50233,49696831.0,0.0,0,9.52,0
20180726,1532534400000,9.83,9.98,9.74,9.86,33523,33107386.0,0.0,0,9.86,0
20180727,1532620800000,9.85,9.86,9.52,9.62,28961,27974598.0,0.0,0,9.86,0
20180730,1532880000000,9.6,9.6,9.17,9.27,26085,24429919.000000004,0.0,0,9.62,0
20180731,1532966400000,9.250000000000002,9.430000000000001,9.200000000000001,9.3,13692,12757214.000000002,0.0,0,9.270000000000001,0
20180801,1533052800000,9.25,9.39,9.15,9.19,13953,12899564.0,0.0,0,9.3,0
20180802,1533139200000,9.190000000000001,9.190000000000001,8.65,8.82,25719,22719061.0,0.0,0,9.190000000000001,0
20180803,1533225600000,8.81,8.97,8.700000000000001,8.700000000000001,13519,11941628.0,0.0,0,8.82,0
20180806,1533484800000,8.71,8.780000000000001,8.38,8.4,16693,14291404.0,0.0,0,8.700000000000001,0
20180807,1533571200000,8.68,8.68,8.4,8.64,14237,12200202.000000002,0.0,0,8.4,0
20180808,1533657600000,8.629999999999999,8.67,8.45,8.45,10823,9235996.0,0.0,0,8.639999999999999,0
20180809,1533744000000,8.430000000000001,8.74,8.38,8.67,15370,13267080.000000002,0.0,0,8.450000000000001,0
20180810,1533830400000,8.61,8.95,8.61,8.809999999999999,18851,16621331.999999998,0.0,0,8.67,0
20180813,1534089600000,8.66,8.93,8.66,8.9,16760,14788696.999999998,0.0,0,8.81,0
20180814,1534176000000,8.9,8.92,8.75,8.86,10847,9572569.0,0.0,0,8.9,0
20180815,1534262400000,8.82,8.86,8.51,8.57,15367,13290830.0,0.0,0,8.86,0
20180816,1534348800000,8.53,8.61,8.41,8.49,11475,9782029.0,0.0,0,8.57,0
20180817,1534435200000,8.58,8.620000000000001,8.07,8.1,17883,14862427.0,0.0,0,8.49,0
20180820,1534694400000,8.07,8.700000000000001,8.07,8.41,18551,15463207.999999998,0.0,0,8.1,0
20180821,1534780800000,8.42,8.479999999999999,8.2,8.389999999999999,14367,12010485.000000002,0.0,0,8.41,0
20180822,1534867200000,8.4,8.49,8.19,8.219999999999999,8287,6886647.0,0.0,0,8.389999999999999,0
20180823,1534953600000,8.219999999999999,8.35,8.18,8.31,10227,8477601.999999998,0.0,0,8.219999999999999,0
20180824,1535040000000,8.23,8.360000000000001,8.23,8.31,9237,7670518.0,0.0,0,8.31,0
20180827,1535299200000,8.319999999999999,8.479999999999999,8.28,8.459999999999999,15547,13096851.0,0.0,0,8.309999999999999,0
20180828,1535385600000,8.46,8.55,8.4,8.49,11450,9729045.0,0.0,0,8.46,0
20180829,1535472000000,8.5,8.600000000000001,8.46,8.510000000000002,13821,11768329.0,0.0,0,8.49,0
20180830,1535558400000,8.51,8.56,8.24,8.25,11693,9792992.0,0.0,0,8.51,0
20180831,1535644800000,8.23,8.430000000000001,8.21,8.290000000000001,13929,11597256.999999998,0.0,0,8.25,0
20180903,1535904000000,8.370000000000001,8.370000000000001,8.13,8.21,11630,9555669.0,0.0,0,8.290000000000001,0
20180904,1535990400000,8.209999999999999,8.48,8.17,8.4,14767,12256357.000000002,0.0,0,8.209999999999999,0
20180905,1536076800000,8.4,8.41,8.22,8.23,17001,14086146.999999998,0.0,0,8.4,0
20180906,1536163200000,8.22,8.22,7.61,8.11,21630,17385454.0,0.0,0,8.23,0
20180907,1536249600000,8.02,8.29,8.01,8.049999999999999,13026,10583254.999999998,0.0,0,8.11,0
20180910,1536508800000,8.12,8.2,7.92,7.9799999999999995,14582,11784311.999999998,0.0,0,8.05,0
20180911,1536595200000,8.0,8.08,7.930000000000001,7.99,8654,6930383.0,0.0,0,7.98,0
20180912,1536681600000,7.92,8.17,7.91,8.120000000000001,11193,9051620.0,0.0,0,7.99,0
20180913,1536768000000,8.120000000000001,8.27,7.98,8.07,12916,10411374.0,0.0,0,8.120000000000001,0
20180914,1536854400000,8.1,8.1,8.01,8.02,7150,5745353.0,0.0,0,8.07,0
20180917,1537113600000,8.0,8.040000000000001,7.74,7.86,15470,12142815.000000002,0.0,0,8.02,0
20180918,1537200000000,7.89,7.95,7.76,7.9399999999999995,8907,7021989.000000001,0.0,0,7.859999999999999,0
20180919,1537286400000,7.94,8.13,7.86,8.06,11388,9151327.0,0.0,0,7.94,0
20180920,1537372800000,8.06,8.1,7.99,8.02,7770,6242415.0,0.0,0,8.06,0
20180921,1537459200000,7.99,8.17,7.99,8.15,11615,9400703.0,0.0,0,8.02,0
20180925,1537804800000,8.110000000000001,8.14,8.06,8.1,7685,6216386.000000001,0.0,0,8.15,0
20180926,1537891200000,8.1,8.18,8.06,8.08,10110,8201627.0,0.0,0,8.1,0
20180927,1537977600000,8.040000000000001,8.1,7.86,7.87,12599,10066167.000000002,0.0,0,8.08,0
20180928,1538064000000,7.86,8.01,7.86,7.95,7582,6034873.0,0.0,0,7.87,0
20181008,1538928000000,7.91,7.91,7.63,7.67,14207,11054970.999999998,0.0,0,7.95,0
20181009,1539014400000,7.84,7.84,7.55,7.62,9325,7154192.0,0.0,0,7.67,0
20181010,1539100800000,7.85,7.85,7.59,7.76,10215,7888162.0,0.0,0,7.62,0
20181011,1539187200000,7.62,7.720000000000001,7.2700000000000005,7.37,19730,14833158.0,0.0,0,7.760000000000001,0
20181012,1539273600000,8.11,8.11,7.58,7.82,81053,64298586.0,0.0,0,7.37,0
20181015,1539532800000,7.550000000000001,7.65,7.3100000000000005,7.460000000000001,39215,29345191.0,0.0,0,7.82,0
20181016,1539619200000,7.44,7.48,7.03,7.03,29502,21325570.0,0.0,0,7.46,0
20181017,1539705600000,7.12,7.24,6.61,6.880000000000001,28656,19773655.0,0.0,0,7.03,0
20181018,1539792000000,6.79,6.98,6.48,6.510000000000001,21380,14094010.0,0.0,0,6.880000000000001,0
20181019,1539878400000,6.5,6.71,6.37,6.66,20304,13284711.0,0.0,0,6.51,0
20181022,1540137600000,6.68,7.01,6.68,6.9399999999999995,25161,17362357.0,0.0,0,6.66,0
20181023,1540224000000,6.94,7.16,6.86,6.970000000000001,23486,16448379.000000002,0.0,0,6.94,0
20181024,1540310400000,6.88,7.07,6.88,6.96,14635,10208885.0,0.0,0,6.97,0
20181025,1540396800000,6.78,6.96,6.67,6.89,17720,12079646.000000002,0.0,0,6.96,0
20181026,1540483200000,7.0,7.01,6.87,6.95,13569,9413569.0,0.0,0,6.89,0
20181029,1540742400000,6.91,7.12,6.78,7.010000000000001,16590,11623192.0,0.0,0,6.95,0
20181030,1540828800000,7.09,7.09,6.82,7.010000000000001,11976,8313808.0,0.0,0,7.010000000000001,0
20181031,1540915200000,6.98,7.15,6.98,7.07,15509,10962564.0,0.0,0,7.010000000000001,0
20181101,1541001600000,7.04,7.19,7.04,7.11,15900,11319298.0,0.0,0,7.07,0
20181102,1541088000000,7.140000000000001,7.3500000000000005,7.140000000000001,7.290000000000001,26328,19073237.0,0.0,0,7.11,0
20181105,1541347200000,7.38,7.48,7.25,7.34,19200,14095169.0,0.0,0,7.29,0
20181106,1541433600000,7.3,7.87,7.2,7.6000000000000005,27707,20624028.0,0.0,0,7.34,0
20181107,1541520000000,7.43,7.5600000000000005,7.41,7.42,18244,13640809.0,0.0,0,7.6000000000000005,0
20181108,1541606400000,7.4399999999999995,7.53,7.34,7.37,13873,10321626.999999998,0.0,0,7.42,0
20181109,1541692800000,7.29,7.42,7.28,7.32,11818,8679961.0,0.0,0,7.37,0
20181112,1541952000000,7.38,7.58,7.33,7.5600000000000005,17686,13258708.000000002,0.0,0,7.32,0
20181113,1542038400000,7.5,7.82,7.46,7.72,26177,20064527.0,0.0,0,7.56,0
20181114,1542124800000,7.67,7.83,7.65,7.69,22604,17503911.0,0.0,0,7.720000000000001,0
20181115,1542211200000,7.74,7.930000000000001,7.7,7.8500000000000005,18739,14668045.000000002,0.0,0,7.69,0
20181116,1542297600000,7.87,8.290000000000001,7.86,8.16,34698,28207446.0,0.0,0,7.8500000000000005,0
20181119,1542556800000,8.0,8.26,8.0,8.13,26728,21701017.0,0.0,0,8.16,0
20181120,1542643200000,8.149999999999999,8.459999999999999,8.03,8.129999999999999,28092,22969381.0,0.0,0,8.129999999999999,0
20181121,1542729600000,7.9,8.3,7.9,8.25,16789,13724560.000000002,0.0,0,8.13,0
20181122,1542816000000,8.23,8.52,8.23,8.39,26295,22064986.999999996,0.0,0,8.25,0
20181123,1542902400000,8.4,8.450000000000001,7.5600000000000005,8.040000000000001,33354,26746098.000000004,0.0,0,8.39,0
20181126,1543161600000,8.0,8.120000000000001,7.890000000000001,8.030000000000001,13414,10776979.000000002,0.0,0,8.040000000000001,0
20181127,1543248000000,8.05,8.15,7.96,7.97,18757,15092778.999999998,0.0,0,8.03,0
20181128,1543334400000,7.97,8.16,7.91,8.16,14438,11688474.0,0.0,0,7.97,0
20181129,1543420800000,8.200000000000001,8.290000000000001,7.8500000000000005,7.9,12512,10075077.0,0.0,0,8.16,0
20181130,1543507200000,7.88,8.08,7.82,8.05,10762,8617176.0,0.0,0,7.9,0
20181203,1543766400000,8.42,8.42,8.24,8.28,33253,27748944.0,0.0,0,8.05,0
20181204,1543852800000,8.23,8.38,8.21,8.31,14912,12350693.0,0.0,0,8.280000000000001,0
20181205,1543939200000,8.19,8.35,8.07,8.23,11948,9838824.0,0.0,0,8.31,0
20181206,1544025600000,8.19,8.319999999999999,8.03,8.08,12957,10541445.0,0.0,0,8.229999999999999,0
20181207,1544112000000,8.11,8.15,7.79,7.84,21837,17179516.0,0.0,0,8.08,0
20181210,1544371200000,7.840000000000001,7.86,7.65,7.74,14549,11251233.0,0.0,0,7.840000000000001,0
20181211,1544457600000,7.72,7.83,7.66,7.8,7494,5813171.0,0.0,0,7.74,0
20181212,1544544000000,7.8,7.88,7.62,7.63,9029,6972195.000000001,0.0,0,7.8,0
20181213,1544630400000,7.72,7.82,7.63,7.7299999999999995,12088,9356560.0,0.0,0,7.63,0
20181214,1544716800000,7.7299999999999995,7.78,7.34,7.41,14995,11332413.000000002,0.0,0,7.7299999999999995,0
20181217,1544976000000,7.4,7.49,7.33,7.45,7715,5721724.000000001,0.0,0,7.41,0
20181218,1545062400000,7.3,7.41,7.18,7.31,6875,5030777.0,0.0,0,7.449999999999999,0
20181219,1545148800000,7.36,7.44,7.1000000000000005,7.12,8668,6236878.0,0.0,0,7.3100000000000005,0
20181220,1545235200000,7.19,7.25,7.04,7.18,8562,6123829.000000001,0.0,0,7.12,0
20181221,1545321600000,7.140000000000001,7.65,7.140000000000001,7.380000000000001,21190,15734086.0,0.0,0,7.180000000000001,0
20181224,1545580800000,7.4,7.49,7.28,7.38,9781,7236951.0,0.0,0,7.38,0
20181225,1545667200000,7.300000000000001,7.370000000000001,7.1000000000000005,7.340000000000001,10650,7699100.0,0.0,0,7.380000000000001,0
20181226,1545753600000,7.37,7.42,7.26,7.27,8733,6392255.0,0.0,0,7.34,0
20181227,1545840000000,7.38,7.49,7.26,7.279999999999999,9246,6757798.0,0.0,0,7.27,0
20181228,1545926400000,7.28,7.28,7.1000000000000005,7.170000000000001,10281,7395086.0,0.0,0,7.28,0
20190102,1546358400000,7.16,7.26,7.12,7.24,8191,5907752.0,0.0,0,7.17,0
20190103,1546444800000,7.26,7.38,7.25,7.27,8230,6012749.0,0.0,0,7.24,0
20190104,1546531200000,7.17,7.46,7.13,7.4,9498,6979688.0,0.0,0,7.27,0
20190107,1546790400000,7.43,7.62,7.43,7.58,10801,8142684.000000001,0.0,0,7.3999999999999995,0
20190108,1546876800000,7.59,7.6,7.47,7.58,7814,5896905.0,0.0,0,7.58,0
20190109,1546963200000,7.63,7.68,7.51,7.529999999999999,7228,5503792.0,0.0,0,7.58,0
20190110,1547049600000,7.53,7.67,7.4,7.48,8986,6790207.0,0.0,0,7.53,0
20190111,1547136000000,7.48,7.58,7.45,7.5200000000000005,5337,4006607.0,0.0,0,7.48,0
20190114,1547395200000,7.5200000000000005,7.5600000000000005,7.36,7.41,6819,5081733.0,0.0,0,7.5200000000000005,0
20190115,1547481600000,7.47,7.62,7.41,7.59,10263,7764641.999999999,0.0,0,7.41,0
20190116,1547568000000,7.640000000000001,7.65,7.57,7.61,7757,5908990.0,0.0,0,7.59,0
20190117,1547654400000,7.61,7.67,7.49,7.51,8296,6280083.000000001,0.0,0,7.61,0
20190118,1547740800000,7.51,7.62,7.42,7.54,7973,5992580.0,0.0,0,7.51,0
20190121,1548000000000,7.4799999999999995,7.65,7.46,7.54,9203,6967183.0,0.0,0,7.54,0
20190122,1548086400000,7.54,7.54,7.32,7.390000000000001,11233,8351387.0,0.0,0,7.54,0
20190123,1548172800000,7.46,7.87,7.43,7.58,28346,21715722.999999996,0.0,0,7.39,0
20190124,1548259200000,7.55,7.55,7.41,7.48,15868,11869878.0,0.0,0,7.58,0
20190125,1548345600000,7.43,7.51,7.38,7.46,13195,9823227.999999998,0.0,0,7.4799999999999995,0
20190128,1548604800000,7.48,7.53,7.3500000000000005,7.37,13851,10286287.999999998,0.0,0,7.460000000000001,0
20190129,1548691200000,7.37,7.390000000000001,6.91,7.21,15683,11280229.0,0.0,0,7.37,0
20190130,1548777600000,7.22,7.25,7.09,7.14,7556,5420115.0,0.0,0,7.21,0
20190131,1548864000000,7.11,7.220000000000001,7.0200000000000005,7.0600000000000005,12881,9154265.0,0.0,0,7.140000000000001,0
20190201,1548950400000,7.0600000000000005,7.32,7.0600000000000005,7.28,5839,4227475.0,0.0,0,7.0600000000000005,0
20190211,1549814400000,7.29,7.44,7.24,7.44,6173,4556549.000000001,0.0,0,7.28,0
20190212,1549900800000,7.44,7.5600000000000005,7.33,7.5600000000000005,12805,9582927.000000002,0.0,0,7.44,0
20190213,1549987200000,7.55,7.7,7.46,7.65,16102,12225734.000000002,0.0,0,7.56,0
20190214,1550073600000,7.58,7.87,7.58,7.79,22563,17508017.0,0.0,0,7.65,0
20190215,1550160000000,7.77,7.97,7.75,7.95,23112,18253508.0,0.0,0,7.79,0
20190218,1550419200000,7.96,8.18,7.96,8.07,24946,20141628.0,0.0,0,7.95,0
20190219,1550505600000,8.05,8.17,7.930000000000001,8.030000000000001,22483,18047938.0,0.0,0,8.07,0
20190220,1550592000000,8.190000000000001,8.190000000000001,7.98,8.030000000000001,13627,10965962.000000002,0.0,0,8.030000000000001,0
20190221,1550678400000,8.02,8.06,7.95,7.95,16920,13569281.000000002,0.0,0,8.03,0
20190222,1550764800000,7.99,8.46,7.91,8.16,50863,41713862.0,0.0,0,7.95,0
20190225,1551024000000,8.22,8.73,8.22,8.57,63459,53922831.0,0.0,0,8.16,0
20190226,1551110400000,8.51,9.43,8.5,9.43,128352,119307865.0,0.0,0,8.57,0
20190227,1551196800000,9.45,10.26,9.25,10.17,125645,123187672.0,0.0,0,9.43,0
20190228,1551283200000,9.88,10.08,9.63,9.66,59907,58893090.0,0.0,0,10.170000000000002,0
20190301,1551369600000,9.65,10.24,9.57,10.1,57477,57614655.0,0.0,0,9.66,0
20190304,1551628800000,10.2,10.3,9.92,10.12,45296,45808811.00000001,0.0,0,10.1,0
20190305,1551715200000,10.120000000000001,10.25,9.96,10.180000000000001,34865,35187601.0,0.0,0,10.120000000000001,0
20190306,1551801600000,10.15,10.29,10.01,10.09,49747,50287123.0,0.0,0,10.18,0
20190307,1551888000000,10.15,10.379999999999999,10.01,10.24,58001,59176035.0,0.0,0,10.09,0
20190308,1551974400000,10.23,10.23,9.48,9.51,44851,44106901.0,0.0,0,10.24,0
20190311,1552233600000,9.6,10.15,9.6,10.049999999999999,43237,43206826.0,0.0,0,9.51,0
20190312,1552320000000,10.22,10.36,9.99,10.11,42577,43349903.0,0.0,0,10.05,0
20190313,1552406400000,10.23,11.120000000000001,10.14,10.98,113128,123013118.0,0.0,0,10.110000000000001,0
20190314,1552492800000,10.620000000000001,10.790000000000001,9.88,10.21,81317,83896610.00000001,0.0,0,10.98,0
20190315,1552579200000,10.36,11.2,10.01,10.879999999999999,46340,48180849.00000001,0.0,0,10.209999999999999,0
20190318,1552838400000,10.79,11.05,10.5,10.89,42557,45842214.0,0.0,0,10.88,0
20190319,1552924800000,10.83,11.15,10.8,10.98,28204,31005447.000000004,0.0,0,10.89,0
20190320,1553011200000,10.91,10.98,10.620000000000001,10.72,26403,28383545.000000004,0.0,0,10.98,0
20190321,1553097600000,10.73,10.930000000000001,10.71,10.83,20217,21843179.0,0.0,0,10.72,0
20190322,1553184000000,10.940000000000001,10.940000000000001,10.71,10.71,17130,18468177.0,0.0,0,10.83,0
20190325,1553443200000,10.65,10.8,10.5,10.68,24345,25934622.0,0.0,0,10.71,0
20190326,1553529600000,10.77,10.77,10.32,10.44,17291,18235693.0,0.0,0,10.68,0
20190327,1553616000000,10.44,10.6,10.42,10.55,14866,15629783.0,0.0,0,10.44,0
20190328,1553702400000,10.66,11.200000000000001,10.540000000000001,10.950000000000001,48641,53192095.0,0.0,0,10.55,0
20190329,1553788800000,11.03,11.5,10.93,11.19,41364,46450464.0,0.0,0,10.95,0
20190401,1554048000000,11.4,11.5,11.15,11.370000000000001,34616,39189606.0,0.0,0,11.19,0
20190402,1554134400000,11.350000000000001,12.0,11.22,11.84,48224,55783173.0,0.0,0,11.370000000000001,0
20190403,1554220800000,11.99,11.99,11.63,11.790000000000001,22658,26703995.000000004,0.0,0,11.840000000000002,0
20190404,1554307200000,11.83,12.88,11.790000000000001,12.66,62035,76649557.0,0.0,0,11.790000000000001,0
20190408,1554652800000,12.66,12.66,12.66,12.66,0,0.0,0.0,0,12.66,1
20190409,1554739200000,12.66,12.66,12.66,12.66,0,0.0,0.0,0,12.66,1
20190410,1554825600000,12.66,12.66,12.66,12.66,0,0.0,0.0,0,12.66,1
20190411,1554912000000,12.66,12.66,12.66,12.66,0,0.0,0.0,0,12.66,1
20190412,1554998400000,12.66,12.66,12.66,12.66,0,0.0,0.0,0,12.66,1
20190415,1555257600000,12.66,12.66,12.66,12.66,0,0.0,0.0,0,12.66,1
20190416,1555344000000,12.66,12.66,12.66,12.66,0,0.0,0.0,0,12.66,1
20190417,1555430400000,12.66,12.66,12.66,12.66,0,0.0,0.0,0,12.66,1
20190418,1555516800000,12.66,12.66,12.66,12.66,0,0.0,0.0,0,12.66,1
20190419,1555603200000,12.66,12.66,12.66,12.66,0,0.0,0.0,0,12.66,1
20190422,1555862400000,13.93,13.93,13.93,13.93,6118,8523349.0,0.0,0,12.66,0
20190423,1555948800000,15.32,15.32,12.58,12.85,265457,380119750.00000006,0.0,0,13.93,0
20190424,1556035200000,12.24,12.58,11.57,11.6,203751,241029725.0,0.0,0,12.85,0
20190425,1556121600000,11.610000000000001,12.430000000000001,11.3,11.48,139586,164569654.0,0.0,0,11.600000000000001,0
20190426,1556208000000,11.44,11.459999999999999,10.52,10.62,107255,115785277.99999999,0.0,0,11.48,0
20190429,1556467200000,10.780000000000001,10.85,9.98,10.07,80422,82982117.0,0.0,0,10.620000000000001,0
20190430,1556553600000,10.1,10.299999999999999,10.01,10.2,42936,43543518.0,0.0,0,10.07,0
20190506,1557072000000,9.97,9.97,9.21,9.430000000000001,65570,63038160.00000001,0.0,0,10.200000000000001,0
20190507,1557158400000,9.440000000000001,9.75,9.3,9.520000000000001,37402,35535567.99999999,0.0,0,9.430000000000001,0
20190508,1557244800000,9.49,10.469999999999999,9.35,10.469999999999999,29988,30783834.0,0.0,0,9.52,0
20190509,1557331200000,10.299999999999999,11.0,10.01,10.07,80323,84032196.0,0.0,0,10.47,0
20190510,1557417600000,10.17,10.4,9.82,10.4,60838,62014328.0,0.0,0,10.07,0
20190513,1557676800000,10.11,10.37,10.11,10.16,34408,35088075.0,0.0,0,10.399999999999999,0
20190514,1557763200000,10.0,10.18,9.85,10.08,27236,27383369.0,0.0,0,10.16,0
20190515,1557849600000,10.1,11.0,10.1,10.37,47920,49969175.99999999,0.0,0,10.08,0
20190516,1557936000000,10.330000000000002,10.500000000000002,10.200000000000001,10.340000000000002,31235,32147260.0,0.0,0,10.370000000000001,0
20190517,1558022400000,10.31,10.39,9.93,9.959999999999999,36249,36568883.0,0.0,0,10.34,0
20190520,1558281600000,9.68,9.86,9.36,9.58,35659,34069522.00000001,0.0,0,9.959999999999999,0
20190521,1558368000000,9.61,9.959999999999999,9.61,9.87,31908,31389450.0,0.0,0,9.58,0
20190522,1558454400000,9.83,10.0,9.83,9.87,21162,20969963.0,0.0,0,9.87,0
20190523,1558540800000,9.93,9.99,9.58,9.6,20547,20066296.0,0.0,0,9.87,0
20190524,1558627200000,9.51,9.69,9.51,9.54,14095,13536725.0,0.0,0,9.6,0
20190527,1558886400000,9.510000000000002,9.940000000000001,9.450000000000001,9.860000000000001,22324,21913511.0,0.0,0,9.540000000000001,0
20190528,1558972800000,10.000000000000002,10.38,9.870000000000001,10.020000000000001,39393,40135218.0,0.0,0,9.860000000000001,0
20190529,1559059200000,10.049999999999999,10.23,9.93,9.94,25388,25537536.0,0.0,0,10.02,0
20190530,1559145600000,9.940000000000001,9.940000000000001,9.71,9.780000000000001,18883,18484022.0,0.0,0,9.940000000000001,0
20190531,1559232000000,9.790000000000001,9.950000000000001,9.64,9.75,16471,16069088.000000002,0.0,0,9.780000000000001,0
20190603,1559491200000,9.72,9.82,9.5,9.56,18293,17594720.0,0.0,0,9.75,0
20190604,1559577600000,9.5,9.6,9.41,9.48,13110,12427800.0,0.0,0,9.56,0
20190605,1559664000000,9.51,9.66,9.39,9.46,9956,9443781.0,0.0,0,9.48,0
20190606,1559750400000,9.5,9.51,9.02,9.07,21721,19896729.0,0.0,0,9.459999999999999,0
20190610,1560096000000,9.100000000000001,9.250000000000002,8.700000000000001,8.88,19595,17430760.0,0.0,0,9.07,0
20190611,1560182400000,8.78,9.17,8.78,9.12,19095,17203532.0,0.0,0,8.799999999999999,0
20190612,1560268800000,9.129999999999999,9.2,9.01,9.02,14188,12906761.0,0.0,0,9.12,0
20190613,1560355200000,9.05,9.120000000000001,8.97,9.120000000000001,12138,10997373.999999998,0.0,0,9.020000000000001,0
20190614,1560441600000,9.219999999999999,9.26,8.93,9.049999999999999,14042,12773069.0,0.0,0,9.12,0
20190617,1560700800000,9.049999999999999,9.18,8.94,9.0,11302,10206975.999999998,0.0,0,9.049999999999999,0
20190618,1560787200000,9.0,9.03,8.83,8.84,12725,11315198.0,0.0,0,9.0,0
20190619,1560873600000,8.94,9.18,8.92,8.959999999999999,17670,15858544.000000002,0.0,0,8.84,0
20190620,1560960000000,8.99,9.12,8.94,9.059999999999999,19665,17791376.0,0.0,0,8.959999999999999,0
20190621,1561046400000,9.200000000000001,9.3,9.120000000000001,9.23,22703,20900040.0,0.0,0,9.06,0
20190624,1561305600000,9.200000000000001,9.49,9.14,9.48,28512,26513649.0,0.0,0,9.23,0
20190625,1561392000000,9.42,9.46,9.22,9.33,24300,22679981.0,0.0,0,9.48,0
20190626,1561478400000,9.3,9.48,9.24,9.26,14155,13186184.0,0.0,0,9.33,0
20190627,1561564800000,9.33,9.39,9.25,9.29,14426,13466552.999999998,0.0,0,9.26,0
20190628,1561651200000,9.35,9.35,9.08,9.13,14233,13068714.000000002,0.0,0,9.290000000000001,0
20190701,1561910400000,9.25,9.57,9.21,9.450000000000001,26702,25063480.999999996,0.0,0,9.13,0
20190702,1561996800000,9.530000000000001,9.530000000000001,9.3,9.33,16567,15511752.000000002,0.0,0,9.450000000000001,0
20190703,1562083200000,9.35,9.42,9.17,9.23,17555,16344435.000000002,0.0,0,9.33,0
20190704,1562169600000,9.28,9.299999999999999,9.18,9.219999999999999,13713,12664000.0,0.0,0,9.23,0
20190705,1562256000000,9.33,9.35,9.17,9.25,12094,11178049.0,0.0,0,9.22,0
20190708,1562515200000,9.27,9.29,8.85,8.87,18496,16628405.0,0.0,0,9.25,0
20190709,1562601600000,8.83,9.05,8.83,8.92,9240,8243707.0,0.0,0,8.87,0
20190710,1562688000000,8.99,8.99,8.83,8.86,11316,10036728.0,0.0,0,8.92,0
20190711,1562774400000,8.9,9.58,8.76,9.53,29530,27138312.0,0.0,0,8.86,0
20190712,1562860800000,9.29,9.38,9.17,9.19,29184,27023176.000000004,0.0,0,9.53,0
20190715,1563120000000,9.09,9.17,8.85,9.04,21086,18942928.0,0.0,0,9.19,0
20190716,1563206400000,9.05,9.15,8.98,9.05,10122,9175168.0,0.0,0,9.040000000000001,0
20190717,1563292800000,9.040000000000001,9.14,8.98,9.02,15277,13784043.000000002,0.0,0,9.05,0
20190718,1563379200000,9.01,9.01,8.82,8.82,15105,13415785.000000002,0.0,0,9.02,0
20190719,1563465600000,8.84,8.99,8.84,8.89,6431,5740798.0,0.0,0,8.82,0
20190722,1563724800000,8.9,8.950000000000001,8.620000000000001,8.66,13042,11387093.000000002,0.0,0,8.89,0
20190723,1563811200000,8.6,8.79,8.6,8.73,8726,7615044.000000001,0.0,0,8.66,0
20190724,1563897600000,8.8,8.94,8.74,8.89,10586,9395871.0,0.0,0,8.73,0
20190725,1563984000000,8.790000000000001,9.000000000000002,8.790000000000001,8.9,7992,7113477.0,0.0,0,8.89,0
20190726,1564070400000,8.83,8.94,8.83,8.92,6439,5725435.000000001,0.0,0,8.9,0
20190729,1564329600000,8.92,9.75,8.88,9.25,42511,39744733.00000001,0.0,0,8.92,0
20190730,1564416000000,9.219999999999999,9.35,9.11,9.149999999999999,22501,20699632.999999996,0.0,0,9.25,0
20190731,1564502400000,9.15,9.15,9.01,9.04,12338,11172575.000000002,0.0,0,9.15,0
20190801,1564588800000,9.000000000000002,9.15,8.950000000000001,9.120000000000001,11221,10188811.0,0.0,0,9.040000000000001,0
20190802,1564675200000,9.030000000000001,9.030000000000001,8.8,8.930000000000001,11517,10321057.0,0.0,0,9.120000000000001,0
20190805,1564934400000,9.000000000000002,9.040000000000001,8.870000000000001,8.9,10291,9208161.0,0.0,0,8.930000000000001,0
20190806,1565020800000,8.73,8.85,8.6,8.69,20031,17433940.0,0.0,0,8.9,0
20190807,1565107200000,8.780000000000001,8.8,8.63,8.63,9081,7914696.0,0.0,0,8.690000000000001,0
20190808,1565193600000,8.64,8.81,8.64,8.73,8754,7640938.0,0.0,15,8.63,0
20190809,1565280000000,8.780000000000001,8.85,8.65,8.74,10461,9143974.0,0.0,15,8.73,0
20190812,1565539200000,8.74,8.889999999999999,8.69,8.82,8123,7116566.000000001,0.0,15,8.74,0
20190813,1565625600000,8.73,8.76,8.66,8.69,9299,8092306.0,0.0,15,8.82,0
20190814,1565712000000,8.79,8.83,8.68,8.709999999999999,6898,6026758.000000001,0.0,15,8.69,0
20190815,1565798400000,8.510000000000002,8.73,8.370000000000001,8.670000000000002,12550,10778198.0,0.0,15,8.71,0
20190816,1565884800000,8.639999999999999,8.719999999999999,8.6,8.62,11243,9744627.0,0.0,15,8.67,0
20190819,1566144000000,8.629999999999999,8.889999999999999,8.6,8.81,18634,16287509.0,0.0,15,8.62,0
20190820,1566230400000,8.8,8.9,8.72,8.74,12898,11334178.0,0.0,15,8.81,0
20190821,1566316800000,8.74,8.84,8.74,8.84,9578,8425566.000000002,0.0,15,8.74,0
20190822,1566403200000,8.84,8.88,8.75,8.83,11440,10083728.0,0.0,15,8.84,0
20190823,1566489600000,8.85,9.0,8.76,8.89,19176,17044225.0,0.0,15,8.83,0
20190826,1566748800000,8.77,9.26,8.67,9.15,37814,34244155.0,0.0,15,8.89,0
20190827,1566835200000,9.200000000000001,9.360000000000001,9.13,9.14,37923,34961708.0,0.0,15,9.15,0
20190828,1566921600000,9.190000000000001,9.200000000000001,9.06,9.06,14468,13175626.0,0.0,15,9.14,0
20190829,1567008000000,9.0,9.139999999999999,8.94,9.02,14740,13291698.0,0.0,15,9.059999999999999,0
20190830,1567094400000,9.05,9.12,8.84,8.959999999999999,15130,13571533.000000002,0.0,15,9.02,0
20190902,1567353600000,9.86,9.86,9.5,9.86,71418,70007162.0,0.0,15,8.96,0
20190903,1567440000000,10.13,10.85,9.99,10.28,231379,242065557.0,0.0,15,9.86,0
20190904,1567526400000,9.96,10.24,9.75,9.91,133357,132336511.99999999,0.0,15,10.28,0
20190905,1567612800000,9.91,10.19,9.77,9.99,96746,96148701.0,0.0,15,9.91,0
20190906,1567699200000,9.99,10.040000000000001,9.81,10.020000000000001,60930,60569003.00000001,0.0,15,9.99,0
20190909,1567958400000,10.08,10.28,9.91,10.17,75083,75826252.0,0.0,15,10.02,0
20190910,1568044800000,10.09,10.5,9.98,10.34,80990,82947250.0,0.0,15,10.17,0
20190911,1568131200000,10.4,10.4,10.16,10.18,39657,40558106.0,0.0,15,10.34,0
20190912,1568217600000,10.18,10.32,10.1,10.28,36417,37125611.0,0.0,15,10.18,0
20190916,1568563200000,10.29,10.33,9.94,10.0,46954,47545884.00000001,0.0,15,10.28,0
20190917,1568649600000,11.0,11.0,11.0,11.0,14819,16300944.0,0.0,15,10.0,0
20190918,1568736000000,12.1,12.1,11.61,12.1,304530,363669660.0,0.0,15,11.0,0
20190919,1568822400000,12.0,12.59,11.65,12.01,291914,355153345.0,0.0,15,12.1,0
20190920,1568908800000,12.01,12.98,12.01,12.47,227181,283904766.0,0.0,15,12.01,0
20190923,1569168000000,12.1,12.45,11.77,11.879999999999999,148727,179100068.0,0.0,15,12.469999999999999,0
20190924,1569254400000,11.76,12.290000000000001,11.66,11.77,121371,144489389.0,0.0,15,11.88,0
20190925,1569340800000,11.440000000000001,11.700000000000001,10.950000000000001,11.07,128905,144990036.0,0.0,15,11.770000000000001,0
20190926,1569427200000,10.98,11.0,10.02,10.2,108368,113201495.00000001,0.0,15,11.07,0
20190927,1569513600000,10.22,10.35,10.07,10.27,50035,51126281.0,0.0,15,10.200000000000001,0
20190930,1569772800000,10.23,10.270000000000001,9.950000000000001,10.000000000000002,40323,40545085.00000001,0.0,15,10.270000000000001,0
20191008,1570464000000,10.01,10.379999999999999,10.01,10.379999999999999,36199,36907176.0,0.0,15,10.0,0
20191009,1570550400000,10.690000000000001,11.290000000000001,10.55,10.940000000000001,95472,104154135.0,0.0,15,10.38,0
20191010,1570636800000,10.89,11.19,10.68,10.879999999999999,58606,64256681.0,0.0,15,10.94,0
20191011,1570723200000,11.09,11.48,10.93,10.969999999999999,58966,65604629.99999999,0.0,15,10.879999999999999,0
20191014,1570982400000,11.11,11.25,10.86,10.889999999999999,47980,52737533.00000001,0.0,15,10.969999999999999,0
20191015,1571068800000,10.78,11.2,10.53,11.17,59910,65146251.0,0.0,15,10.889999999999999,0
20191016,1571155200000,11.04,11.15,10.75,10.79,37912,41507627.0,0.0,15,11.17,0
20191017,1571241600000,10.700000000000001,10.85,10.65,10.68,24590,26406980.0,0.0,15,10.790000000000001,0
20191018,1571328000000,10.83,10.83,10.3,10.370000000000001,35255,37010794.0,0.0,15,10.680000000000001,0
20191021,1571587200000,10.399999999999999,10.399999999999999,10.03,10.299999999999999,28692,29230606.0,0.0,15,10.37,0
20191022,1571673600000,10.23,10.65,10.23,10.620000000000001,29750,31156692.0,0.0,15,10.3,0
20191023,1571760000000,10.51,10.69,10.41,10.42,22191,23364144.999999996,0.0,15,10.620000000000001,0
20191024,1571846400000,10.540000000000001,10.85,10.49,10.58,32919,35043155.0,0.0,15,10.42,0
20191025,1571932800000,10.46,11.3,10.46,11.100000000000001,62187,68399938.0,0.0,15,10.58,0
20191028,1572192000000,10.9,11.080000000000002,10.870000000000001,11.000000000000002,49650,54449739.0,0.0,15,11.100000000000001,0
20191029,1572278400000,11.05,11.15,10.46,10.47,56108,60029398.00000001,0.0,15,11.0,0
20191030,1572364800000,10.32,10.67,10.32,10.5,27720,29197558.0,0.0,15,10.47,0
20191031,1572451200000,10.63,10.73,10.31,10.35,25747,27021824.000000004,0.0,15,10.5,0
20191101,1572537600000,10.3,10.620000000000001,10.3,10.530000000000001,22704,23841319.0,0.0,15,10.350000000000001,0
20191104,1572796800000,10.530000000000001,10.73,10.32,10.5,25877,27426797.999999996,0.0,15,10.530000000000001,0
20191105,1572883200000,10.660000000000002,10.660000000000002,10.200000000000001,10.31,30838,31853897.0,0.0,15,10.500000000000002,0
20191106,1572969600000,10.3,10.38,10.15,10.24,15711,16069339.000000002,0.0,15,10.31,0
20191107,1573056000000,10.1,10.28,10.1,10.19,16146,16470561.000000002,0.0,15,10.24,0
20191108,1573142400000,10.3,10.33,10.13,10.21,16344,16719703.0,0.0,15,10.190000000000001,0
20191111,1573401600000,10.209999999999999,10.26,9.94,9.979999999999999,24102,24202073.0,0.0,15,10.209999999999999,0
20191112,1573488000000,9.950000000000001,10.3,9.950000000000001,10.160000000000002,16798,16988507.0,0.0,15,9.98,0
20191113,1573574400000,10.1,10.27,10.1,10.18,17454,17780513.0,0.0,15,10.16,0
20191114,1573660800000,10.24,10.29,10.0,10.18,17257,17557194.0,0.0,15,10.18,0
20191115,1573747200000,10.24,10.25,10.14,10.16,14806,15083671.0,0.0,15,10.18,0
20191118,1574006400000,10.23,10.290000000000001,10.15,10.27,15784,16153223.0,0.0,15,10.16,0
20191119,1574092800000,10.33,10.77,10.23,10.700000000000001,44624,47271883.00000001,0.0,15,10.27,0
20191120,1574179200000,10.78,10.84,10.53,10.559999999999999,30003,31908624.000000004,0.0,15,10.7,0
20191121,1574265600000,10.57,10.74,10.450000000000001,10.700000000000001,22591,23907270.0,0.0,15,10.56,0
20191122,1574352000000,10.600000000000001,10.72,10.3,10.370000000000001,27303,28652664.000000004,0.0,15,10.700000000000001,0
20191125,1574611200000,10.37,10.5,10.27,10.42,18714,19386980.0,0.0,15,10.37,0
20191126,1574697600000,10.4,10.48,10.33,10.45,11643,12113878.0,0.0,15,10.42,0
20191127,1574784000000,10.370000000000001,10.47,10.32,10.36,12498,12989380.000000002,0.0,15,10.450000000000001,0
20191128,1574870400000,10.360000000000001,10.58,10.31,10.56,22338,23472217.0,0.0,15,10.360000000000001,0
20191129,1574956800000,10.56,10.56,10.15,10.290000000000001,21544,22259326.0,0.0,15,10.56,0
20191202,1575216000000,10.18,10.35,10.07,10.1,20418,20771183.000000004,0.0,15,10.290000000000001,0
20191203,1575302400000,9.99,10.28,9.99,10.23,13963,14173540.0,0.0,15,10.1,0
20191204,1575388800000,10.15,10.32,10.05,10.14,18499,18824056.0,0.0,15,10.23,0
20191205,1575475200000,10.26,10.26,10.1,10.15,13975,14190474.0,0.0,15,10.139999999999999,0
20191206,1575561600000,10.14,10.17,10.09,10.15,12360,12517013.0,0.0,15,10.15,0
20191209,1575820800000,10.17,10.2,10.0,10.02,24491,24602784.0,0.0,15,10.15,0
20191210,1575907200000,10.05,10.05,9.870000000000001,9.96,21222,21069951.0,0.0,15,10.020000000000001,0
20191211,1575993600000,9.979999999999999,10.12,9.86,10.12,19587,19599184.0,0.0,15,9.959999999999999,0
20191212,1576080000000,10.07,10.139999999999999,9.94,10.0,17602,17590509.0,0.0,15,10.12,0
20191213,1576166400000,10.02,10.15,9.98,10.110000000000001,21382,21525523.0,0.0,15,10.0,0
20191216,1576425600000,10.11,10.16,10.01,10.15,19454,19642849.0,0.0,15,10.11,0
20191217,1576512000000,10.09,10.3,10.07,10.25,23987,24544530.0,0.0,15,10.15,0
20191218,1576598400000,10.270000000000001,10.33,10.22,10.280000000000001,25642,26331398.000000004,0.0,15,10.25,0
20191219,1576684800000,10.280000000000001,10.5,10.23,10.46,30595,31867630.0,0.0,15,10.280000000000001,0
20191220,1576771200000,10.48,10.690000000000001,10.39,10.4,29227,30765577.999999996,0.0,15,10.46,0
20191223,1577030400000,10.31,10.44,10.25,10.26,19567,20215701.0,0.0,15,10.4,0
20191224,1577116800000,10.23,10.64,10.21,10.600000000000001,40683,42909898.0,0.0,15,10.260000000000002,0
20191225,1577203200000,10.57,10.71,10.47,10.5,22013,23207843.0,0.0,15,10.600000000000001,0
20191226,1577289600000,10.549999999999999,10.61,10.44,10.549999999999999,17375,18272158.0,0.0,15,10.5,0
20191227,1577376000000,10.549999999999999,10.66,10.51,10.58,22961,24273346.0,0.0,15,10.549999999999999,0
20191230,1577635200000,10.58,10.58,10.3,10.440000000000001,24675,25662132.0,0.0,15,10.58,0
20191231,1577721600000,10.42,10.68,10.32,10.65,36757,39011693.0,0.0,15,10.44,0
20200102,1577894400000,10.639999999999999,10.719999999999999,10.61,10.68,25026,26707846.000000004,0.0,15,10.649999999999999,0
20200103,1577980800000,10.67,10.870000000000001,10.66,10.81,33353,35937963.0,0.0,15,10.68,0
20200106,1578240000000,10.65,10.78,10.58,10.62,29204,31227076.000000004,0.0,15,10.81,0
20200107,1578326400000,10.6,10.75,10.58,10.65,18665,19873100.0,0.0,15,10.62,0
20200108,1578412800000,10.59,10.6,10.35,10.379999999999999,30210,31665106.000000004,0.0,15,10.65,0
20200109,1578499200000,10.43,10.72,10.42,10.68,23883,25379972.0,0.0,15,10.38,0
20200110,1578585600000,10.75,10.889999999999999,10.6,10.79,25949,27904815.000000004,0.0,15,10.68,0
20200113,1578844800000,10.590000000000002,10.860000000000001,10.540000000000001,10.790000000000001,35450,38111251.0,0.0,15,10.790000000000001,0
20200114,1578931200000,10.81,11.05,10.790000000000001,10.8,35433,38554176.0,0.0,15,10.790000000000001,0
20200115,1579017600000,10.83,10.91,10.63,10.680000000000001,17421,18659247.0,0.0,15,10.8,0
20200116,1579104000000,10.760000000000002,10.780000000000001,10.540000000000001,10.57,19641,20919134.0,0.0,15,10.680000000000001,0
20200117,1579190400000,10.58,10.680000000000001,10.540000000000001,10.590000000000002,16877,17876865.0,0.0,15,10.57,0
20200120,1579449600000,10.6,10.75,10.6,10.74,17147,18306748.0,0.0,15,10.59,0
20200121,1579536000000,10.76,11.7,10.76,11.16,78469,87645552.0,0.0,15,10.74,0
20200122,1579622400000,11.31,11.38,10.72,10.88,46846,51220508.00000001,0.0,15,11.16,0
20200123,1579708800000,10.9,11.15,10.41,10.7,47907,51862813.0,0.0,15,10.88,0
20200203,1580659200000,9.63,10.010000000000002,9.63,9.63,62729,61364944.0,0.0,15,10.700000000000001,0
20200204,1580745600000,9.65,10.18,9.65,10.01,54379,53644389.99999999,0.0,15,9.63,0
20200205,1580832000000,10.010000000000002,10.450000000000001,9.950000000000001,10.410000000000002,53946,55209938.0,0.0,15,10.010000000000002,0
20200206,1580918400000,10.42,10.950000000000001,10.3,10.75,73762,79031977.0,0.0,15,10.41,0
20200207,1581004800000,10.76,11.09,10.4,10.63,56517,60512844.0,0.0,15,10.75,0
20200210,1581264000000,10.63,10.78,10.41,10.55,35467,37281836.0,0.0,15,10.63,0
20200211,1581350400000,10.55,10.55,10.23,10.25,40336,41580728.0,0.0,15,10.55,0
20200212,1581436800000,10.23,10.410000000000002,10.200000000000001,10.350000000000001,23765,24545887.000000004,0.0,15,10.250000000000002,0
20200213,1581523200000,10.34,10.35,10.1,10.16,30448,31017696.000000004,0.0,15,10.35,0
20200214,1581609600000,10.120000000000001,10.25,10.06,10.14,16820,17080828.000000004,0.0,15,10.16,0
20200217,1581868800000,10.219999999999999,10.389999999999999,10.1,10.35,25958,26770941.0,0.0,15,10.139999999999999,0
20200218,1581955200000,10.4,10.48,10.31,10.43,27371,28462523.999999996,0.0,15,10.35,0
20200219,1582041600000,10.43,10.92,10.39,10.83,61757,65905299.00000001,0.0,15,10.43,0
20200220,1582128000000,10.83,11.010000000000002,10.71,10.850000000000001,43912,47604623.0,0.0,15,10.83,0
20200221,1582214400000,10.8,10.96,10.74,10.92,44368,48099508.0,0.0,15,10.85,0
20200224,1582473600000,10.950000000000001,11.120000000000001,10.71,10.81,57948,62992808.0,0.0,15,10.920000000000002,0
20200225,1582560000000,10.600000000000001,11.180000000000001,10.3,11.180000000000001,92426,101101694.0,0.0,15,10.81,0
20200226,1582646400000,10.950000000000001,11.13,10.88,10.91,59470,65249133.0,0.0,15,11.180000000000001,0
20200227,1582732800000,10.950000000000001,11.16,10.81,11.05,47572,52328467.0,0.0,15,10.91,0
20200228,1582819200000,10.66,11.0,10.58,10.83,53836,58574032.0,0.0,15,11.05,0
20200302,1583078400000,11.14,11.540000000000001,11.040000000000001,11.430000000000001,85051,96274795.0,0.0,15,10.83,0
20200303,1583164800000,11.57,11.57,11.03,11.229999999999999,80171,90369851.00000001,0.0,15,11.43,0
20200304,1583251200000,11.23,11.41,11.120000000000001,11.370000000000001,38962,43958306.0,0.0,15,11.23,0
20200305,1583337600000,11.370000000000001,11.48,11.31,11.48,43196,49258370.0,0.0,15,11.370000000000001,0
20200306,1583424000000,11.389999999999999,11.549999999999999,11.35,11.469999999999999,34810,39883032.00000001,0.0,15,11.48,0
20200309,1583683200000,11.379999999999999,11.469999999999999,10.94,10.959999999999999,51249,57426056.0,0.0,15,11.469999999999999,0
20200310,1583769600000,10.92,11.11,10.57,10.9,49469,53541681.0,0.0,15,10.96,0
20200311,1583856000000,10.930000000000001,11.17,10.8,10.940000000000001,38009,41850966.00000001,0.0,15,10.9,0
20200312,1583942400000,10.77,10.9,10.52,10.54,30996,33078118.999999996,0.0,15,10.94,0
20200313,1584028800000,10.030000000000001,10.25,9.88,10.090000000000002,53943,54233035.0,0.0,15,10.540000000000001,0
20200316,1584288000000,10.22,10.280000000000001,9.89,9.96,31728,32057219.000000004,0.0,15,10.09,0
20200317,1584374400000,9.930000000000001,10.05,9.71,9.950000000000001,24141,23840636.0,0.0,15,9.96,0
20200318,1584460800000,10.120000000000001,10.120000000000001,9.91,9.95,16423,16435011.0,0.0,15,9.95,0
20200319,1584547200000,9.94,10.05,9.84,9.959999999999999,13410,13279152.999999998,0.0,15,9.95,0
20200320,1584633600000,10.07,10.2,10.0,10.14,13387,13531535.0,0.0,15,9.96,0
20200323,1584892800000,10.02,10.58,9.93,10.19,37199,38313342.0,0.0,15,10.14,0
20200324,1584979200000,10.2,10.45,10.08,10.31,20934,21434358.0,0.0,15,10.19,0
20200325,1585065600000,10.39,10.48,10.23,10.41,19951,20663769.0,0.0,15,10.31,0
20200326,1585152000000,10.39,10.39,10.24,10.32,13395,13826170.999999998,0.0,15,10.41,0
20200327,1585238400000,10.36,10.42,10.25,10.25,13327,13765717.000000002,0.0,15,10.32,0
20200330,1585497600000,10.22,10.3,10.120000000000001,10.21,13830,14137126.0,0.0,15,10.250000000000002,0
20200331,1585584000000,10.48,10.48,10.200000000000001,10.290000000000001,9277,9543311.0,0.0,15,10.21,0
20200401,1585670400000,10.280000000000001,10.450000000000001,10.21,10.440000000000001,11124,11489158.000000002,0.0,15,10.290000000000001,0
20200402,1585756800000,10.430000000000001,10.440000000000001,10.3,10.4,14949,15507786.000000002,0.0,15,10.440000000000001,0
20200403,1585843200000,10.4,10.42,10.16,10.24,13765,14193877.0,0.0,15,10.4,0
20200407,1586188800000,10.34,10.39,10.26,10.35,11433,11836076.0,0.0,15,10.24,0
20200408,1586275200000,10.299999999999999,10.459999999999999,10.26,10.44,16462,17071656.0,0.0,15,10.35,0
20200409,1586361600000,10.46,10.540000000000001,10.39,10.51,17526,18364756.0,0.0,15,10.440000000000001,0
20200410,1586448000000,10.46,10.48,10.24,10.32,15357,15906028.0,0.0,15,10.51,0
20200413,1586707200000,10.35,10.46,10.32,10.39,11479,11912455.000000002,0.0,15,10.32,0
20200414,1586793600000,10.39,10.520000000000001,10.31,10.5,11924,12447968.0,0.0,15,10.39,0
20200415,1586880000000,10.57,11.55,10.47,11.07,65718,72559177.00000001,0.0,15,10.5,0
20200416,1586966400000,11.1,11.1,10.78,10.83,37802,41189252.0,0.0,15,11.069999999999999,0
20200417,1587052800000,10.99,11.05,10.81,10.82,22671,24722897.0,0.0,15,10.83,0
20200420,1587312000000,10.879999999999999,11.18,10.86,11.07,35189,39023679.0,0.0,15,10.82,0
20200421,1587398400000,11.07,11.28,11.0,11.13,24792,27505497.000000004,0.0,15,11.07,0
20200422,1587484800000,11.12,11.22,11.01,11.2,31209,34775444.0,0.0,15,11.129999999999999,0
20200423,1587571200000,11.2,11.24,10.69,10.79,39854,43754615.00000001,0.0,15,11.2,0
20200424,1587657600000,10.709999999999999,10.819999999999999,10.53,10.68,21271,22658778.0,0.0,15,10.79,0
20200427,1587916800000,10.66,10.72,10.49,10.59,17551,18615453.0,0.0,15,10.68,0
20200428,1588003200000,10.55,10.580000000000002,10.040000000000001,10.3,18499,19058804.000000004,0.0,15,10.590000000000002,0
20200429,1588089600000,10.31,10.39,10.23,10.34,8827,9128660.0,0.0,15,10.3,0
20200430,1588176000000,10.35,10.7,10.35,10.6,16615,17459116.0,0.0,15,10.34,0
20200506,1588694400000,10.51,10.74,10.51,10.67,13593,14438179.0,0.0,15,10.6,0
20200507,1588780800000,10.67,10.95,10.6,10.6,23523,25401833.0,0.0,15,10.67,0
20200508,1588867200000,10.850000000000001,10.910000000000002,10.700000000000001,10.770000000000001,15883,17111563.0,0.0,15,10.600000000000001,0
20200511,1589126400000,10.790000000000001,10.95,10.66,10.85,18463,19992486.999999996,0.0,15,10.77,0
20200512,1589212800000,10.85,10.97,10.76,10.89,15591,16917618.0,0.0,15,10.85,0
20200513,1589299200000,11.08,11.26,10.99,11.17,51709,57697816.0,0.0,15,10.89,0
20200514,1589385600000,11.02,11.28,11.02,11.19,35241,39332374.0,0.0,15,11.17,0
20200515,1589472000000,11.18,11.25,11.08,11.18,20099,22431105.000000004,0.0,15,11.19,0
20200518,1589731200000,11.18,11.25,11.02,11.12,25343,28209602.0,0.0,15,11.18,0
20200519,1589817600000,11.19,11.299999999999999,11.11,11.299999999999999,27524,30877199.0,0.0,15,11.12,0
20200520,1589904000000,11.31,11.68,11.25,11.47,55112,63198225.0,0.0,15,11.3,0
20200521,1589990400000,11.370000000000001,11.600000000000001,11.120000000000001,11.200000000000001,41840,47374934.0,0.0,15,11.47,0
20200522,1590076800000,11.2,11.25,10.83,10.9,29066,31911654.000000004,0.0,15,11.2,0
20200525,1590336000000,11.040000000000001,11.47,10.97,11.41,39245,44067247.0,0.0,15,10.9,0
20200526,1590422400000,11.25,11.6,11.25,11.47,35024,40059628.0,0.0,15,11.33,0
20200527,1590508800000,11.58,11.799999999999999,11.36,11.5,36700,42406273.0,0.0,15,11.469999999999999,0
20200528,1590595200000,11.47,11.55,11.22,11.430000000000001,27207,31000767.0,0.0,15,11.5,0
20200529,1590681600000,11.350000000000001,11.520000000000001,11.3,11.4,25171,28646398.000000004,0.0,15,11.430000000000001,0
20200601,1590940800000,11.42,11.65,11.23,11.59,33660,38709875.00000001,0.0,15,11.4,0
20200602,1591027200000,11.99,11.99,11.620000000000001,11.73,49478,58077488.00000001,0.0,15,11.590000000000002,0
20200603,1591113600000,11.8,12.4,11.790000000000001,12.180000000000001,72998,88619352.0,0.0,15,11.73,0
20200604,1591200000000,12.08,12.39,11.93,12.28,55896,68175305.0,0.0,15,12.18,0
20200605,1591286400000,12.53,12.879999999999999,12.01,12.81,86703,108446366.0,0.0,15,12.28,0
20200608,1591545600000,13.03,14.0,12.85,13.2,110684,147692857.99999997,0.0,15,12.81,0
20200609,1591632000000,13.21,13.49,12.88,13.040000000000001,68452,89846248.0,0.0,15,13.200000000000001,0
20200610,1591718400000,13.07,13.18,12.52,12.74,79880,102570460.00000001,0.0,15,13.04,0
20200611,1591804800000,12.74,12.74,12.74,12.74,0,0.0,0.0,0,12.74,1
20200612,1591891200000,12.48,12.48,11.77,11.78,95657,114164632.0,0.0,15,12.74,0
20200615,1592150400000,11.74,11.870000000000001,11.290000000000001,11.290000000000001,77242,88943407.00000001,0.0,15,11.780000000000001,0
20200616,1592236800000,11.3,11.450000000000001,11.22,11.370000000000001,36106,40956847.0,0.0,15,11.290000000000001,0
20200617,1592323200000,11.41,11.55,11.3,11.47,35371,40507286.0,0.0,15,11.370000000000001,0
20200618,1592409600000,11.46,11.47,11.13,11.280000000000001,36709,41289358.00000001,0.0,15,11.47,0
20200619,1592496000000,11.4,11.63,11.4,11.5,35371,40752034.0,0.0,15,11.280000000000001,0
20200622,1592755200000,11.48,11.51,11.22,11.4,27629,31326666.000000004,0.0,15,11.5,0
20200623,1592841600000,11.33,11.36,11.19,11.25,21382,24045550.0,0.0,15,11.4,0
20200624,1592928000000,11.22,11.26,10.98,11.07,29745,32937356.0,0.0,15,11.25,0
20200629,1593360000000,11.0,11.26,10.94,11.11,18921,20943921.0,0.0,15,11.07,0
20200630,1593446400000,11.16,11.44,11.11,11.41,32302,36434512.0,0.0,15,11.11,0
20200701,1593532800000,11.450000000000001,11.450000000000001,11.15,11.17,28728,32308276.000000004,0.0,15,11.41,0
20200702,1593619200000,11.100000000000001,11.180000000000001,11.040000000000001,11.170000000000002,28173,31294596.000000004,0.0,15,11.170000000000002,0
20200703,1593705600000,11.16,11.25,11.07,11.16,26988,30156850.0,0.0,15,11.17,0
20200706,1593964800000,11.2,11.4,11.18,11.379999999999999,51845,58655201.0,0.0,15,11.16,0
20200707,1594051200000,11.41,11.54,11.34,11.42,57456,65692676.00000001,0.0,15,11.379999999999999,0
20200708,1594137600000,11.389999999999999,11.74,11.36,11.719999999999999,61782,71615606.00000001,0.0,15,11.42,0
20200709,1594224000000,11.9,12.3,11.71,12.290000000000001,85835,102735804.0,0.0,15,11.72,0
20200710,1594310400000,12.270000000000001,12.270000000000001,11.8,11.89,71177,85407774.0,0.0,15,12.290000000000001,0
20200713,1594569600000,11.88,12.27,11.83,12.2,62721,75928333.0,0.0,15,11.89,0
20200714,1594656000000,12.25,12.45,11.91,12.08,63195,77105216.0,0.0,15,12.2,0
20200715,1594742400000,12.14,13.07,12.14,12.63,132696,166593609.00000003,0.0,15,12.08,0
20200716,1594828800000,12.53,12.53,11.76,11.84,75791,91955766.99999999,0.0,15,12.629999999999999,0
20200717,1594915200000,11.799999999999999,12.0,11.53,11.61,49170,57681827.99999999,0.0,15,11.84,0
20200720,1595174400000,11.78,11.91,11.53,11.889999999999999,30984,36483759.00000001,0.0,15,11.61,0
20200721,1595260800000,12.0,12.0,11.73,11.83,24885,29515138.999999996,0.0,15,11.89,0
20200722,1595347200000,11.8,11.99,11.700000000000001,11.770000000000001,29748,35328396.0,0.0,15,11.830000000000002,0
20200723,1595433600000,11.73,11.86,11.43,11.67,34711,40256272.0,0.0,15,11.77,0
20200724,1595520000000,11.77,12.040000000000001,11.48,11.5,47386,55523017.0,0.0,15,11.67,0
20200727,1595779200000,11.39,11.6,11.25,11.3,30086,34175121.0,0.0,15,11.5,0
20200728,1595865600000,11.43,11.48,11.26,11.34,18146,20588575.000000004,0.0,15,11.299999999999999,0
20200729,1595952000000,11.299999999999999,11.53,11.28,11.52,22675,25858601.0,0.0,15,11.34,0
20200730,1596038400000,11.520000000000001,12.0,11.47,11.9,46989,55282593.0,0.0,15,11.520000000000001,0
20200731,1596124800000,11.8,11.82,11.58,11.790000000000001,47818,55969870.0,0.0,15,11.9,0
20200803,1596384000000,11.79,12.03,11.76,11.98,43948,52450518.0,0.0,15,11.79,0
20200804,1596470400000,11.95,12.25,11.85,11.91,53955,65045656.99999999,0.0,15,11.98,0
20200805,1596556800000,11.879999999999999,11.89,11.68,11.82,32806,38640616.0,0.0,15,11.91,0
20200806,1596643200000,11.81,11.99,11.75,11.91,37800,44944553.0,0.0,15,11.82,0
20200807,1596729600000,11.9,12.05,11.5,11.57,30194,35375541.99999999,0.0,15,11.91,0
20200810,1596988800000,11.530000000000001,11.620000000000001,11.370000000000001,11.590000000000002,22364,25689276.0,0.0,15,11.57,0
20200811,1597075200000,11.53,11.75,11.36,11.399999999999999,21025,24252011.0,0.0,15,11.59,0
20200812,1597161600000,11.4,11.4,11.1,11.27,23507,26341292.0,0.0,15,11.4,0
20200813,1597248000000,11.31,11.51,11.25,11.39,15388,17523849.0,0.0,15,11.27,0
20200814,1597334400000,11.389999999999999,11.469999999999999,11.27,11.42,12572,14277094.0,0.0,15,11.389999999999999,0
20200817,1597593600000,11.520000000000001,11.55,11.38,11.5,17290,19848336.0,0.0,15,11.42,0
20200818,1597680000000,11.51,11.57,11.42,11.47,17415,20002058.0,0.0,15,11.5,0
20200819,1597766400000,11.51,11.51,11.26,11.299999999999999,19019,21571111.0,0.0,15,11.47,0
20200820,1597852800000,11.27,11.33,11.0,11.33,15143,17005761.0,0.0,15,11.3,0
20200821,1597939200000,11.33,11.45,11.33,11.41,14807,16873298.999999996,0.0,15,11.33,0
20200824,1598198400000,11.41,11.41,11.21,11.270000000000001,13127,14799897.0,0.0,15,11.41,0
20200825,1598284800000,11.4,11.4,11.16,11.16,12855,14427323.0,0.0,15,11.27,0
20200826,1598371200000,11.149999999999999,11.25,11.03,11.1,13812,15378125.0,0.0,15,11.16,0
20200827,1598457600000,11.110000000000001,11.98,11.05,11.91,61031,70375996.00000001,0.0,15,11.100000000000001,0
20200828,1598544000000,11.91,11.98,11.290000000000001,11.420000000000002,71871,82842613.0,0.0,15,11.91,0
20200831,1598803200000,11.399999999999999,11.41,11.28,11.299999999999999,21805,24726227.0,0.0,15,11.42,0
20200901,1598889600000,11.350000000000001,11.450000000000001,11.22,11.4,16512,18707441.0,0.0,15,11.3,0
20200902,1598976000000,11.379999999999999,12.54,11.34,12.25,125317,150915491.0,0.0,15,11.4,0
20200903,1599062400000,13.450000000000001,13.46,11.89,11.92,160064,205125783.0,0.0,15,12.25,0
20200904,1599148800000,11.27,11.870000000000001,11.15,11.620000000000001,44073,51110401.0,0.0,15,11.92,0
20200907,1599408000000,11.59,11.59,11.1,11.219999999999999,54007,61206008.00000001,0.0,15,11.62,0
20200908,1599494400000,11.200000000000001,11.370000000000001,11.14,11.3,19857,22376972.0,0.0,15,11.22,0
20200909,1599580800000,11.3,11.55,11.200000000000001,11.330000000000002,27011,30708949.0,0.0,15,11.3,0
20200910,1599667200000,11.43,11.45,11.01,11.11,23524,26435473.0,0.0,15,11.33,0
20200911,1599753600000,11.110000000000001,11.290000000000001,10.98,11.18,18529,20694556.0,0.0,15,11.110000000000001,0
20200914,1600012800000,11.200000000000001,11.290000000000001,11.15,11.24,15504,17396695.0,0.0,15,11.18,0
20200915,1600099200000,11.24,11.32,11.1,11.17,12225,13621848.0,0.0,15,11.24,0
20200916,1600185600000,11.1,11.24,11.1,11.209999999999999,11014,12303854.000000002,0.0,15,11.17,0
20200917,1600272000000,11.2,11.219999999999999,11.02,11.049999999999999,11970,13293347.000000002,0.0,15,11.209999999999999,0
20200918,1600358400000,11.1,11.290000000000001,11.08,11.24,11363,12715994.0,0.0,15,11.05,0
20200921,1600617600000,11.24,11.32,11.11,11.17,14482,16214339.0,0.0,15,11.24,0
20200922,1600704000000,11.15,11.23,11.05,11.120000000000001,8552,9533929.999999998,0.0,15,11.17,0
20200923,1600790400000,11.120000000000001,11.22,11.120000000000001,11.14,6411,7150124.999999999,0.0,15,11.120000000000001,0
20200924,1600876800000,11.08,11.56,11.06,11.24,25717,29004019.0,0.0,15,11.14,0
20200925,1600963200000,11.19,11.35,11.08,11.13,15385,17214906.0,0.0,15,11.24,0
20200928,1601222400000,11.100000000000001,11.16,11.05,11.07,8183,9077673.0,0.0,15,11.13,0
20200929,1601308800000,11.030000000000001,11.120000000000001,10.8,10.8,24195,26492827.000000004,0.0,15,11.07,0
20200930,1601395200000,10.86,10.94,10.61,10.69,13652,14662035.0,0.0,15,10.799999999999999,0
20201009,1602172800000,10.78,10.95,10.78,10.879999999999999,10849,11790880.000000002,0.0,15,10.69,0
20201012,1602432000000,10.88,11.360000000000001,10.88,11.23,19422,21683277.0,0.0,15,10.88,0
20201013,1602518400000,11.280000000000001,11.31,11.14,11.200000000000001,11278,12636165.000000002,0.0,15,11.23,0
20201014,1602604800000,11.26,11.26,11.03,11.049999999999999,10826,12024809.0,0.0,15,11.2,0
20201015,1602691200000,11.01,11.4,10.89,10.940000000000001,12375,13577540.0,0.0,15,11.05,0
20201016,1602777600000,11.090000000000002,11.25,10.88,11.200000000000001,16315,18133154.0,0.0,15,10.940000000000001,0
20201019,1603036800000,11.180000000000001,11.23,11.040000000000001,11.08,10325,11499119.0,0.0,15,11.200000000000001,0
20201020,1603123200000,11.02,11.190000000000001,10.98,11.15,6848,7621643.000000001,0.0,15,11.08,0
20201021,1603209600000,11.15,11.28,11.1,11.209999999999999,11732,13129019.0,0.0,15,11.15,0
20201022,1603296000000,11.180000000000001,11.620000000000001,11.120000000000001,11.500000000000002,34604,39636343.0,0.0,15,11.21,0
20201023,1603382400000,11.52,11.62,11.25,11.28,16466,18746229.0,0.0,15,11.5,0
20201026,1603641600000,11.280000000000001,11.8,11.23,11.65,28365,32807621.000000004,0.0,15,11.280000000000001,0
20201027,1603728000000,11.56,11.63,11.39,11.49,14901,17076040.0,0.0,15,11.65,0
20201028,1603814400000,11.5,11.8,11.33,11.65,28553,33031900.000000004,0.0,15,11.49,0
20201029,1603900800000,11.49,11.83,11.4,11.67,23570,27583512.0,0.0,15,11.65,0
20201030,1603987200000,11.7,11.87,11.51,11.59,19360,22592487.0,0.0,15,11.67,0
20201102,1604246400000,11.6,11.75,11.41,11.41,16097,18545367.0,0.0,15,11.59,0
20201103,1604332800000,11.41,11.620000000000001,11.38,11.520000000000001,10206,11758161.0,0.0,15,11.41,0
20201104,1604419200000,11.520000000000001,11.610000000000001,11.38,11.48,11658,13357395.0,0.0,15,11.520000000000001,0
20201105,1604505600000,11.5,11.68,11.49,11.63,14595,16925430.000000004,0.0,15,11.48,0
20201106,1604592000000,11.66,11.66,11.4,11.48,13489,15485694.000000002,0.0,15,11.63,0
20201109,1604851200000,11.500000000000002,11.690000000000001,11.450000000000001,11.590000000000002,17852,20691156.000000004,0.0,15,11.48,0
20201110,1604937600000,11.59,11.75,11.56,11.63,15837,18425345.0,0.0,15,11.59,0
20201111,1605024000000,11.74,11.74,11.41,11.41,15941,18305322.0,0.0,15,11.63,0
20201112,1605110400000,11.42,11.49,11.3,11.39,12244,13936711.0,0.0,15,11.41,0
20201113,1605196800000,11.41,11.479999999999999,11.28,11.44,10931,12416668.0,0.0,15,11.389999999999999,0
20201116,1605456000000,11.700000000000001,11.8,11.46,11.530000000000001,30289,35288668.0,0.0,15,11.440000000000001,0
20201117,1605542400000,11.510000000000002,11.680000000000001,11.450000000000001,11.680000000000001,18198,21045880.0,0.0,15,11.530000000000001,0
20201118,1605628800000,11.66,11.780000000000001,11.56,11.770000000000001,24359,28546648.0,0.0,15,11.68,0
20201119,1605715200000,11.770000000000001,12.120000000000001,11.700000000000001,11.98,37201,44236819.99999999,0.0,15,11.770000000000001,0
20201120,1605801600000,11.95,12.03,11.85,11.91,18680,22266437.000000004,0.0,15,11.98,0
20201123,1606060800000,11.9,11.97,11.8,11.850000000000001,18364,21764909.0,0.0,15,11.91,0
20201124,1606147200000,11.89,11.950000000000001,11.72,11.860000000000001,18803,22208986.0,0.0,15,11.850000000000001,0
20201125,1606233600000,11.85,11.85,11.53,11.54,26406,30833045.0,0.0,15,11.86,0
20201126,1606320000000,11.54,12.3,11.5,12.12,58253,69930738.0,0.0,15,11.54,0
20201127,1606406400000,12.15,12.23,11.51,11.82,52712,62132872.0,0.0,15,12.12,0
20201130,1606665600000,11.88,12.0,11.65,11.66,25266,29840043.0,0.0,15,11.82,0
20201201,1606752000000,11.66,11.75,11.46,11.57,20923,24185342.000000004,0.0,15,11.66,0
20201202,1606838400000,11.55,11.64,11.5,11.62,11137,12900321.0,0.0,15,11.57,0
20201203,1606924800000,11.68,11.95,11.68,11.77,24638,29106346.0,0.0,15,11.62,0
20201204,1607011200000,11.74,11.95,11.66,11.85,19319,22877060.0,0.0,15,11.77,0
20201207,1607270400000,11.9,11.959999999999999,11.76,11.79,12790,15159479.0,0.0,15,11.85,0
20201208,1607356800000,11.790000000000001,11.84,11.66,11.68,11920,13977495.000000002,0.0,15,11.790000000000001,0
20201209,1607443200000,11.74,11.74,11.42,11.44,18891,21765722.0,0.0,15,11.68,0
20201210,1607529600000,11.51,11.53,11.35,11.45,7808,8953265.0,0.0,15,11.44,0
20201211,1607616000000,11.42,11.620000000000001,11.32,11.6,14043,16069374.0,0.0,15,11.450000000000001,0
20201214,1607875200000,11.61,12.25,11.53,12.03,66554,79949081.0,0.0,15,11.6,0
20201215,1607961600000,12.18,12.18,11.86,12.049999999999999,32846,39400573.0,0.0,15,12.03,0
20201216,1608048000000,12.05,12.26,11.92,12.05,29513,35647460.0,0.0,15,12.05,0
20201217,1608134400000,12.12,12.43,12.01,12.29,41912,51205520.0,0.0,15,12.049999999999999,0
20201218,1608220800000,12.350000000000001,12.350000000000001,12.13,12.21,25223,30762200.0,0.0,15,12.290000000000001,0
20201221,1608480000000,12.209999999999999,12.24,11.93,11.98,28200,33844718.0,0.0,15,12.209999999999999,0
20201222,1608566400000,11.92,12.09,11.69,11.86,30547,36340386.00000001,0.0,15,11.979999999999999,0
20201223,1608652800000,11.860000000000001,11.860000000000001,11.620000000000001,11.770000000000001,21112,24758503.0,0.0,15,11.860000000000001,0
20201224,1608739200000,11.77,11.83,11.61,11.75,16952,19807449.000000004,0.0,15,11.77,0
20201225,1608825600000,11.74,11.950000000000001,11.65,11.8,14661,17303528.0,0.0,15,11.75,0
20201228,1609084800000,11.9,11.9,11.540000000000001,11.540000000000001,17726,20565334.0,0.0,15,11.8,0
20201229,1609171200000,11.67,11.73,11.51,11.73,10554,12280967.000000002,0.0,15,11.54,0
20201230,1609257600000,11.67,11.959999999999999,11.67,11.77,23618,27927989.0,0.0,15,11.73,0
20201231,1609344000000,11.850000000000001,11.860000000000001,11.64,11.850000000000001,18891,22240291.0,0.0,15,11.770000000000001,0
20210104,1609689600000,11.85,11.879999999999999,11.69,11.879999999999999,19972,23525480.0,0.0,15,11.85,0
20210105,1609776000000,11.89,12.21,11.89,12.190000000000001,49464,59624519.99999999,0.0,15,11.88,0
20210106,1609862400000,12.1,12.15,11.92,12.03,35587,42706429.0,0.0,15,12.19,0
20210107,1609948800000,12.0,12.14,11.71,12.100000000000001,44189,52488453.0,0.0,15,12.030000000000001,0
20210108,1610035200000,12.07,12.19,11.68,11.68,56287,67006528.0,0.0,15,12.1,0
20210111,1610294400000,11.55,11.58,10.51,10.66,66177,71416937.0,0.0,15,11.68,0
20210112,1610380800000,10.55,10.82,10.49,10.5,27568,29245293.0,0.0,15,10.66,0
20210113,1610467200000,10.5,10.55,9.96,10.06,42244,42906303.0,0.0,15,10.5,0
20210114,1610553600000,10.09,10.8,10.09,10.53,37293,39495426.0,0.0,15,10.06,0
20210115,1610640000000,10.59,11.4,10.5,11.05,37449,41089618.0,0.0,15,10.53,0
20210118,1610899200000,11.180000000000001,11.23,10.950000000000001,11.05,20295,22501573.000000004,0.0,15,11.05,0
20210119,1610985600000,11.000000000000002,11.120000000000001,10.870000000000001,10.870000000000001,14097,15427835.0,0.0,15,11.05,0
20210120,1611072000000,10.8,10.950000000000001,10.72,10.81,9175,9913519.0,0.0,15,10.870000000000001,0
20210121,1611158400000,10.81,10.9,10.700000000000001,10.8,8685,9387913.0,0.0,15,10.81,0
20210122,1611244800000,10.8,10.81,10.67,10.72,10250,10999528.0,0.0,15,10.8,0
20210125,1611504000000,10.510000000000002,10.760000000000002,10.46,10.58,13307,14041250.0,0.0,15,10.72,0
20210126,1611590400000,10.5,10.649999999999999,10.36,10.389999999999999,10502,10985481.0,0.0,15,10.58,0
20210127,1611676800000,10.420000000000002,10.510000000000002,10.290000000000001,10.39,6799,7071017.999999999,0.0,15,10.39,0
20210128,1611763200000,10.45,10.5,10.27,10.34,9543,9904306.0,0.0,15,10.389999999999999,0
20210129,1611849600000,10.500000000000002,10.840000000000002,10.370000000000001,10.57,25615,27122449.999999996,0.0,15,10.340000000000002,0
20210201,1612108800000,10.58,10.709999999999999,10.28,10.29,17077,17800958.0,0.0,15,10.569999999999999,0
20210202,1612195200000,10.370000000000001,10.760000000000002,10.290000000000001,10.670000000000002,16437,17278248.0,0.0,15,10.290000000000001,0
20210203,1612281600000,10.66,10.79,10.59,10.7,16194,17321141.0,0.0,15,10.67,0
20210204,1612368000000,10.700000000000001,10.860000000000001,10.56,10.59,12730,13618901.0,0.0,15,10.700000000000001,0
20210205,1612454400000,10.59,10.71,10.57,10.66,10129,10787127.0,0.0,15,10.59,0
20210208,1612713600000,10.68,10.770000000000001,10.64,10.64,10576,11331773.0,0.0,15,10.66,0
20210209,1612800000000,10.75,10.75,10.5,10.59,10852,11489750.0,0.0,15,10.64,0
20210210,1612886400000,10.68,10.69,10.41,10.46,12745,13407419.0,0.0,15,10.59,0
20210218,1613577600000,10.530000000000001,10.610000000000001,10.4,10.51,12957,13593616.0,0.0,15,10.46,0
20210219,1613664000000,10.51,10.72,10.47,10.680000000000001,20369,21571470.0,0.0,15,10.51,0
20210222,1613923200000,10.8,11.05,10.8,10.930000000000001,37556,41133367.0,0.0,15,10.680000000000001,0
20210223,1614009600000,10.950000000000001,10.950000000000001,10.620000000000001,10.700000000000001,21310,22918497.0,0.0,15,10.930000000000001,0
20210224,1614096000000,10.7,10.879999999999999,10.69,10.75,23738,25586497.0,0.0,15,10.7,0
20210225,1614182400000,10.81,10.85,10.59,10.67,16282,17403031.0,0.0,15,10.75,0
20210226,1614268800000,10.64,10.84,10.56,10.72,11783,12628044.0,0.0,15,10.67,0
20210301,1614528000000,10.76,10.84,10.66,10.77,14212,15267057.0,0.0,15,10.72,0
20210302,1614614400000,10.78,10.85,10.69,10.7,12436,13355859.0,0.0,15,10.77,0
20210303,1614700800000,10.69,10.77,10.65,10.73,13685,14666021.999999998,0.0,15,10.700000000000001,0
20210304,1614787200000,10.69,10.799999999999999,10.69,10.719999999999999,10471,11251868.0,0.0,15,10.729999999999999,0
20210305,1614873600000,10.73,10.79,10.68,10.74,10651,11436495.0,0.0,15,10.719999999999999,0
20210308,1615132800000,10.750000000000002,10.8,10.700000000000001,10.71,16338,17548776.0,0.0,15,10.74,0
20210309,1615219200000,10.71,10.74,10.0,10.42,17222,18092241.0,0.0,15,10.71,0
20210310,1615305600000,10.45,10.53,10.33,10.37,10853,11306592.000000002,0.0,15,10.42,0
20210311,1615392000000,10.4,10.55,10.32,10.55,9717,10099150.0,0.0,15,10.370000000000001,0
20210312,1615478400000,10.51,10.51,10.31,10.33,8958,9293095.0,0.0,15,10.55,0
20210315,1615737600000,9.93,10.49,9.93,10.25,13771,14155234.0,0.0,15,10.33,0
20210316,1615824000000,10.25,10.38,10.23,10.27,8915,9177955.0,0.0,15,10.25,0
20210317,1615910400000,10.3,10.5,10.21,10.46,11079,11452065.000000002,0.0,15,10.270000000000001,0
20210318,1615996800000,10.49,10.49,10.31,10.34,11636,12067932.0,0.0,15,10.46,0
20210319,1616083200000,10.340000000000002,10.47,10.200000000000001,10.4,13097,13573324.0,0.0,15,10.340000000000002,0
20210322,1616342400000,10.36,10.52,10.35,10.43,8404,8769968.000000002,0.0,15,10.4,0
20210323,1616428800000,10.430000000000001,10.510000000000002,10.3,10.440000000000001,10526,10947364.000000002,0.0,15,10.430000000000001,0
20210324,1616515200000,10.48,10.51,10.4,10.41,8451,8841350.000000002,0.0,15,10.44,0
20210325,1616601600000,10.48,10.580000000000002,10.200000000000001,10.49,11908,12460318.0,0.0,15,10.410000000000002,0
20210326,1616688000000,10.600000000000001,10.600000000000001,10.39,10.5,10790,11322953.000000002,0.0,15,10.49,0
20210329,1616947200000,10.48,10.65,10.47,10.47,10396,10986017.0,0.0,15,10.5,0
20210330,1617033600000,10.469999999999999,10.53,10.35,10.42,10918,11379220.0,0.0,15,10.469999999999999,0
20210331,1617120000000,10.47,10.49,10.32,10.46,7645,7958316.000000001,0.0,15,10.42,0
20210401,1617206400000,10.55,10.55,10.4,10.450000000000001,8240,8605411.0,0.0,15,10.46,0
20210402,1617292800000,10.44,10.52,10.41,10.44,5778,6043399.0,0.0,15,10.45,0
20210406,1617638400000,10.55,10.55,10.4,10.46,5624,5876243.0,0.0,15,10.44,0
20210407,1617724800000,10.47,10.52,10.41,10.5,7042,7371348.0,0.0,15,10.46,0
20210408,1617811200000,10.45,10.52,10.41,10.41,8194,8563103.0,0.0,15,10.5,0
20210409,1617897600000,10.44,10.5,10.41,10.45,8178,8557288.0,0.0,15,10.41,0
20210412,1618156800000,10.540000000000001,10.540000000000001,10.41,10.44,8698,9089407.0,0.0,15,10.45,0
20210413,1618243200000,10.440000000000001,10.47,10.38,10.450000000000001,6119,6378897.0,0.0,15,10.440000000000001,0
20210414,1618329600000,10.43,10.540000000000001,10.4,10.5,9562,10009528.0,0.0,15,10.450000000000001,0
20210415,1618416000000,10.59,10.97,10.59,10.73,44214,47590866.0,0.0,15,10.5,0
20210416,1618502400000,10.67,10.75,10.5,10.58,31324,33216261.0,0.0,15,10.73,0
20210419,1618761600000,10.66,10.9,10.58,10.78,26297,28348654.0,0.0,15,10.58,0
20210420,1618848000000,10.77,11.18,10.73,11.0,34743,38321841.0,0.0,15,10.780000000000001,0
20210421,1618934400000,11.0,11.1,10.91,10.94,18607,20451652.0,0.0,15,11.0,0
20210422,1619020800000,10.9,11.120000000000001,10.9,11.08,16150,17844085.0,0.0,15,10.94,0
20210423,1619107200000,11.09,11.14,10.91,11.0,13534,14888773.0,0.0,15,11.08,0
20210426,1619366400000,10.73,10.73,9.98,10.49,50444,52679448.0,0.0,15,11.0,0
20210427,1619452800000,10.46,11.540000000000001,10.4,11.18,122730,137336744.0,0.0,15,10.49,0
20210428,1619539200000,10.95,11.2,10.6,10.82,72221,78454628.0,0.0,15,11.18,0
20210429,1619625600000,10.68,10.86,10.42,10.52,52182,55093274.00000001,0.0,15,10.82,0
20210430,1619712000000,10.51,10.59,10.26,10.31,29426,30561505.0,0.0,15,10.52,0
20210506,1620230400000,10.32,10.39,10.18,10.209999999999999,24155,24785675.0,0.0,15,10.31,0
20210507,1620316800000,10.139999999999999,10.139999999999999,9.86,9.92,48619,48458156.0,0.0,15,10.209999999999999,0
20210510,1620576000000,9.910000000000002,9.96,9.700000000000001,9.840000000000002,31439,30806203.0,0.0,15,9.920000000000002,0
20210511,1620662400000,9.840000000000002,9.930000000000001,9.700000000000001,9.89,20563,20169987.0,0.0,15,9.840000000000002,0
20210512,1620748800000,9.870000000000001,9.930000000000001,9.8,9.9,15765,15567134.0,0.0,15,9.89,0
20210513,1620835200000,9.88,9.98,9.82,9.92,17344,17232565.0,0.0,15,9.9,0
20210514,1620921600000,9.979999999999999,10.15,9.94,10.08,22080,22262719.000000004,0.0,15,9.92,0
20210517,1621180800000,10.07,10.16,9.96,9.99,18779,18838181.999999996,0.0,15,10.08,0
20210518,1621267200000,9.99,10.08,9.92,10.02,11119,11111439.0,0.0,15,9.99,0
20210519,1621353600000,10.0,10.01,9.9,9.9,13529,13423768.999999998,0.0,15,10.02,0
20210520,1621440000000,9.850000000000001,9.9,9.8,9.81,14436,14189976.0,0.0,15,9.9,0
20210521,1621526400000,9.81,9.870000000000001,9.72,9.790000000000001,13491,13178605.0,0.0,15,9.81,0
20210524,1621785600000,9.88,9.88,9.620000000000001,9.690000000000001,14014,13581544.0,0.0,15,9.790000000000001,0
20210525,1621872000000,9.73,9.81,9.71,9.81,10384,10148246.000000002,0.0,15,9.690000000000001,0
20210526,1621958400000,9.78,9.85,9.75,9.8,12539,12287221.0,0.0,15,9.81,0
20210527,1622044800000,9.799999999999999,9.82,9.76,9.78,14720,14398993.0,0.0,15,9.799999999999999,0
20210528,1622131200000,9.780000000000001,9.81,9.72,9.75,11829,11539167.0,0.0,15,9.780000000000001,0
20210531,1622390400000,9.84,9.84,9.69,9.75,13928,13576119.0,0.0,15,9.75,0
20210601,1622476800000,9.750000000000002,9.830000000000002,9.700000000000001,9.8,13396,13089585.0,0.0,15,9.750000000000002,0
20210602,1622563200000,9.83,9.84,9.77,9.809999999999999,13828,13555478.0,0.0,15,9.799999999999999,0
20210603,1622649600000,9.8,9.870000000000001,9.790000000000001,9.850000000000001,14639,14387832.000000002,0.0,15,9.81,0
20210604,1622736000000,9.85,9.86,9.75,9.81,11336,11134127.0,0.0,15,9.85,0
20210607,1622995200000,9.719999999999999,9.719999999999999,9.61,9.629999999999999,14846,14302031.0,0.0,15,9.629999999999999,0
20210608,1623081600000,9.65,9.69,9.6,9.62,12092,11635615.0,0.0,15,9.629999999999999,0
20210609,1623168000000,9.61,9.64,9.59,9.59,9974,9580919.0,0.0,15,9.62,0
20210610,1623254400000,9.6,9.62,9.5,9.53,15945,15212248.000000002,0.0,15,9.59,0
20210611,1623340800000,10.01,10.48,10.0,10.48,88782,91754431.0,0.0,15,9.53,0
20210615,1623686400000,10.74,10.74,9.82,9.86,118888,121169845.00000001,0.0,15,10.48,0
20210616,1623772800000,9.78,9.87,9.61,9.67,46745,45275188.99999999,0.0,15,9.86,0
20210617,1623859200000,9.65,9.700000000000001,9.540000000000001,9.55,33090,31720535.000000004,0.0,15,9.670000000000002,0
20210618,1623945600000,9.55,9.65,9.46,9.57,24788,23690390.0,0.0,15,9.55,0
20210621,1624204800000,9.57,9.66,9.5,9.54,26919,25694502.0,0.0,15,9.57,0
20210622,1624291200000,9.5,9.620000000000001,9.48,9.530000000000001,24146,23010079.0,0.0,15,9.540000000000001,0
20210623,1624377600000,9.55,9.57,9.39,9.47,32122,30422234.0,0.0,15,9.530000000000001,0
20210624,1624464000000,9.46,9.530000000000001,9.370000000000001,9.510000000000002,28147,26582032.0,0.0,15,9.47,0
20210625,1624550400000,9.5,9.51,9.4,9.49,18640,17611830.0,0.0,15,9.51,0
20210628,1624809600000,9.479999999999999,9.51,9.44,9.459999999999999,15998,15163662.999999998,0.0,15,9.49,0
20210629,1624896000000,9.450000000000001,9.48,9.370000000000001,9.4,14614,13778404.000000002,0.0,15,9.46,0
20210630,1624982400000,9.44,9.48,9.4,9.46,12371,11673618.0,0.0,15,9.4,0
20210701,1625068800000,9.47,9.530000000000001,9.38,9.46,19962,18866485.0,0.0,15,9.46,0
20210702,1625155200000,9.41,9.51,9.36,9.379999999999999,16980,15966051.000000002,0.0,15,9.459999999999999,0
20210705,1625414400000,9.379999999999999,9.44,9.35,9.4,10426,9784295.000000002,0.0,15,9.379999999999999,0
20210706,1625500800000,9.36,9.469999999999999,9.36,9.469999999999999,11590,10905198.0,0.0,15,9.399999999999999,0
20210707,1625587200000,9.459999999999999,9.51,9.44,9.479999999999999,13397,12695227.0,0.0,15,9.469999999999999,0
20210708,1625673600000,9.5,9.5,9.39,9.42,12398,11675521.000000002,0.0,15,9.48,0
20210709,1625760000000,9.379999999999999,9.459999999999999,9.35,9.44,10373,9756566.000000002,0.0,15,9.42,0
20210712,1626019200000,9.43,9.48,9.39,9.450000000000001,13290,12535724.0,0.0,15,9.440000000000001,0
20210713,1626105600000,9.56,9.750000000000002,9.540000000000001,9.600000000000001,34580,33284530.0,0.0,15,9.450000000000001,0
20210714,1626192000000,9.520000000000001,9.63,9.450000000000001,9.63,22851,21842237.999999996,0.0,15,9.600000000000001,0
20210715,1626278400000,9.62,9.67,9.51,9.52,16666,15925232.999999998,0.0,15,9.629999999999999,0
20210716,1626364800000,9.53,9.59,9.42,9.44,16746,15850921.0,0.0,15,9.52,0
20210719,1626624000000,9.47,9.48,9.370000000000001,9.39,13263,12452853.999999998,0.0,15,9.440000000000001,0
20210720,1626710400000,9.379999999999999,9.42,9.34,9.379999999999999,9890,9273373.0,0.0,15,9.39,0
20210721,1626796800000,9.36,9.45,9.36,9.389999999999999,10604,9958234.0,0.0,15,9.379999999999999,0
20210722,1626883200000,9.39,9.4,9.33,9.37,11986,11224107.0,0.0,15,9.39,0
20210723,1626969600000,9.370000000000001,9.42,9.3,9.31,14143,13192277.000000002,0.0,15,9.370000000000001,0
20210726,1627228800000,9.33,9.360000000000001,9.040000000000001,9.090000000000002,17524,16056388.0,0.0,15,9.31,0
20210727,1627315200000,9.1,9.33,9.08,9.12,11101,10158752.000000002,0.0,15,9.09,0
20210728,1627401600000,9.1,9.12,8.76,8.89,16838,14959422.0,0.0,15,9.12,0
20210729,1627488000000,8.89,9.090000000000002,8.88,9.0,14226,12803168.999999998,0.0,15,8.89,0
20210730,1627574400000,9.0,9.08,8.89,9.05,10176,9141082.0,0.0,15,9.0,0
20210802,1627833600000,9.06,9.180000000000001,8.97,9.100000000000001,14436,13098274.0,0.0,15,9.05,0
20210803,1627920000000,9.12,9.34,9.11,9.26,18207,16833684.0,0.0,15,9.1,0
20210804,1628006400000,9.35,9.35,9.19,9.219999999999999,10241,9446651.999999998,0.0,15,9.26,0
20210805,1628092800000,9.25,9.280000000000001,9.15,9.21,10773,9935644.0,0.0,15,9.22,0
20210806,1628179200000,9.21,9.270000000000001,9.040000000000001,9.16,11568,10553606.0,0.0,15,9.21,0
20210809,1628438400000,9.16,9.280000000000001,9.120000000000001,9.24,9972,9187914.0,0.0,15,9.16,0
20210810,1628524800000,9.28,9.28,9.17,9.2,13176,12135140.0,0.0,15,9.24,0
20210811,1628611200000,9.19,9.26,9.15,9.200000000000001,13985,12859173.0,0.0,15,9.200000000000001,0
20210812,1628697600000,9.19,9.26,9.1,9.209999999999999,9117,8386080.0,0.0,15,9.2,0
20210813,1628784000000,9.21,9.24,9.13,9.180000000000001,8143,7472821.000000001,0.0,15,9.21,0
20210816,1629043200000,9.2,9.389999999999999,9.11,9.229999999999999,18539,17143448.000000004,0.0,15,9.18,0
20210817,1629129600000,9.23,9.290000000000001,9.13,9.14,12865,11845460.0,0.0,15,9.23,0
20210818,1629216000000,9.24,9.25,8.93,9.14,11255,10256715.0,0.0,15,9.14,0
20210819,1629302400000,9.08,9.200000000000001,9.06,9.09,9644,8782881.0,0.0,15,9.14,0
20210820,1629388800000,9.06,9.15,8.97,9.0,10079,9083918.0,0.0,15,9.09,0
20210823,1629648000000,9.02,9.120000000000001,8.98,9.08,9230,8381905.0,0.0,15,9.0,0
20210824,1629734400000,9.09,9.23,9.08,9.2,17426,15932322.0,0.0,15,9.08,0
20210825,1629820800000,9.2,9.35,9.18,9.25,13575,12550897.0,0.0,15,9.2,0
20210826,1629907200000,9.26,9.459999999999999,9.18,9.379999999999999,33332,31184355.0,0.0,15,9.25,0
20210827,1629993600000,9.479999999999999,9.479999999999999,9.36,9.42,21233,19979739.0,0.0,15,9.379999999999999,0
20210830,1630252800000,9.55,10.25,9.32,9.5,72173,70038093.0,0.0,15,9.42,0
20210831,1630339200000,9.48,9.700000000000001,9.32,9.370000000000001,42652,40421323.0,0.0,15,9.5,0
20210901,1630425600000,9.4,9.41,9.25,9.34,27158,25350115.999999996,0.0,15,9.37,0
20210902,1630512000000,9.36,9.389999999999999,9.19,9.2,32127,29670614.0,0.0,15,9.34,0
20210903,1630598400000,9.25,9.360000000000001,9.21,9.33,30039,27926693.0,0.0,15,9.200000000000001,0
20210906,1630857600000,9.35,9.43,9.26,9.36,23437,21858118.0,0.0,15,9.33,0
20210907,1630944000000,9.360000000000001,9.48,9.3,9.450000000000001,30819,28929790.0,0.0,15,9.360000000000001,0
20210908,1631030400000,9.459999999999999,9.72,9.42,9.68,35399,33944187.0,0.0,15,9.45,0
20210909,1631116800000,9.69,9.83,9.66,9.75,31123,30310228.000000004,0.0,15,9.68,0
20210910,1631203200000,9.71,9.790000000000001,9.64,9.73,25608,24873590.0,0.0,15,9.75,0
20210913,1631462400000,9.73,10.09,9.73,9.89,41652,41399987.0,0.0,15,9.73,0
20210914,1631548800000,9.889999999999999,9.98,9.77,9.799999999999999,24621,24283234.0,0.0,15,9.889999999999999,0
20210915,1631635200000,9.8,10.180000000000001,9.700000000000001,10.110000000000001,40399,40356885.0,0.0,15,9.8,0
20210916,1631721600000,10.09,10.22,9.9,9.97,28249,28374662.0,0.0,15,10.110000000000001,0
20210917,1631808000000,10.09,10.09,9.8,9.91,18794,18612320.0,0.0,15,9.97,0
20210922,1632240000000,9.809999999999999,10.069999999999999,9.78,9.95,21347,21241309.0,0.0,15,9.91,0
20210923,1632326400000,9.950000000000001,10.180000000000001,9.950000000000001,10.120000000000001,34745,35155593.0,0.0,15,9.950000000000001,0
20210924,1632412800000,10.18,10.28,9.94,10.19,40065,40547174.0,0.0,15,10.12,0
20210927,1632672000000,10.1,10.22,9.66,9.8,40412,39872561.0,0.0,15,10.19,0
20210928,1632758400000,9.790000000000001,9.920000000000002,9.700000000000001,9.840000000000002,17310,17028630.0,0.0,15,9.8,0
20210929,1632844800000,9.83,9.879999999999999,9.51,9.51,18826,18110459.0,0.0,15,9.84,0
20210930,1632931200000,9.51,9.72,9.51,9.66,12864,12398202.0,0.0,15,9.51,0
20211008,1633622400000,9.67,10.08,9.66,10.03,32944,32705071.0,0.0,15,9.66,0
20211011,1633881600000,10.12,10.15,9.93,10.08,23162,23277284.0,0.0,15,10.03,0
20211012,1633968000000,10.07,10.200000000000001,9.96,10.16,27013,27188609.0,0.0,15,10.08,0
20211013,1634054400000,9.959999999999999,10.12,9.93,10.08,25012,25014248.000000004,0.0,15,10.16,0
20211014,1634140800000,10.379999999999999,10.49,10.09,10.1,51008,52149665.0,0.0,15,10.08,0
20211015,1634227200000,10.05,10.42,9.98,10.190000000000001,34728,35536643.00000001,0.0,15,10.1,0
20211018,1634486400000,10.08,10.44,10.03,10.379999999999999,37867,39070116.0,0.0,15,10.19,0
20211019,1634572800000,10.36,10.43,10.26,10.34,22104,22861382.0,0.0,15,10.379999999999999,0
20211020,1634659200000,10.34,10.53,10.27,10.53,29508,30715748.999999996,0.0,15,10.34,0
20211021,1634745600000,10.49,10.62,10.34,10.44,30025,31383725.0,0.0,15,10.53,0
20211022,1634832000000,10.45,10.51,10.25,10.36,24515,25448103.000000004,0.0,15,10.44,0
20211025,1635091200000,10.38,10.39,10.17,10.35,17189,17717444.000000004,0.0,15,10.36,0
20211026,1635177600000,10.45,10.45,10.19,10.299999999999999,23979,24601724.0,0.0,15,10.35,0
20211027,1635264000000,10.3,10.34,10.0,10.09,28925,29320453.0,0.0,15,10.3,0
20211028,1635350400000,10.120000000000001,10.25,9.74,9.81,31100,30855401.0,0.0,15,10.09,0
20211029,1635436800000,9.81,10.100000000000001,9.790000000000001,10.090000000000002,22767,22649655.000000004,0.0,15,9.81,0
20211101,1635696000000,10.120000000000001,10.270000000000001,10.040000000000001,10.180000000000001,19715,20042800.0,0.0,15,10.090000000000002,0
20211102,1635782400000,10.25,10.27,9.9,10.01,17428,17565735.0,0.0,15,10.18,0
20211103,1635868800000,10.110000000000001,10.15,9.98,10.040000000000001,15588,15650362.0,0.0,15,10.01,0
20211104,1635955200000,10.09,10.2,10.03,10.17,16332,16555425.0,0.0,15,10.04,0
20211105,1636041600000,10.09,10.24,9.99,10.120000000000001,19044,19199449.0,0.0,15,10.17,0
20211108,1636300800000,10.110000000000001,10.180000000000001,9.8,9.950000000000001,22905,22780446.0,0.0,15,10.120000000000001,0
20211109,1636387200000,9.94,10.0,9.86,9.92,12065,11989523.000000002,0.0,15,9.95,0
20211110,1636473600000,9.920000000000002,9.940000000000001,9.790000000000001,9.88,15473,15253650.0,0.0,15,9.920000000000002,0
20211111,1636560000000,9.88,9.98,9.83,9.96,15353,15207654.0,0.0,15,9.88,0
20211112,1636646400000,9.95,10.08,9.92,10.07,15895,15909773.000000002,0.0,15,9.959999999999999,0
20211115,1636905600000,10.06,10.15,9.97,10.100000000000001,22072,22250283.0,0.0,15,10.07,0
20211116,1636992000000,10.129999999999999,10.139999999999999,9.94,10.01,18841,18912855.0,0.0,15,10.1,0
20211117,1637078400000,9.97,10.31,9.92,10.31,32049,32557402.0,0.0,15,10.01,0
20211118,1637164800000,10.32,10.370000000000001,10.21,10.280000000000001,23753,24426204.0,0.0,15,10.31,0
20211119,1637251200000,10.23,10.350000000000001,10.21,10.3,16057,16513847.999999998,0.0,15,10.280000000000001,0
20211122,1637510400000,10.3,10.350000000000001,10.200000000000001,10.260000000000002,14868,15227251.0,0.0,15,10.3,0
20211123,1637596800000,10.37,10.88,10.08,10.1,75870,78359680.0,0.0,15,10.26,0
20211124,1637683200000,10.05,10.18,10.0,10.07,29733,29972020.999999996,0.0,15,10.1,0
20211125,1637769600000,10.1,10.55,9.99,10.49,64631,66705150.00000001,0.0,15,10.07,0
20211126,1637856000000,10.540000000000001,10.57,10.4,10.44,32366,33893436.0,0.0,15,10.49,0
20211129,1638115200000,10.37,10.48,10.25,10.29,30651,31676327.0,0.0,15,10.44,0
20211130,1638201600000,10.27,10.46,10.24,10.43,24857,25788421.0,0.0,15,10.290000000000001,0
20211201,1638288000000,10.43,10.530000000000001,10.32,10.48,28572,29883662.000000004,0.0,15,10.43,0
20211202,1638374400000,10.520000000000001,10.520000000000001,10.3,10.32,26798,27744947.0,0.0,15,10.48,0
20211203,1638460800000,10.26,10.4,10.25,10.39,14049,14551747.0,0.0,15,10.32,0
20211206,1638720000000,10.34,10.43,10.15,10.22,28639,29385245.0,0.0,15,10.39,0
20211207,1638806400000,10.25,10.27,10.03,10.1,21396,21588081.000000004,0.0,15,10.219999999999999,0
20211208,1638892800000,10.2,10.229999999999999,10.03,10.17,14224,14430448.0,0.0,15,10.1,0
20211209,1638979200000,10.200000000000001,10.290000000000001,10.120000000000001,10.22,17312,17668972.0,0.0,15,10.170000000000002,0
20211210,1639065600000,10.200000000000001,10.48,10.14,10.440000000000001,33505,34768960.0,0.0,15,10.22,0
20211213,1639324800000,10.450000000000001,10.530000000000001,10.4,10.44,24260,25403793.0,0.0,15,10.44,0
20211214,1639411200000,10.47,10.71,10.4,10.620000000000001,39864,42231672.0,0.0,15,10.44,0
20211215,1639497600000,10.680000000000001,10.770000000000001,10.46,10.510000000000002,35806,37909723.0,0.0,15,10.620000000000001,0
20211216,1639584000000,10.47,10.59,10.41,10.49,18445,19326589.0,0.0,15,10.51,0
20211217,1639670400000,10.49,10.64,10.4,10.49,27353,28773890.0,0.0,15,10.49,0
20211220,1639929600000,10.49,10.68,10.44,10.61,35287,37320816.0,0.0,15,10.49,0
20211221,1640016000000,10.590000000000002,10.750000000000002,10.540000000000001,10.72,37271,39699994.0,0.0,15,10.610000000000001,0
20211222,1640102400000,10.700000000000001,10.790000000000001,10.63,10.66,23580,25206866.000000004,0.0,15,10.72,0
20211223,1640188800000,10.69,10.98,10.58,10.61,58888,63227235.0,0.0,15,10.66,0
20211224,1640275200000,10.95,10.969999999999999,10.53,10.799999999999999,58070,62474705.00000001,0.0,15,10.61,0
20211227,1640534400000,10.76,11.8,10.76,11.65,163613,187242143.0,0.0,15,10.799999999999999,0
20211228,1640620800000,11.66,11.78,11.51,11.65,83733,97484928.0,0.0,15,11.65,0
20211229,1640707200000,11.7,11.729999999999999,11.53,11.66,40696,47456586.0,0.0,15,11.649999999999999,0
20211230,1640793600000,11.66,11.99,11.6,11.73,57070,66978161.0,0.0,15,11.66,0
20211231,1640880000000,11.83,12.47,11.64,12.39,117546,143478983.0,0.0,15,11.73,0
20220104,1641225600000,12.75,12.9,12.1,12.57,117402,146867365.0,0.0,15,12.389999999999999,0
20220105,1641312000000,12.34,12.65,11.98,12.1,75757,92562290.0,0.0,15,12.57,0
20220106,1641398400000,12.17,12.35,11.92,12.0,49164,59139041.0,0.0,15,12.1,0
20220107,1641484800000,11.98,12.08,11.72,11.780000000000001,37278,44365695.0,0.0,15,12.0,0
20220110,1641744000000,11.770000000000001,11.97,11.700000000000001,11.850000000000001,36688,43475907.0,0.0,15,11.780000000000001,0
20220111,1641830400000,11.879999999999999,12.09,11.85,11.969999999999999,41491,49846798.0,0.0,15,11.85,0
20220112,1641916800000,12.09,12.17,11.9,11.97,29904,35923256.00000001,0.0,15,11.97,0
20220113,1642003200000,11.98,12.090000000000002,11.71,11.81,29141,34592554.0,0.0,15,11.97,0
20220114,1642089600000,11.71,11.99,11.71,11.89,24946,29631954.0,0.0,15,11.81,0
20220117,1642348800000,11.89,12.190000000000001,11.8,11.82,26856,32006275.0,0.0,15,11.89,0
20220118,1642435200000,11.889999999999999,11.92,11.44,11.49,57848,66968649.00000001,0.0,15,11.82,0
20220119,1642521600000,11.54,11.62,11.34,11.57,33131,38148319.0,0.0,15,11.49,0
20220120,1642608000000,11.610000000000001,11.620000000000001,11.22,11.25,32403,36791008.00000001,0.0,15,11.57,0
20220121,1642694400000,11.24,11.38,11.0,11.25,27726,31053293.999999996,0.0,15,11.25,0
20220124,1642953600000,11.17,11.389999999999999,11.1,11.299999999999999,16542,18635624.000000004,0.0,15,11.25,0
20220125,1643040000000,11.22,11.36,10.91,10.93,23451,25972113.999999996,0.0,15,11.3,0
20220126,1643126400000,10.92,11.02,10.74,10.85,24529,26604145.0,0.0,15,10.93,0
20220127,1643212800000,10.88,10.88,10.5,10.54,20108,21396673.000000004,0.0,15,10.85,0
20220128,1643299200000,11.04,11.25,10.59,11.01,65423,71620224.0,0.0,15,10.54,0
20220207,1644163200000,11.14,11.63,11.120000000000001,11.48,51463,58623629.0,0.0,15,11.010000000000002,0
20220208,1644249600000,11.540000000000001,11.6,11.31,11.58,32881,37651076.0,0.0,15,11.48,0
20220209,1644336000000,11.58,11.8,11.47,11.76,27761,32436535.0,0.0,15,11.58,0
20220210,1644422400000,11.760000000000002,12.180000000000001,11.700000000000001,11.99,40250,48161924.0,0.0,15,11.760000000000002,0
20220211,1644508800000,11.9,11.95,11.67,11.78,28156,33119133.0,0.0,15,11.99,0
20220214,1644768000000,11.86,12.09,11.78,11.83,27434,32647711.000000004,0.0,15,11.78,0
20220215,1644854400000,11.84,12.9,11.68,12.28,86143,106821507.0,0.0,15,11.83,0
20220216,1644940800000,12.3,12.46,11.91,12.38,60008,73134329.0,0.0,15,12.28,0
20220217,1645027200000,12.25,13.3,12.22,12.690000000000001,79283,100750968.00000001,0.0,15,12.38,0
20220218,1645113600000,12.530000000000001,13.96,12.4,13.96,322143,441046884.0,0.0,15,12.69,0
20220221,1645372800000,13.27,15.36,13.26,15.36,302160,428230805.0,0.0,15,13.959999999999999,0
20220222,1645459200000,16.1,16.9,15.42,16.9,503581,824094999.0,0.0,15,15.36,0
20220223,1645545600000,18.59,18.59,18.59,18.59,81995,152428519.0,0.0,15,16.9,0
20220224,1645632000000,18.619999999999997,20.45,18.31,20.33,753532,1500232556.0,0.0,15,18.59,0
20220225,1645718400000,18.3,18.87,18.3,18.3,138670,254548976.0,0.0,15,20.330000000000002,0
20220228,1645977600000,16.47,17.0,16.47,16.47,150846,248938808.0,0.0,15,18.299999999999997,0
20220301,1646064000000,15.01,15.959999999999999,15.01,15.52,468071,719830271.0,0.0,15,16.47,0
20220302,1646150400000,15.11,16.87,15.07,16.28,429935,687767879.0,0.0,15,15.52,0
20220303,1646236800000,16.16,17.91,16.02,17.91,400315,682368327.0,0.0,15,16.28,0
20220304,1646323200000,18.3,19.450000000000003,16.85,17.110000000000003,563386,1037719479.9999999,0.0,15,17.91,0
20220307,1646582400000,17.0,18.32,16.7,17.81,407320,714735098.0,0.0,15,17.11,0
20220308,1646668800000,16.950000000000003,16.950000000000003,16.03,16.03,264382,426030671.0,0.0,15,17.810000000000002,0
20220309,1646755200000,15.2,15.69,14.43,14.9,397371,590613291.0,0.0,15,16.03,0
20220310,1646841600000,15.0,15.0,14.16,14.6,275241,402363617.0,0.0,15,14.9,0
20220311,1646928000000,14.6,15.43,14.33,14.93,305605,458598727.00000006,0.0,15,14.6,0
20220314,1647187200000,14.5,15.100000000000001,13.8,13.89,274163,395297882.0,0.0,15,14.930000000000001,0
20220315,1647273600000,13.61,14.09,13.27,13.45,236175,323930567.0,0.0,15,13.889999999999999,0
20220316,1647360000000,13.65,13.8,13.05,13.690000000000001,188975,254142011.0,0.0,15,13.450000000000001,0
20220317,1647446400000,13.639999999999999,14.07,13.6,13.74,199028,275590366.0,0.0,15,13.69,0
20220318,1647532800000,13.78,14.19,13.68,13.87,152097,211536376.0,0.0,15,13.74,0
20220321,1647792000000,14.52,15.26,14.52,15.26,212611,317004674.0,0.0,15,13.87,0
20220322,1647878400000,15.98,16.48,14.780000000000001,15.47,474278,744421363.0,0.0,15,15.260000000000002,0
20220323,1647964800000,15.15,15.3,14.58,14.66,258158,383921966.0,0.0,15,15.47,0
20220324,1648051200000,14.85,15.21,14.56,14.64,187375,278034957.0,0.0,15,14.66,0
20220325,1648137600000,14.780000000000001,15.96,14.56,15.05,325362,498017539.99999994,0.0,15,14.64,0
20220328,1648396800000,15.0,16.15,14.98,15.8,296203,462076349.00000006,0.0,15,15.05,0
20220329,1648483200000,15.66,17.38,15.08,16.97,478256,773096917.0,0.0,15,15.8,0
20220330,1648569600000,16.080000000000002,16.380000000000003,15.610000000000001,15.950000000000001,349894,560029650.0,0.0,15,16.970000000000002,0
20220331,1648656000000,15.88,16.04,15.23,15.59,239717,375083915.0,0.0,15,15.950000000000001,0
20220401,1648742400000,15.86,16.04,15.25,15.25,194481,303358465.99999994,0.0,15,15.59,0
20220406,1649174400000,14.91,14.91,14.22,14.610000000000001,201818,293287379.0,0.0,15,15.25,0
20220407,1649260800000,14.620000000000001,14.870000000000001,14.280000000000001,14.38,160424,233226801.0,0.0,15,14.610000000000001,0
20220408,1649347200000,14.35,14.969999999999999,13.93,14.81,204074,295334203.0,0.0,15,14.379999999999999,0
20220411,1649606400000,14.98,15.99,14.83,15.44,282498,433716792.0,0.0,15,14.81,0
20220412,1649692800000,15.01,15.05,14.41,14.72,186787,273164495.00000006,0.0,15,15.44,0
20220413,1649779200000,14.62,15.719999999999999,14.43,15.24,251638,383015144.0,0.0,15,14.719999999999999,0
20220414,1649865600000,15.35,15.399999999999999,14.44,15.299999999999999,177302,267090427.0,0.0,15,15.24,0
20220415,1649952000000,15.3,15.3,14.48,14.52,164142,241483921.00000003,0.0,15,15.3,0
20220418,1650211200000,14.290000000000001,14.780000000000001,13.71,14.700000000000001,115858,167053200.0,0.0,15,14.520000000000001,0
20220419,1650297600000,14.55,15.18,14.33,14.8,148319,220611636.00000003,0.0,15,14.7,0
20220420,1650384000000,14.760000000000002,15.700000000000001,14.63,15.350000000000001,261778,400765718.00000006,0.0,15,14.8,0
20220421,1650470400000,15.36,15.9,13.9,13.950000000000001,254756,379359130.99999994,0.0,15,15.35,0
20220422,1650556800000,13.44,13.61,12.86,13.059999999999999,192504,252371233.0,0.0,15,13.95,0
20220425,1650816000000,12.790000000000001,12.9,11.8,11.850000000000001,154558,189915571.0,0.0,15,13.06,0
20220426,1650902400000,11.85,12.29,11.58,11.72,116878,139634553.0,0.0,15,11.85,0
20220427,1650988800000,11.8,12.24,11.33,12.24,121768,143956255.0,0.0,15,11.72,0
20220428,1651075200000,12.170000000000002,12.41,11.620000000000001,11.96,96261,115542577.0,0.0,15,12.24,0
20220429,1651161600000,12.0,12.370000000000001,11.91,12.33,103984,127189148.99999999,0.0,15,11.96,0
20220505,1651680000000,12.35,13.030000000000001,12.15,12.86,125847,160264422.0,0.0,15,12.33,0
20220506,1651766400000,12.5,13.020000000000001,12.39,12.56,114842,145432777.00000003,0.0,15,12.860000000000001,0
20220509,1652025600000,12.45,12.81,12.35,12.74,73090,92654311.0,0.0,15,12.56,0
20220510,1652112000000,12.610000000000001,12.91,12.21,12.89,101923,127849792.00000001,0.0,15,12.74,0
20220511,1652198400000,12.9,13.15,12.71,12.8,139822,180669012.0,0.0,15,12.89,0
20220512,1652284800000,12.83,12.96,12.32,12.58,96063,121223609.0,0.0,15,12.8,0
20220513,1652371200000,12.62,12.87,12.52,12.79,101459,129203640.0,0.0,15,12.58,0
20220516,1652630400000,13.24,13.49,12.82,13.35,238612,316958575.0,0.0,15,12.790000000000001,0
20220517,1652716800000,13.36,13.379999999999999,12.51,12.78,162752,207608789.0,0.0,15,13.35,0
20220518,1652803200000,12.53,12.8,12.49,12.6,85870,108812507.00000001,0.0,15,12.78,0
20220519,1652889600000,12.33,12.9,12.26,12.79,115404,146223146.0,0.0,15,12.6,0
20220520,1652976000000,12.780000000000001,12.9,12.71,12.850000000000001,99204,126878723.00000001,0.0,15,12.790000000000001,0
20220523,1653235200000,12.860000000000001,13.32,12.81,13.13,132496,173811251.0,0.0,15,12.85,0
20220524,1653321600000,13.3,13.430000000000001,12.3,12.3,185147,235849570.00000003,0.0,15,13.13,0
20220525,1653408000000,12.22,13.090000000000002,12.21,12.860000000000001,147176,187896290.0,0.0,15,12.3,0
20220526,1653494400000,12.920000000000002,13.07,12.530000000000001,12.770000000000001,81031,103508320.0,0.0,15,12.860000000000001,0
20220527,1653580800000,12.860000000000001,13.15,12.71,13.0,120277,155795765.0,0.0,15,12.770000000000001,0
20220530,1653840000000,12.950000000000001,13.97,12.950000000000001,13.97,246113,331146538.0,0.0,15,12.700000000000001,0
20220531,1653926400000,13.97,15.32,13.700000000000001,14.330000000000002,404374,585184498.0,0.0,15,13.97,0
20220601,1654012800000,14.040000000000001,15.3,13.96,14.74,309216,448384004.0,0.0,15,14.33,0
20220602,1654099200000,14.51,15.0,14.35,14.42,259247,378918866.0,0.0,15,14.74,0
20220606,1654444800000,14.23,14.340000000000002,13.96,14.16,190782,269703372.0,0.0,15,14.420000000000002,0
20220607,1654531200000,14.2,14.27,13.68,13.85,152480,211743783.0,0.0,15,14.16,0
20220608,1654617600000,13.8,14.200000000000001,13.4,14.200000000000001,187026,259764172.0,0.0,15,13.85,0
20220609,1654704000000,14.24,15.55,14.05,14.88,372179,545822054.0,0.0,15,14.200000000000001,0
20220610,1654790400000,14.31,14.59,14.15,14.5,221867,320536439.0,0.0,15,14.88,0
20220613,1655049600000,14.23,14.440000000000001,13.98,14.190000000000001,157195,223171894.00000003,0.0,15,14.5,0
20220614,1655136000000,14.0,14.09,13.39,13.97,155075,213681227.0,0.0,15,14.190000000000001,0
20220615,1655222400000,13.87,13.969999999999999,13.61,13.639999999999999,124069,171627549.0,0.0,15,13.969999999999999,0
20220616,1655308800000,13.57,13.870000000000001,13.530000000000001,13.72,86504,118502012.0,0.0,15,13.64,0
20220617,1655395200000,13.66,13.66,13.14,13.520000000000001,125135,167806609.00000003,0.0,15,13.72,0
20220620,1655654400000,13.52,13.67,13.34,13.4,69384,93149831.00000001,0.0,15,13.52,0
20220621,1655740800000,13.41,13.43,13.0,13.11,88853,116904029.0,0.0,15,13.4,0
20220622,1655827200000,13.21,13.46,13.07,13.25,85389,113376599.0,0.0,15,13.11,0
20220623,1655913600000,13.4,14.09,13.22,13.940000000000001,197268,271504007.0,0.0,15,13.25,0
20220624,1656000000000,13.76,13.79,13.43,13.56,136924,185823951.0,0.0,15,13.94,0
20220627,1656259200000,13.530000000000001,13.65,13.46,13.530000000000001,72924,98620589.0,0.0,15,13.56,0
20220628,1656345600000,13.530000000000001,13.75,13.39,13.68,91504,124605812.0,0.0,15,13.530000000000001,0
20220629,1656432000000,13.6,13.6,13.07,13.1,112469,149613431.0,0.0,15,13.68,0
20220630,1656518400000,13.05,13.23,13.040000000000001,13.170000000000002,55244,72593006.0,0.0,15,13.100000000000001,0
20220701,1656604800000,13.200000000000001,13.42,13.05,13.190000000000001,58744,77585663.0,0.0,15,13.17,0
20220704,1656864000000,13.2,13.27,13.08,13.22,47652,62708305.99999999,0.0,15,13.19,0
20220705,1656950400000,13.21,13.35,13.0,13.23,74939,98389509.0,0.0,15,13.22,0
20220706,1657036800000,13.21,13.22,12.700000000000001,12.790000000000001,67648,87388805.0,0.0,15,13.23,0
20220707,1657123200000,12.760000000000002,12.940000000000001,12.620000000000001,12.88,42656,54593331.0,0.0,15,12.790000000000001,0
20220708,1657209600000,12.930000000000001,12.97,12.72,12.83,36287,46419856.0,0.0,15,12.88,0
20220711,1657468800000,12.750000000000002,12.830000000000002,12.530000000000001,12.740000000000002,42674,54104296.0,0.0,15,12.830000000000002,0
20220712,1657555200000,12.65,12.75,12.51,12.6,44067,55567576.00000001,0.0,15,12.74,0
20220713,1657641600000,12.53,13.25,12.5,12.86,76268,98023734.00000001,0.0,15,12.6,0
20220714,1657728000000,12.780000000000001,13.13,12.73,12.98,56788,73663112.0,0.0,15,12.860000000000001,0
20220715,1657814400000,12.89,12.99,12.41,12.52,55969,71140593.00000001,0.0,15,12.98,0
20220718,1658073600000,12.41,12.93,12.41,12.88,44036,55982078.0,0.0,15,12.52,0
20220719,1658160000000,12.860000000000001,13.040000000000001,12.81,12.93,35542,45964950.0,0.0,15,12.88,0
20220720,1658246400000,12.89,12.98,12.76,12.77,36581,46905237.0,0.0,15,12.93,0
20220721,1658332800000,12.770000000000001,12.82,12.620000000000001,12.620000000000001,31617,40123271.0,0.0,15,12.770000000000001,0
20220722,1658419200000,12.56,12.700000000000001,12.46,12.540000000000001,30674,38551525.0,0.0,15,12.620000000000001,0
20220725,1658678400000,12.54,12.61,12.42,12.42,25608,32023505.0,0.0,15,12.54,0
20220726,1658764800000,12.4,12.559999999999999,12.27,12.52,28171,35014908.99999999,0.0,15,12.42,0
20220727,1658851200000,12.520000000000001,12.63,12.46,12.530000000000001,20757,26046677.0,0.0,15,12.520000000000001,0
20220728,1658937600000,12.55,12.63,12.49,12.49,26886,33762249.0,0.0,15,12.53,0
20220729,1659024000000,12.49,12.51,12.22,12.22,34519,42568587.0,0.0,15,12.49,0
20220801,1659283200000,12.28,12.28,12.01,12.209999999999999,29565,35880709.00000001,0.0,15,12.22,0
20220802,1659369600000,12.200000000000001,12.200000000000001,11.55,11.700000000000001,52180,61196800.99999999,0.0,15,12.21,0
20220803,1659456000000,11.52,11.969999999999999,11.52,11.549999999999999,34126,39982190.0,0.0,15,11.7,0
20220804,1659542400000,11.549999999999999,11.75,11.52,11.73,25859,30111828.000000004,0.0,15,11.549999999999999,0
20220805,1659628800000,11.72,11.950000000000001,11.700000000000001,11.9,23015,27200501.000000004,0.0,15,11.73,0
20220808,1659888000000,11.94,12.23,11.84,12.15,29686,35872379.0,0.0,15,11.9,0
20220809,1659974400000,12.190000000000001,12.190000000000001,11.950000000000001,12.000000000000002,22779,27402623.999999996,0.0,15,12.15,0
20220810,1660060800000,12.08,12.08,11.91,11.99,21838,26174564.0,0.0,15,12.0,0
20220811,1660147200000,12.059999999999999,12.27,12.02,12.209999999999999,31113,37900082.0,0.0,15,11.99,0
20220812,1660233600000,12.200000000000001,12.280000000000001,12.15,12.19,20509,25045747.0,0.0,15,12.21,0
20220815,1660492800000,12.22,12.25,12.05,12.21,21187,25760449.0,0.0,15,12.190000000000001,0
20220816,1660579200000,12.190000000000001,12.280000000000001,12.13,12.25,26655,32568309.0,0.0,15,12.21,0
20220817,1660665600000,12.25,12.47,12.22,12.370000000000001,35902,44416689.0,0.0,15,12.25,0
20220818,1660752000000,12.500000000000002,13.3,12.370000000000001,13.100000000000001,157547,203921965.00000003,0.0,15,12.370000000000001,0
20220819,1660838400000,12.83,12.879999999999999,12.61,12.66,78948,100443255.00000001,0.0,15,13.1,0
20220822,1661097600000,12.63,12.91,12.49,12.78,47402,60482869.99999999,0.0,15,12.66,0
20220823,1661184000000,12.7,12.82,12.58,12.68,37096,46988099.0,0.0,15,12.78,0
20220824,1661270400000,12.68,12.84,12.4,12.58,63974,80988924.0,0.0,15,12.68,0
20220825,1661356800000,12.64,12.74,12.25,12.41,51220,63414765.00000001,0.0,15,12.58,0
20220826,1661443200000,12.41,12.65,12.38,12.47,37149,46477888.0,0.0,15,12.41,0
20220829,1661702400000,12.29,12.76,12.25,12.72,42218,53113025.0,0.0,15,12.47,0
20220830,1661788800000,12.74,12.8,12.56,12.63,29543,37370068.0,0.0,15,12.72,0
20220831,1661875200000,12.58,12.620000000000001,12.3,12.350000000000001,32846,40680651.99999999,0.0,15,12.63,0
20220901,1661961600000,12.25,12.62,12.25,12.41,26756,33380119.0,0.0,15,12.35,0
20220902,1662048000000,12.56,12.600000000000001,12.450000000000001,12.500000000000002,24181,30266405.0,0.0,15,12.410000000000002,0
20220905,1662307200000,12.440000000000001,13.120000000000001,12.38,12.950000000000001,99865,128105349.0,0.0,15,12.5,0
20220906,1662393600000,12.99,13.030000000000001,12.8,12.9,58497,75350057.0,0.0,15,12.950000000000001,0
20220907,1662480000000,12.81,12.9,12.6,12.77,61579,78291751.0,0.0,15,12.9,0
20220908,1662566400000,12.73,12.74,12.43,12.44,43642,54770567.0,0.0,15,12.77,0
20220909,1662652800000,12.38,12.56,12.38,12.510000000000002,24917,31071603.000000004,0.0,15,12.440000000000001,0
20220913,1662998400000,12.549999999999999,12.69,12.35,12.42,31352,39288985.0,0.0,15,12.51,0
20220914,1663084800000,12.18,12.2,12.01,12.11,40854,49401539.0,0.0,15,12.42,0
20220915,1663171200000,12.190000000000001,12.22,11.790000000000001,11.850000000000001,41626,49583911.0,0.0,15,12.110000000000001,0
20220916,1663257600000,11.860000000000001,11.89,11.540000000000001,11.540000000000001,25533,29930596.0,0.0,15,11.850000000000001,0
20220919,1663516800000,11.54,11.629999999999999,11.34,11.42,18267,20996102.0,0.0,15,11.54,0
20220920,1663603200000,11.48,11.65,11.46,11.58,14937,17322017.0,0.0,15,11.420000000000002,0
20220921,1663689600000,11.540000000000001,11.68,11.48,11.64,13472,15595369.0,0.0,15,11.58,0
20220922,1663776000000,11.56,11.680000000000001,11.47,11.48,18199,21086593.000000004,0.0,15,11.64,0
20220923,1663862400000,11.48,11.55,11.14,11.200000000000001,23147,26160759.0,0.0,15,11.48,0
20220926,1664121600000,11.17,11.299999999999999,11.1,11.17,16705,18723103.0,0.0,15,11.2,0
20220927,1664208000000,11.2,11.33,11.16,11.27,15418,17322629.0,0.0,15,11.17,0
20220928,1664294400000,11.340000000000002,11.340000000000002,10.88,10.9,19388,21522416.999999996,0.0,15,11.270000000000001,0
20220929,1664380800000,10.98,11.200000000000001,10.89,10.93,17651,19485212.999999996,0.0,15,10.9,0
20220930,1664467200000,10.93,11.08,10.75,10.78,16993,18523518.0,0.0,15,10.93,0
20221010,1665331200000,10.83,10.91,10.6,10.65,16017,17279130.0,0.0,15,10.78,0
20221011,1665417600000,10.65,10.74,10.43,10.719999999999999,16373,17356031.999999996,0.0,15,10.65,0
20221012,1665504000000,10.700000000000001,10.96,10.57,10.96,17460,18845543.999999996,0.0,15,10.72,0
20221013,1665590400000,10.9,12.06,10.88,12.06,56197,65899958.0,0.0,15,10.96,0
20221014,1665676800000,13.27,13.27,12.58,12.84,336615,439979122.0,0.0,15,12.06,0
20221017,1665936000000,12.2,12.78,12.11,12.58,244023,301974091.0,0.0,15,12.84,0
20221018,1666022400000,12.270000000000001,12.63,12.22,12.46,158598,197173236.0,0.0,15,12.58,0
20221019,1666108800000,12.399999999999999,12.399999999999999,11.86,11.87,125714,151554899.00000003,0.0,15,12.459999999999999,0
20221020,1666195200000,11.780000000000001,12.08,11.73,11.9,90766,108379962.0,0.0,15,11.870000000000001,0
20221021,1666281600000,11.82,11.99,11.63,11.66,69146,81274644.0,0.0,15,11.9,0
20221024,1666540800000,11.74,11.78,11.16,11.28,68341,78601575.0,0.0,15,11.66,0
20221025,1666627200000,11.18,11.299999999999999,10.93,11.27,56179,62556029.0,0.0,15,11.28,0
20221026,1666713600000,11.33,12.200000000000001,11.3,11.83,114283,133922404.0,0.0,15,11.270000000000001,0
20221027,1666800000000,11.84,12.98,11.66,12.5,198501,245753504.0,0.0,15,11.83,0
20221028,1666886400000,12.81,12.870000000000001,12.200000000000001,12.3,150807,188901141.0,0.0,15,12.500000000000002,0
20221031,1667145600000,12.700000000000001,13.530000000000001,12.530000000000001,12.690000000000001,191308,247613068.0,0.0,15,12.3,0
20221101,1667232000000,12.700000000000001,13.96,12.700000000000001,13.96,265709,361287425.00000006,0.0,15,12.690000000000001,0
20221102,1667318400000,15.350000000000001,15.360000000000001,14.8,15.360000000000001,394724,604766958.0,0.0,15,13.96,0
20221103,1667404800000,15.6,16.9,15.4,15.92,705993,1163056204.0,0.0,15,15.360000000000001,0
20221104,1667491200000,15.770000000000001,16.8,15.030000000000001,16.05,565913,892036245.0,0.0,15,15.920000000000002,0
20221107,1667750400000,15.3,16.79,14.9,15.75,500075,797284184.0,0.0,15,16.05,0
20221108,1667836800000,15.45,15.93,15.01,15.07,335189,514228855.99999994,0.0,15,15.75,0
20221109,1667923200000,15.12,16.58,14.92,16.58,437108,707178646.0,0.0,15,15.07,0
20221110,1668009600000,16.779999999999998,18.22,16.4,17.24,632019,1099127937.0000002,0.0,15,16.58,0
20221111,1668096000000,16.99,18.57,16.61,17.0,556255,970495997.0,0.0,15,17.24,0
20221114,1668355200000,16.51,17.19,15.9,16.04,387145,632554393.0,0.0,15,17.0,0
20221115,1668441600000,15.9,16.080000000000002,15.41,15.86,299719,470275457.0,0.0,15,16.04,0
20221116,1668528000000,15.67,15.770000000000001,15.22,15.55,224616,347187169.99999994,0.0,15,15.860000000000001,0
20221117,1668614400000,15.48,16.48,15.32,16.240000000000002,332319,534756291.0,0.0,15,15.55,0
20221118,1668700800000,15.9,15.91,15.06,15.21,247620,383918506.0,0.0,15,16.240000000000002,0
20221121,1668960000000,15.36,16.73,15.36,16.73,287170,462021397.0,0.0,15,15.209999999999999,0
20221122,1669046400000,16.89,17.88,16.0,16.15,470844,798677920.0000001,0.0,15,16.73,0
20221123,1669132800000,16.400000000000002,17.43,16.37,17.16,397659,674380756.0000001,0.0,15,16.150000000000002,0
20221124,1669219200000,16.599999999999998,17.099999999999998,16.06,16.41,317755,523549348.00000006,0.0,15,17.16,0
20221125,1669305600000,16.0,16.01,15.32,15.61,208507,325145334.0,0.0,15,16.41,0
20221128,1669564800000,15.200000000000001,15.850000000000001,15.200000000000001,15.370000000000001,142732,220606275.0,0.0,15,15.610000000000001,0
20221129,1669651200000,15.4,15.780000000000001,15.31,15.43,164933,255952389.0,0.0,15,15.370000000000001,0
20221130,1669737600000,15.31,16.86,15.13,16.490000000000002,308237,494166000.0,0.0,15,15.430000000000001,0
20221201,1669824000000,16.18,16.25,15.59,15.69,219616,348800966.99999994,0.0,15,16.49,0
20221202,1669910400000,15.74,15.959999999999999,15.52,15.7,116467,183272575.00000003,0.0,15,15.69,0
20221205,1670169600000,15.56,16.0,15.33,15.9,145407,229260512.0,0.0,15,15.7,0
20221206,1670256000000,15.92,16.86,15.82,16.37,244944,402404085.00000006,0.0,15,15.9,0
20221207,1670342400000,15.799999999999999,16.65,15.68,16.2,200690,324508816.0,0.0,15,16.37,0
20221208,1670428800000,16.169999999999998,16.2,15.6,15.68,168780,266252562.99999997,0.0,15,16.2,0
20221209,1670515200000,15.53,15.54,15.01,15.18,142637,216241604.0,0.0,15,15.68,0
20221212,1670774400000,15.01,15.350000000000001,14.72,15.260000000000002,94263,142327886.0,0.0,15,15.180000000000001,0
20221213,1670860800000,15.07,15.3,14.91,15.01,75307,113319805.0,0.0,15,15.26,0
20221214,1670947200000,15.0,15.290000000000001,14.81,15.290000000000001,94017,141975228.00000003,0.0,15,15.01,0
20221215,1671033600000,15.1,15.55,15.01,15.33,106275,163407547.0,0.0,15,15.29,0
20221216,1671120000000,15.1,15.28,14.5,14.51,129900,191787785.0,0.0,15,15.33,0
20221219,1671379200000,14.430000000000001,14.770000000000001,14.120000000000001,14.57,125469,180983510.0,0.0,15,14.510000000000002,0
20221220,1671465600000,14.22,15.250000000000002,14.120000000000001,14.9,167437,250695317.00000003,0.0,15,14.57,0
20221221,1671552000000,14.620000000000001,15.23,14.3,14.63,123339,181160370.00000003,0.0,15,14.9,0
20221222,1671638400000,14.75,15.58,14.61,15.149999999999999,202162,308955457.0,0.0,15,14.629999999999999,0
20221223,1671724800000,15.010000000000002,15.46,14.46,14.770000000000001,165893,246160684.0,0.0,15,15.15,0
20221226,1671984000000,14.790000000000001,15.350000000000001,14.790000000000001,14.930000000000001,124738,188110503.0,0.0,15,14.770000000000001,0
20221227,1672070400000,14.8,15.05,14.41,14.99,122840,180649235.0,0.0,15,14.93,0
20221228,1672156800000,14.72,14.72,14.25,14.3,104385,151035916.0,0.0,15,14.99,0
20221229,1672243200000,14.11,14.55,13.75,14.14,98246,138590476.0,0.0,15,14.3,0
20221230,1672329600000,14.090000000000002,14.340000000000002,14.030000000000001,14.06,57215,80815721.0,0.0,15,14.14,0
20230103,1672675200000,14.020000000000001,14.350000000000001,13.88,14.31,76286,108090466.0,0.0,15,14.06,0
20230104,1672761600000,14.3,14.680000000000001,14.200000000000001,14.440000000000001,85997,124503068.0,0.0,15,14.31,0
20230105,1672848000000,14.370000000000001,14.48,14.13,14.260000000000002,70543,100274270.00000001,0.0,15,14.440000000000001,0
20230106,1672934400000,14.180000000000001,15.690000000000001,14.120000000000001,15.32,307188,469289549.0,0.0,15,14.260000000000002,0
20230109,1673193600000,15.11,15.450000000000001,14.99,15.4,222508,338222771.0,0.0,15,15.32,0
20230110,1673280000000,15.3,15.39,15.040000000000001,15.33,112428,171069015.0,0.0,15,15.4,0
20230111,1673366400000,15.3,15.340000000000002,14.88,14.89,94249,142139420.0,0.0,15,15.33,0
20230112,1673452800000,14.799999999999999,14.94,14.52,14.549999999999999,77333,113720640.00000001,0.0,15,14.889999999999999,0
20230113,1673539200000,14.64,14.89,14.370000000000001,14.520000000000001,77519,113116981.0,0.0,15,14.55,0
20230116,1673798400000,14.4,14.610000000000001,14.39,14.530000000000001,50458,73318408.0,0.0,15,14.520000000000001,0
20230117,1673884800000,14.55,14.84,14.5,14.55,49634,72507190.0,0.0,15,14.53,0
20230118,1673971200000,14.45,14.78,14.35,14.61,60520,87997714.00000001,0.0,15,14.549999999999999,0
20230119,1674057600000,14.5,14.549999999999999,14.36,14.51,39252,56792806.0,0.0,15,14.61,0
20230120,1674144000000,14.56,15.06,14.51,14.9,87275,129187458.0,0.0,15,14.51,0
20230130,1675008000000,15.06,15.45,14.92,15.43,124705,189558783.99999997,0.0,15,14.9,0
20230131,1675094400000,15.45,15.45,15.17,15.37,93329,142822181.99999997,0.0,15,15.43,0
20230201,1675180800000,15.23,15.450000000000001,15.200000000000001,15.440000000000001,98596,151211117.0,0.0,15,15.370000000000001,0
20230202,1675267200000,15.4,15.85,15.26,15.75,158660,248038240.0,0.0,15,15.44,0
20230203,1675353600000,15.700000000000001,16.85,15.450000000000001,16.53,302648,489279614.0,0.0,15,15.750000000000002,0
20230206,1675612800000,16.2,16.48,15.93,16.03,190680,308185014.0,0.0,15,16.53,0
20230207,1675699200000,15.93,16.07,15.77,16.02,109615,174417704.00000003,0.0,15,16.03,0
20230208,1675785600000,15.98,16.09,15.620000000000001,15.790000000000001,111335,176974144.00000003,0.0,15,16.02,0
20230209,1675872000000,15.610000000000001,15.9,15.610000000000001,15.830000000000002,74180,116979279.00000001,0.0,15,15.790000000000001,0
20230210,1675958400000,15.780000000000001,16.150000000000002,15.700000000000001,16.040000000000003,104993,167335759.00000003,0.0,15,15.830000000000002,0
20230213,1676217600000,16.1,16.25,15.96,16.1,109825,176449826.0,0.0,15,16.04,0
20230214,1676304000000,16.24,16.24,15.44,15.549999999999999,164852,258837253.0,0.0,15,16.099999999999998,0
20230215,1676390400000,15.51,15.59,15.24,15.31,103742,159189270.0,0.0,15,15.55,0
20230216,1676476800000,15.290000000000001,15.39,14.82,14.92,106246,161023666.0,0.0,15,15.31,0
20230217,1676563200000,14.9,15.05,14.72,14.780000000000001,67546,100288061.0,0.0,15,14.92,0
20230220,1676822400000,14.71,14.92,14.64,14.91,51299,75955651.0,0.0,15,14.780000000000001,0
20230221,1676908800000,14.920000000000002,15.030000000000001,14.780000000000001,14.920000000000002,59973,89380552.0,0.0,15,14.910000000000002,0
20230222,1676995200000,14.82,15.0,14.8,14.930000000000001,42540,63445105.00000001,0.0,15,14.92,0
20230223,1677081600000,15.040000000000001,15.43,14.98,15.110000000000001,104885,159167716.0,0.0,15,14.93,0
20230224,1677168000000,14.92,15.0,14.67,14.86,81509,120701116.0,0.0,15,15.11,0
20230227,1677427200000,14.8,14.82,14.66,14.68,43093,63362183.00000001,0.0,15,14.86,0
20230228,1677513600000,14.65,14.73,14.5,14.7,48373,70710815.0,0.0,15,14.68,0
20230301,1677600000000,14.700000000000001,14.9,14.63,14.9,61153,90379647.99999999,0.0,15,14.700000000000001,0
20230302,1677686400000,14.879999999999999,14.94,14.69,14.74,52504,77654211.0,0.0,15,14.9,0
20230303,1677772800000,14.73,14.870000000000001,14.66,14.8,52591,77664650.0,0.0,15,14.74,0
20230306,1678032000000,14.8,14.82,14.48,14.5,57452,83785023.0,0.0,15,14.8,0
20230307,1678118400000,14.51,14.59,14.1,14.12,71955,103005182.00000001,0.0,15,14.5,0
20230308,1678204800000,14.09,14.24,14.06,14.22,29090,41202879.0,0.0,15,14.120000000000001,0
20230309,1678291200000,14.22,14.31,14.09,14.12,32819,46524277.0,0.0,15,14.22,0
20230310,1678377600000,14.1,14.5,14.09,14.22,52112,74586381.0,0.0,15,14.12,0
20230313,1678636800000,14.059999999999999,14.059999999999999,13.86,14.0,55248,77013432.0,0.0,15,14.219999999999999,0
20230314,1678723200000,14.000000000000002,14.170000000000002,13.870000000000001,13.91,44327,62017735.99999999,0.0,15,14.000000000000002,0
20230315,1678809600000,13.92,14.02,13.91,13.94,31096,43399276.0,0.0,15,13.91,0
20230316,1678896000000,13.92,14.5,13.86,14.219999999999999,104173,148997242.00000003,0.0,15,13.94,0
20230317,1678982400000,14.04,14.18,13.92,14.17,69140,97024767.99999999,0.0,15,14.22,0
20230320,1679241600000,14.17,14.28,13.92,13.99,51922,72887420.00000001,0.0,15,14.17,0
20230321,1679328000000,14.000000000000002,14.160000000000002,13.950000000000001,14.15,39325,55296410.0,0.0,15,13.99,0
20230322,1679414400000,14.21,14.33,14.13,14.280000000000001,53927,76728409.0,0.0,15,14.15,0
20230323,1679500800000,14.22,14.42,14.15,14.290000000000001,45243,64681179.0,0.0,15,14.280000000000001,0
20230324,1679587200000,14.25,14.3,14.0,14.07,48618,68549288.0,0.0,15,14.29,0
20230327,1679846400000,14.12,14.12,13.83,13.87,47553,66136352.00000001,0.0,15,14.07,0
20230328,1679932800000,13.860000000000001,13.950000000000001,13.780000000000001,13.82,31272,43339644.00000001,0.0,15,13.870000000000001,0
20230329,1680019200000,13.82,13.82,13.36,13.36,67532,90902662.00000001,0.0,15,13.82,0
20230330,1680105600000,13.46,13.47,13.14,13.350000000000001,40210,53293424.00000001,0.0,15,13.360000000000001,0
20230331,1680192000000,13.33,13.48,13.31,13.46,23088,31003784.0,0.0,15,13.35,0
20230403,1680451200000,13.45,13.540000000000001,13.33,13.44,35026,46974824.0,0.0,15,13.46,0
20230404,1680537600000,13.41,13.420000000000002,13.120000000000001,13.15,46897,61951563.00000001,0.0,15,13.440000000000001,0
20230406,1680710400000,13.16,13.21,12.97,13.13,33795,44247330.0,0.0,15,13.15,0
20230407,1680796800000,13.129999999999999,13.24,13.02,13.209999999999999,24054,31725524.0,0.0,15,13.129999999999999,0
20230410,1681056000000,13.21,13.34,13.06,13.09,35306,46483718.0,0.0,15,13.21,0
20230411,1681142400000,13.090000000000002,13.100000000000001,12.870000000000001,12.99,37211,48241967.0,0.0,15,13.090000000000002,0
20230412,1681228800000,12.99,13.07,12.85,12.959999999999999,28236,36538741.00000001,0.0,15,12.99,0
20230413,1681315200000,12.959999999999999,13.1,12.84,12.99,33872,43994337.00000001,0.0,15,12.959999999999999,0
20230414,1681401600000,13.209999999999999,13.45,13.19,13.25,64805,85938318.00000001,0.0,15,12.99,0
20230417,1681660800000,13.129999999999999,13.28,13.09,13.15,35962,47310343.0,0.0,15,13.25,0
20230418,1681747200000,13.17,13.22,13.07,13.120000000000001,27544,36162298.0,0.0,15,13.15,0
20230419,1681833600000,13.129999999999999,13.139999999999999,12.94,12.95,28870,37465982.0,0.0,15,13.12,0
20230420,1681920000000,13.0,13.0,12.85,12.879999999999999,24081,31018800.0,0.0,15,12.95,0
20230421,1682006400000,12.91,13.18,12.66,12.69,49353,64088608.0,0.0,15,12.88,0
20230424,1682265600000,12.69,12.83,12.4,12.530000000000001,33548,42010136.0,0.0,15,12.69,0
20230425,1682352000000,12.459999999999999,12.629999999999999,12.09,12.36,40914,50271567.0,0.0,15,12.53,0
20230426,1682438400000,12.21,12.72,12.21,12.680000000000001,42430,53345388.00000001,0.0,15,12.360000000000001,0
20230427,1682524800000,12.63,12.790000000000001,12.58,12.62,35729,45272790.00000001,0.0,15,12.68,0
20230428,1682611200000,12.639999999999999,12.77,12.61,12.74,33873,43019371.0,0.0,15,12.62,0
20230504,1683129600000,12.56,12.77,12.5,12.66,37440,47411086.00000001,0.0,15,12.74,0
20230505,1683216000000,12.75,12.76,12.34,12.43,32212,40107718.0,0.0,15,12.66,0
20230508,1683475200000,12.4,12.540000000000001,12.33,12.48,26355,32759299.0,0.0,15,12.43,0
20230509,1683561600000,12.47,12.59,12.33,12.42,32938,40992266.0,0.0,15,12.48,0
20230510,1683648000000,12.37,12.49,12.34,12.4,22470,27880854.000000004,0.0,15,12.42,0
20230511,1683734400000,12.4,12.540000000000001,12.370000000000001,12.46,26157,32596360.999999996,0.0,15,12.4,0
20230512,1683820800000,12.580000000000002,12.580000000000002,12.280000000000001,12.3,23306,28887603.0,0.0,15,12.46,0
20230515,1684080000000,12.330000000000002,12.420000000000002,12.120000000000001,12.41,25831,31732681.0,0.0,15,12.3,0
20230516,1684166400000,12.41,12.450000000000001,12.15,12.17,26641,32629624.000000004,0.0,15,12.41,0
20230517,1684252800000,12.170000000000002,12.49,12.120000000000001,12.420000000000002,39543,48937706.0,0.0,15,12.170000000000002,0
20230518,1684339200000,12.43,12.47,12.25,12.29,25706,31674688.0,0.0,15,12.42,0
20230519,1684425600000,12.25,12.290000000000001,11.98,12.16,25412,30805629.0,0.0,15,12.290000000000001,0
20230522,1684684800000,12.31,13.38,12.290000000000001,13.38,215175,281619665.0,0.0,15,12.16,0
20230523,1684771200000,13.360000000000001,14.290000000000001,12.98,13.57,317185,433626852.99999994,0.0,15,13.38,0
20230524,1684857600000,13.2,13.56,13.01,13.299999999999999,196883,260245828.00000003,0.0,15,13.57,0
20230525,1684944000000,13.16,13.28,12.85,13.0,109398,142164551.0,0.0,15,13.299999999999999,0
20230526,1685030400000,12.72,12.8,12.46,12.57,86026,108292794.0,0.0,15,12.700000000000001,0
20230529,1685289600000,12.71,13.32,12.57,13.17,161061,209131436.0,0.0,15,12.57,0
20230530,1685376000000,12.93,13.040000000000001,12.66,12.86,97720,125316108.0,0.0,15,13.17,0
20230531,1685462400000,12.75,13.040000000000001,12.64,12.68,73329,93964014.0,0.0,15,12.860000000000001,0
20230601,1685548800000,12.63,12.780000000000001,12.55,12.72,48291,61236995.0,0.0,15,12.680000000000001,0
20230602,1685635200000,12.73,12.8,12.65,12.74,47681,60735347.0,0.0,15,12.72,0
20230605,1685894400000,12.74,12.770000000000001,12.55,12.610000000000001,48473,61132159.0,0.0,15,12.74,0
20230606,1685980800000,12.549999999999999,12.6,12.18,12.24,82199,101034042.0,0.0,15,12.61,0
20230607,1686067200000,12.24,12.34,12.05,12.33,43920,53601283.0,0.0,15,12.24,0
20230608,1686153600000,12.31,12.5,12.21,12.370000000000001,49611,61566597.0,0.0,15,12.33,0
20230609,1686240000000,12.36,12.46,12.07,12.09,58351,71081950.99999999,0.0,15,12.370000000000001,0
20230612,1686499200000,12.06,12.27,11.85,12.2,52356,63272220.00000001,0.0,15,12.09,0
20230613,1686585600000,12.15,12.2,12.01,12.11,36022,43539730.00000001,0.0,15,12.2,0
20230614,1686672000000,12.05,12.4,11.99,12.3,53895,65846517.0,0.0,15,12.11,0
20230615,1686758400000,12.209999999999999,12.29,12.11,12.25,38746,47250146.00000001,0.0,15,12.299999999999999,0
20230616,1686844800000,12.33,12.45,12.27,12.28,44630,55045557.0,0.0,15,12.25,0
20230619,1687104000000,12.3,12.5,12.13,12.14,43810,53814096.0,0.0,15,12.280000000000001,0
20230620,1687190400000,12.11,12.22,12.0,12.18,29757,36064504.0,0.0,15,12.14,0
20230621,1687276800000,12.22,12.26,11.97,11.97,34271,41425040.0,0.0,15,12.180000000000001,0
20230626,1687708800000,11.9,11.98,11.74,11.790000000000001,31110,36879084.00000001,0.0,15,11.97,0
20230627,1687795200000,11.799999999999999,11.93,11.78,11.92,22770,27045639.0,0.0,15,11.79,0
20230628,1687881600000,11.92,12.19,11.6,12.08,46898,55703000.0,0.0,15,11.92,0
20230629,1687968000000,12.12,12.12,11.93,11.94,29005,34774604.0,0.0,15,12.08,0
20230630,1688054400000,11.99,12.1,11.94,12.01,27974,33689613.0,0.0,15,11.94,0
20230703,1688313600000,12.01,12.22,11.99,12.18,41451,50242392.99999999,0.0,15,12.01,0
20230704,1688400000000,12.170000000000002,12.270000000000001,12.120000000000001,12.21,31733,38711024.99999999,0.0,15,12.180000000000001,0
20230705,1688486400000,12.200000000000001,12.360000000000001,12.13,12.22,34188,41822360.0,0.0,15,12.21,0
20230706,1688572800000,12.190000000000001,12.32,12.06,12.23,38363,46729465.0,0.0,15,12.22,0
20230707,1688659200000,12.17,12.790000000000001,12.05,12.620000000000001,113011,141495201.0,0.0,15,12.23,0
20230710,1688918400000,12.530000000000001,12.56,12.38,12.42,49554,61694827.0,0.0,15,12.620000000000001,0
20230711,1689004800000,12.42,12.46,12.23,12.41,35894,44204352.0,0.0,15,12.42,0
20230712,1689091200000,12.37,12.47,12.25,12.27,40279,49763800.0,0.0,15,12.41,0
20230713,1689177600000,12.38,12.41,12.290000000000001,12.33,25622,31613165.0,0.0,15,12.270000000000001,0
20230714,1689264000000,12.32,12.47,12.26,12.4,30415,37651650.0,0.0,15,12.33,0
20230717,1689523200000,12.4,12.55,12.23,12.46,39638,49177440.0,0.0,15,12.4,0
20230718,1689609600000,12.51,12.870000000000001,12.48,12.610000000000001,63298,80027022.0,0.0,15,12.46,0
20230719,1689696000000,12.52,12.97,12.5,12.88,106652,136130546.0,0.0,15,12.61,0
20230720,1689782400000,12.8,12.81,12.540000000000001,12.57,66882,84602070.0,0.0,15,12.88,0
20230721,1689868800000,12.690000000000001,12.950000000000001,12.56,12.81,79702,101660360.0,0.0,15,12.57,0
20230724,1690128000000,12.620000000000001,12.66,12.4,12.4,54033,67509166.0,0.0,15,12.81,0
20230725,1690214400000,12.450000000000001,12.600000000000001,12.450000000000001,12.520000000000001,32836,41078466.0,0.0,15,12.4,0
20230726,1690300800000,12.52,12.82,12.4,12.700000000000001,71165,89897199.0,0.0,15,12.52,0
20230727,1690387200000,12.64,12.75,12.57,12.63,44552,56394851.0,0.0,15,12.700000000000001,0
20230728,1690473600000,12.55,12.680000000000001,12.450000000000001,12.620000000000001,44063,55552014.0,0.0,15,12.63,0
20230731,1690732800000,12.680000000000001,12.9,12.63,12.860000000000001,88446,113121401.0,0.0,15,12.620000000000001,0
20230801,1690819200000,12.97,13.120000000000001,12.72,12.74,87666,113123550.0,0.0,15,12.860000000000001,0
20230802,1690905600000,12.6,12.620000000000001,12.41,12.43,64221,80147116.0,0.0,15,12.74,0
20230803,1690992000000,12.43,12.52,12.34,12.51,33661,41855717.0,0.0,15,12.43,0
20230804,1691078400000,12.42,12.51,12.31,12.32,42381,52600549.0,0.0,15,12.51,0
20230807,1691337600000,12.32,12.55,12.280000000000001,12.4,34028,42310664.00000001,0.0,15,12.32,0
20230808,1691424000000,12.360000000000001,12.440000000000001,12.120000000000001,12.23,32949,40325212.0,0.0,15,12.4,0
20230809,1691510400000,12.25,12.290000000000001,12.13,12.180000000000001,21710,26485335.999999996,0.0,15,12.23,0
20230810,1691596800000,12.15,12.34,12.15,12.24,17591,21546408.999999996,0.0,15,12.18,0
20230811,1691683200000,12.22,12.31,12.0,12.0,25679,31096162.000000004,0.0,15,12.24,0
20230814,1691942400000,11.87,12.12,11.85,12.02,18763,22470095.0,0.0,15,12.0,0
20230815,1692028800000,12.48,13.22,12.42,13.06,337020,439379628.00000006,0.0,15,12.02,0
20230816,1692115200000,12.629999999999999,12.7,12.44,12.45,214953,269244683.00000006,0.0,15,13.059999999999999,0
20230817,1692201600000,12.4,12.48,12.17,12.24,107645,132178668.0,0.0,15,12.45,0
20230818,1692288000000,12.260000000000002,12.3,11.88,11.91,109731,132078502.0,0.0,15,12.24,0
20230821,1692547200000,11.860000000000001,12.21,11.8,11.99,66838,80551836.0,0.0,15,11.91,0
20230822,1692633600000,11.89,11.96,11.620000000000001,11.750000000000002,76167,89334700.0,0.0,15,11.99,0
20230823,1692720000000,11.67,11.71,11.38,11.39,52014,59712139.0,0.0,15,11.75,0
20230824,1692806400000,11.280000000000001,11.5,11.22,11.34,34924,39617971.0,0.0,15,11.39,0
20230825,1692892800000,11.34,11.43,11.1,11.11,36603,41165714.0,0.0,15,11.34,0
20230828,1693152000000,11.65,11.77,11.16,11.21,43851,49974991.0,0.0,15,11.11,0
20230829,1693238400000,11.120000000000001,11.580000000000002,11.120000000000001,11.47,44973,51251730.0,0.0,15,11.21,0
20230830,1693324800000,11.42,11.559999999999999,11.36,11.44,31844,36433037.99999999,0.0,15,11.469999999999999,0
20230831,1693411200000,11.350000000000001,11.41,11.290000000000001,11.41,19098,21667024.999999996,0.0,15,11.440000000000001,0
20230901,1693497600000,11.4,11.540000000000001,11.370000000000001,11.520000000000001,23211,26625427.0,0.0,15,11.41,0
20230904,1693756800000,11.57,11.71,11.46,11.65,35606,41218682.0,0.0,15,11.520000000000001,0
20230905,1693843200000,11.61,11.61,11.42,11.44,29199,33516978.0,0.0,15,11.65,0
20230906,1693929600000,11.49,11.49,11.31,11.41,19983,22788396.0,0.0,15,11.440000000000001,0
20230907,1694016000000,11.35,11.43,11.25,11.25,22659,25640284.0,0.0,15,11.41,0
20230908,1694102400000,11.250000000000002,11.38,11.200000000000001,11.280000000000001,14284,16103950.0,0.0,15,11.250000000000002,0
20230911,1694361600000,11.24,11.420000000000002,11.21,11.4,20571,23332088.0,0.0,15,11.280000000000001,0
20230912,1694448000000,11.42,11.43,11.36,11.41,17559,20013109.0,0.0,15,11.399999999999999,0
20230913,1694534400000,11.39,11.41,11.13,11.200000000000001,29664,33302458.0,0.0,15,11.41,0
20230914,1694620800000,11.21,11.24,11.06,11.110000000000001,20966,23358656.999999996,0.0,15,11.200000000000001,0
20230915,1694707200000,11.19,11.32,11.1,11.25,26097,29322431.000000004,0.0,15,11.11,0
20230918,1694966400000,11.18,11.34,11.14,11.32,20090,22663144.0,0.0,15,11.25,0
20230919,1695052800000,11.270000000000001,11.32,11.200000000000001,11.3,16213,18271997.0,0.0,15,11.32,0
20230920,1695139200000,11.28,11.28,11.17,11.18,15061,16873088.000000004,0.0,15,11.3,0
20230921,1695225600000,11.18,11.22,11.0,11.02,22703,25123648.0,0.0,15,11.18,0
20230922,1695312000000,10.99,11.24,10.96,11.22,22572,25160933.0,0.0,15,11.020000000000001,0
20230925,1695571200000,11.19,11.25,11.19,11.24,15234,17106351.0,0.0,15,11.219999999999999,0
20230926,1695657600000,11.15,11.31,11.15,11.16,11496,12890735.0,0.0,15,11.24,0
20230927,1695744000000,11.16,11.35,11.15,11.25,22541,25372109.999999996,0.0,15,11.16,0
20230928,1695830400000,11.26,11.33,11.23,11.33,15617,17619304.0,0.0,15,11.25,0
20231009,1696780800000,11.32,11.32,11.16,11.22,15683,17587662.0,0.0,15,11.33,0
20231010,1696867200000,11.22,11.3,11.15,11.17,17501,19629624.0,0.0,15,11.22,0
20231011,1696953600000,11.25,11.33,11.17,11.22,25842,29067248.000000004,0.0,15,11.17,0
20231012,1697040000000,11.22,11.340000000000002,11.21,11.32,22448,25351817.0,0.0,15,11.22,0
20231013,1697126400000,11.3,11.3,11.15,11.16,20439,22887886.0,0.0,15,11.32,0
20231016,1697385600000,11.17,11.350000000000001,11.13,11.190000000000001,18700,20941974.0,0.0,15,11.16,0
20231017,1697472000000,11.180000000000001,11.200000000000001,11.040000000000001,11.120000000000001,18952,21046583.000000004,0.0,15,11.190000000000001,0
20231018,1697558400000,11.120000000000001,11.14,10.88,10.9,24573,27011430.000000004,0.0,15,11.120000000000001,0
20231019,1697644800000,10.91,10.99,10.55,10.56,40263,43041370.0,0.0,15,10.9,0
20231020,1697731200000,10.6,10.77,10.48,10.63,26747,28397562.0,0.0,15,10.56,0
20231023,1697990400000,10.7,10.7,10.28,10.33,23581,24493786.0,0.0,15,10.629999999999999,0
20231024,1698076800000,10.31,10.690000000000001,10.31,10.610000000000001,29606,31335678.0,0.0,15,10.33,0
20231025,1698163200000,10.68,10.78,10.61,10.61,17771,19006141.0,0.0,15,10.61,0
20231026,1698249600000,10.61,10.66,10.42,10.65,19850,20900199.0,0.0,15,10.61,0
20231027,1698336000000,10.65,10.82,10.51,10.76,22359,23994812.0,0.0,15,10.65,0
20231030,1698595200000,10.76,10.9,10.68,10.84,23488,25451906.0,0.0,15,10.76,0
20231031,1698681600000,10.87,10.92,10.77,10.84,16147,17484282.0,0.0,15,10.84,0
20231101,1698768000000,10.84,10.92,10.77,10.879999999999999,20093,21838738.0,0.0,15,10.84,0
20231102,1698854400000,10.9,10.940000000000001,10.8,10.83,13070,14195082.0,0.0,15,10.88,0
20231103,1698940800000,10.899999999999999,10.899999999999999,10.78,10.86,12065,13097757.0,0.0,15,10.83,0
20231106,1699200000000,10.87,10.97,10.84,10.97,22883,24965037.0,0.0,15,10.86,0
20231107,1699286400000,10.93,10.98,10.89,10.93,19649,21489611.000000004,0.0,15,10.97,0
20231108,1699372800000,10.91,10.97,10.83,10.85,17916,19515541.0,0.0,15,10.93,0
20231109,1699459200000,10.87,10.91,10.76,10.79,20980,22701489.0,0.0,15,10.85,0
20231110,1699545600000,10.75,10.84,10.69,10.83,15976,17218189.0,0.0,15,10.79,0
20231113,1699804800000,10.81,10.88,10.71,10.870000000000001,23306,25134851.0,0.0,15,10.83,0
20231114,1699891200000,10.86,10.92,10.77,10.809999999999999,19485,21101782.0,0.0,15,10.87,0
20231115,1699977600000,10.85,10.93,10.83,10.88,23115,25156790.0,0.0,15,10.81,0
20231116,1700064000000,10.879999999999999,10.89,10.76,10.77,17704,19123335.0,0.0,15,10.879999999999999,0
20231117,1700150400000,10.75,10.88,10.72,10.870000000000001,17299,18739444.0,0.0,15,10.770000000000001,0
20231120,1700409600000,10.94,10.95,10.78,10.899999999999999,24710,26871378.0,0.0,15,10.87,0
20231121,1700496000000,10.88,11.06,10.870000000000001,10.99,39127,42929656.99999999,0.0,15,10.9,0
20231122,1700582400000,10.99,11.12,10.93,11.04,39837,43941129.0,0.0,15,10.99,0
20231123,1700668800000,10.98,11.48,10.9,11.16,78872,88242968.00000001,0.0,15,11.040000000000001,0
20231124,1700755200000,11.120000000000001,11.26,11.07,11.16,58913,65737218.0,0.0,15,11.16,0
20231127,1701014400000,11.07,11.1,10.83,10.84,39824,43534518.0,0.0,15,11.16,0
20231128,1701100800000,10.84,11.43,10.67,11.26,106559,119402781.0,0.0,15,10.84,0
20231129,1701187200000,11.23,11.24,11.02,11.02,52723,58512731.0,0.0,15,11.26,0
20231130,1701273600000,11.0,11.1,10.92,11.06,31061,34217214.0,0.0,15,11.02,0
20231201,1701360000000,11.030000000000001,11.280000000000001,10.950000000000001,11.13,41001,45597872.0,0.0,15,11.06,0
20231204,1701619200000,11.200000000000001,11.25,10.97,11.01,35028,38630053.0,0.0,15,11.13,0
20231205,1701705600000,11.06,11.06,10.82,10.82,26630,29069435.0,0.0,15,11.01,0
20231206,1701792000000,10.76,11.040000000000001,10.74,10.96,27876,30511053.999999996,0.0,15,10.82,0
20231207,1701878400000,10.950000000000001,10.950000000000001,10.73,10.85,25541,27620555.0,0.0,15,10.96,0
20231208,1701964800000,10.85,10.85,10.58,10.58,32996,35193303.0,0.0,15,10.85,0
20231211,1702224000000,10.52,10.67,10.43,10.65,24687,26095145.0,0.0,15,10.58,0
20231212,1702310400000,10.690000000000001,10.74,10.620000000000001,10.73,16720,17847023.000000004,0.0,15,10.65,0
20231213,1702396800000,10.71,10.88,10.71,10.74,21555,23320709.0,0.0,15,10.73,0
20231214,1702483200000,10.76,10.93,10.76,10.83,24260,26320698.0,0.0,15,10.74,0
20231215,1702569600000,10.84,11.2,10.76,10.97,73963,81193850.0,0.0,15,10.83,0
20231218,1702828800000,10.860000000000001,10.91,10.56,10.620000000000001,55447,59422450.00000001,0.0,15,10.97,0
20231219,1702915200000,10.620000000000001,10.65,10.47,10.59,24924,26318756.0,0.0,15,10.620000000000001,0
20231220,1703001600000,10.59,11.47,10.58,11.05,103980,114272547.99999999,0.0,15,10.59,0
20231221,1703088000000,11.049999999999999,11.229999999999999,10.86,11.149999999999999,99333,109811829.0,0.0,15,11.049999999999999,0
20231222,1703174400000,11.0,11.020000000000001,10.56,10.610000000000001,81710,88152649.0,0.0,15,11.15,0
20231225,1703433600000,10.54,10.6,10.28,10.33,48534,50317505.0,0.0,15,10.61,0
20231226,1703520000000,10.32,10.4,10.22,10.3,22145,22813970.000000004,0.0,15,10.33,0
20231227,1703606400000,10.3,10.31,10.0,10.2,28517,28882511.0,0.0,15,10.3,0
20231228,1703692800000,10.14,10.42,10.06,10.33,32009,32999150.000000004,0.0,15,10.200000000000001,0
20231229,1703779200000,10.32,10.42,10.3,10.41,21822,22613125.0,0.0,15,10.33,0
20240102,1704124800000,10.41,10.530000000000001,10.38,10.450000000000001,20011,20923230.000000004,0.0,15,10.41,0
20240103,1704211200000,10.44,10.49,10.35,10.41,25314,26334282.0,0.0,15,10.45,0
20240104,1704297600000,10.48,11.450000000000001,10.48,11.450000000000001,239070,270530925.00000006,0.0,15,10.41,0
20240105,1704384000000,11.360000000000001,11.360000000000001,10.88,10.89,248004,274920836.0,0.0,15,11.450000000000001,0
20240108,1704643200000,10.88,11.16,10.81,10.860000000000001,123066,134824991.0,0.0,15,10.89,0
20240109,1704729600000,10.860000000000001,11.15,10.72,11.020000000000001,113051,123541504.99999999,0.0,15,10.860000000000001,0
20240110,1704816000000,10.9,11.879999999999999,10.85,11.15,178644,201339585.00000003,0.0,15,11.02,0
20240111,1704902400000,10.959999999999999,11.08,10.85,11.08,119279,130658846.0,0.0,15,11.15,0
20240112,1704988800000,10.979999999999999,11.04,10.86,10.91,72137,78939020.0,0.0,15,11.08,0
20240115,1705248000000,10.81,10.93,10.75,10.85,53121,57585684.00000001,0.0,15,10.91,0
20240116,1705334400000,10.780000000000001,10.940000000000001,10.4,10.540000000000001,97674,103673041.0,0.0,15,10.85,0
20240117,1705420800000,10.680000000000001,10.680000000000001,10.3,10.31,51191,53678054.0,0.0,15,10.540000000000001,0
20240118,1705507200000,10.200000000000001,10.35,9.98,10.35,63189,63783596.0,0.0,15,10.31,0
20240119,1705593600000,10.16,10.42,10.16,10.25,25796,26517847.0,0.0,15,10.35,0
20240122,1705852800000,10.260000000000002,10.270000000000001,9.450000000000001,9.600000000000001,55625,54932989.0,0.0,15,10.250000000000002,0
20240123,1705939200000,9.5,9.67,9.36,9.57,29913,28567774.0,0.0,15,9.6,0
20240124,1706025600000,9.700000000000001,10.200000000000001,9.370000000000001,9.91,63607,62402562.0,0.0,15,9.57,0
20240125,1706112000000,9.940000000000001,10.47,9.870000000000001,10.270000000000001,70000,71143892.0,0.0,15,9.91,0
20240126,1706198400000,10.16,10.42,10.0,10.11,50028,50826698.00000001,0.0,15,10.27,0
20240129,1706457600000,10.17,10.17,9.84,9.84,36170,36084899.0,0.0,15,10.11,0
20240130,1706544000000,9.790000000000001,9.9,9.64,9.700000000000001,26820,26216955.0,0.0,15,9.84,0
20240131,1706630400000,9.65,9.719999999999999,9.43,9.49,33401,31904043.0,0.0,15,9.7,0
20240201,1706716800000,9.49,9.88,9.31,9.790000000000001,44183,42646736.99999999,0.0,15,9.49,0
20240202,1706803200000,9.629999999999999,10.11,9.53,9.92,78177,77058520.0,0.0,15,9.79,0
20240205,1707062400000,9.719999999999999,9.799999999999999,9.02,9.04,80296,75073173.0,0.0,15,9.92,0
20240206,1707148800000,8.8,9.44,8.5,9.22,57086,50926227.0,0.0,15,9.04,0
20240207,1707235200000,9.299999999999999,9.58,9.03,9.16,46848,43444109.0,0.0,15,9.219999999999999,0
20240208,1707321600000,9.15,9.540000000000001,9.15,9.530000000000001,49894,46875422.0,0.0,15,9.16,0
20240219,1708272000000,9.6,9.7,9.44,9.61,39473,37792840.00000001,0.0,15,9.53,0
20240220,1708358400000,9.57,9.600000000000001,9.450000000000001,9.590000000000002,27251,25948654.0,0.0,15,9.610000000000001,0
20240221,1708444800000,9.510000000000002,9.8,9.46,9.670000000000002,50667,49095045.0,0.0,15,9.590000000000002,0
20240222,1708531200000,9.620000000000001,10.030000000000001,9.540000000000001,9.840000000000002,62633,61441175.00000001,0.0,15,9.670000000000002,0
20240223,1708617600000,9.8,10.000000000000002,9.700000000000001,9.9,53407,52584926.0,0.0,15,9.840000000000002,0
20240226,1708876800000,9.95,10.02,9.83,9.89,55434,55044575.00000001,0.0,15,9.9,0
20240227,1708963200000,9.91,10.020000000000001,9.870000000000001,10.000000000000002,42865,42702463.00000001,0.0,15,9.89,0
20240228,1709049600000,10.01,10.19,9.58,9.6,83243,82586133.0,0.0,15,10.0,0
20240229,1709136000000,9.62,9.76,9.53,9.7,51078,49375408.00000001,0.0,15,9.6,0
20240301,1709222400000,9.770000000000001,9.92,9.63,9.860000000000001,53347,52011581.0,0.0,15,9.700000000000001,0
20240304,1709481600000,9.82,10.14,9.8,9.97,64564,64492128.0,0.0,15,9.860000000000001,0
20240305,1709568000000,9.84,9.9,9.73,9.75,39420,38621701.0,0.0,15,9.97,0
20240306,1709654400000,9.74,9.790000000000001,9.620000000000001,9.700000000000001,37099,35980381.0,0.0,15,9.750000000000002,0
20240307,1709740800000,9.74,9.879999999999999,9.61,9.61,41988,40905482.0,0.0,15,9.7,0
20240308,1709827200000,9.64,9.66,9.46,9.520000000000001,36551,34837232.0,0.0,15,9.610000000000001,0
20240311,1710086400000,9.56,9.65,9.48,9.65,27565,26382592.000000004,0.0,15,9.52,0
20240312,1710172800000,9.69,9.74,9.61,9.74,40293,39017799.0,0.0,15,9.649999999999999,0
20240313,1710259200000,9.780000000000001,9.82,9.620000000000001,9.750000000000002,36316,35274813.0,0.0,15,9.74,0
20240314,1710345600000,9.76,9.86,9.61,9.67,42145,41066544.99999999,0.0,15,9.75,0
20240315,1710432000000,9.66,9.74,9.57,9.74,31771,30678452.0,0.0,15,9.67,0
20240318,1710691200000,9.75,10.24,9.72,10.0,115756,115534892.99999999,0.0,15,9.74,0
20240319,1710777600000,9.9,10.08,9.85,9.95,70705,70419907.00000001,0.0,15,10.0,0
20240320,1710864000000,9.86,9.99,9.83,9.95,49821,49317633.00000001,0.0,15,9.95,0
20240321,1710950400000,9.950000000000001,10.01,9.81,9.99,55854,55441800.0,0.0,15,9.950000000000001,0
20240322,1711036800000,9.97,9.98,9.72,9.780000000000001,46755,45885800.00000001,0.0,15,9.99,0
20240325,1711296000000,9.75,10.08,9.71,9.8,74667,74107680.0,0.0,15,9.780000000000001,0
20240326,1711382400000,9.81,9.91,9.59,9.7,53767,52134297.99999999,0.0,15,9.8,0
20240327,1711468800000,9.66,9.67,9.48,9.48,33703,32264867.000000004,0.0,15,9.700000000000001,0
20240328,1711555200000,9.469999999999999,9.87,9.43,9.58,40993,39378125.00000001,0.0,15,9.48,0
20240329,1711641600000,9.549999999999999,9.98,9.51,9.82,60802,59699609.99999999,0.0,15,9.58,0
20240401,1711900800000,9.9,10.23,9.9,10.120000000000001,127425,128315635.0,0.0,15,9.82,0
20240402,1711987200000,10.000000000000002,10.340000000000002,9.870000000000001,10.07,108650,109497675.0,0.0,15,10.120000000000001,0
20240403,1712073600000,9.75,9.93,9.67,9.84,74017,72710173.0,0.0,15,10.07,0
20240408,1712505600000,9.8,9.83,9.57,9.63,56680,55001743.0,0.0,15,9.84,0
20240409,1712592000000,9.629999999999999,9.79,9.59,9.78,36057,35049222.0,0.0,15,9.629999999999999,0
20240410,1712678400000,9.78,9.84,9.49,9.56,38964,37538913.99999999,0.0,15,9.78,0
20240411,1712764800000,9.540000000000001,9.63,9.450000000000001,9.620000000000001,28967,27756321.000000004,0.0,15,9.56,0
20240412,1712851200000,9.639999999999999,9.69,9.44,9.44,32923,31398266.0,0.0,15,9.62,0
20240415,1713110400000,9.42,9.44,9.0,9.14,50028,46071774.00000001,0.0,15,9.44,0
20240416,1713196800000,9.120000000000001,9.16,8.82,8.83,38861,34740074.0,0.0,15,9.14,0
20240417,1713283200000,8.91,9.17,8.91,9.15,33241,30301167.0,0.0,15,8.83,0
20240418,1713369600000,9.13,9.2,9.08,9.08,29477,26949748.0,0.0,15,9.15,0
20240419,1713456000000,9.05,9.15,8.96,9.08,25995,23576339.0,0.0,15,9.08,0
20240422,1713715200000,9.07,9.120000000000001,8.98,9.030000000000001,21510,19451003.0,0.0,15,9.08,0
20240423,1713801600000,9.030000000000001,9.09,8.97,9.0,21448,19355637.0,0.0,15,9.030000000000001,0
20240424,1713888000000,9.030000000000001,9.06,8.98,9.01,24979,22502310.0,0.0,15,9.0,0
20240425,1713974400000,9.030000000000001,9.170000000000002,8.96,9.16,32763,29829353.0,0.0,15,9.010000000000002,0
20240426,1714060800000,9.200000000000001,9.280000000000001,9.15,9.27,32435,29913050.000000004,0.0,15,9.16,0
20240429,1714320000000,9.28,9.39,9.18,9.39,42443,39460298.0,0.0,15,9.27,0
20240430,1714406400000,9.4,9.41,9.290000000000001,9.32,27167,25366014.0,0.0,15,9.39,0
20240506,1714924800000,9.370000000000001,9.49,9.370000000000001,9.46,31871,30069201.999999996,0.0,15,9.32,0
20240507,1715011200000,9.48,9.48,9.39,9.46,24396,23014516.0,0.0,15,9.46,0
20240508,1715097600000,9.43,9.5,9.4,9.43,23992,22678132.000000004,0.0,15,9.46,0
20240509,1715184000000,9.4,9.51,9.4,9.49,26733,25344436.999999996,0.0,15,9.43,0
20240510,1715270400000,9.48,9.530000000000001,9.4,9.46,24846,23475314.0,0.0,15,9.49,0
20240513,1715529600000,9.440000000000001,9.440000000000001,9.200000000000001,9.250000000000002,34726,32266193.999999996,0.0,15,9.46,0
20240514,1715616000000,9.23,9.350000000000001,9.21,9.290000000000001,29187,27125086.0,0.0,15,9.25,0
20240515,1715702400000,9.290000000000001,9.370000000000001,9.14,9.33,33603,31204359.000000004,0.0,15,9.290000000000001,0
20240516,1715788800000,9.28,9.389999999999999,9.28,9.34,33935,31691190.0,0.0,15,9.33,0
20240517,1715875200000,9.299999999999999,9.37,9.27,9.37,25782,24050262.0,0.0,15,9.34,0
20240520,1716134400000,9.370000000000001,9.43,9.32,9.34,30622,28686517.000000004,0.0,15,9.370000000000001,0
20240521,1716220800000,9.3,9.34,9.23,9.25,24623,22830569.000000004,0.0,15,9.34,0
20240522,1716307200000,9.27,9.530000000000001,9.23,9.38,46496,43678606.00000001,0.0,15,9.25,0
20240523,1716393600000,9.4,9.530000000000001,9.3,9.3,46816,44023959.00000001,0.0,15,9.38,0
20240524,1716480000000,9.270000000000001,9.48,9.21,9.260000000000002,33430,31176840.0,0.0,15,9.3,0
20240527,1716739200000,9.280000000000001,9.360000000000001,9.120000000000001,9.23,29292,26956662.0,0.0,15,9.260000000000002,0
20240528,1716825600000,8.94,9.280000000000001,8.82,9.05,42738,38831400.0,0.0,15,8.93,0
20240529,1716912000000,8.95,9.1,8.93,8.94,25199,22640193.0,0.0,15,9.049999999999999,0
20240530,1716998400000,8.91,9.059999999999999,8.86,8.959999999999999,24964,22347083.000000004,0.0,15,8.94,0
20240531,1717084800000,8.95,9.040000000000001,8.91,8.93,21731,19468090.0,0.0,15,8.96,0
20240603,1717344000000,8.96,8.96,8.700000000000001,8.760000000000002,28352,24912516.0,0.0,15,8.930000000000001,0
20240604,1717430400000,8.71,8.870000000000001,8.65,8.81,18977,16670817.000000002,0.0,15,8.76,0
20240605,1717516800000,8.74,8.83,8.68,8.68,16120,14088877.000000002,0.0,15,8.81,0
20240606,1717603200000,8.66,8.72,8.31,8.32,40492,34173344.0,0.0,15,8.68,0
20240607,1717689600000,8.459999999999999,8.5,8.35,8.469999999999999,14784,12475868.0,0.0,15,8.32,0
20240611,1718035200000,8.47,8.47,8.33,8.45,13211,11101817.000000002,0.0,15,8.47,0
20240612,1718121600000,8.41,8.52,8.41,8.5,14285,12132564.0,0.0,15,8.45,0
20240613,1718208000000,8.51,8.51,8.39,8.41,13832,11660452.0,0.0,15,8.5,0
20240614,1718294400000,8.44,8.479999999999999,8.36,8.479999999999999,13142,11087369.0,0.0,15,8.41,0
20240617,1718553600000,8.469999999999999,8.469999999999999,8.36,8.399999999999999,12625,10618826.0,0.0,15,8.479999999999999,0
20240618,1718640000000,8.379999999999999,8.459999999999999,8.36,8.43,11694,9852904.0,0.0,15,8.399999999999999,0
20240619,1718726400000,8.430000000000001,8.46,8.370000000000001,8.38,10181,8547973.0,0.0,15,8.430000000000001,0
20240620,1718812800000,8.38,8.39,8.08,8.11,26023,21294297.0,0.0,15,8.38,0
20240621,1718899200000,8.1,8.17,7.92,7.93,32042,25715220.0,0.0,15,8.11,0
20240624,1719158400000,7.920000000000001,7.930000000000001,7.6000000000000005,7.760000000000001,34110,26389319.0,0.0,15,7.930000000000001,0
20240625,1719244800000,7.779999999999999,7.859999999999999,7.72,7.77,17573,13692949.0,0.0,15,7.76,0
20240626,1719331200000,7.7700000000000005,7.92,7.74,7.91,17355,13595850.0,0.0,15,7.7700000000000005,0
20240627,1719417600000,7.89,7.93,7.76,7.79,16168,12631183.0,0.0,15,7.91,0
20240628,1719504000000,7.76,7.89,7.76,7.819999999999999,14912,11703733.000000002,0.0,15,7.79,0
20240701,1719763200000,7.83,8.36,7.82,8.22,55651,45440348.99999999,0.0,15,7.82,0
20240702,1719849600000,8.15,8.33,8.1,8.24,40433,33303402.0,0.0,15,8.219999999999999,0
20240703,1719936000000,8.200000000000001,8.350000000000001,8.120000000000001,8.13,27126,22290026.0,0.0,15,8.24,0
20240704,1720022400000,8.120000000000001,8.16,7.9,7.92,25826,20667721.0,0.0,15,8.13,0
20240705,1720108800000,7.9,8.040000000000001,7.83,8.040000000000001,15937,12686952.0,0.0,15,7.92,0
20240708,1720368000000,8.02,8.030000000000001,7.78,7.82,16545,13018083.000000002,0.0,15,8.040000000000001,0
20240709,1720454400000,7.840000000000001,7.890000000000001,7.65,7.87,22014,17149023.0,0.0,15,7.82,0
20240710,1720540800000,7.86,7.94,7.79,7.82,17020,13399366.000000002,0.0,15,7.87,0
20240711,1720627200000,7.94,8.08,7.9,8.030000000000001,24852,19896080.0,0.0,15,7.82,0
20240712,1720713600000,8.07,8.08,7.98,8.040000000000001,14908,11983188.0,0.0,15,8.030000000000001,0
20240715,1720972800000,8.030000000000001,8.05,7.94,7.96,11388,9088739.999999998,0.0,15,8.040000000000001,0
20240716,1721059200000,7.96,8.040000000000001,7.9,7.92,12417,9849561.0,0.0,15,7.96,0
20240717,1721145600000,7.930000000000001,8.06,7.9,7.98,13407,10714935.0,0.0,15,7.92,0
20240718,1721232000000,8.0,8.06,7.84,8.0,25376,20161758.000000004,0.0,15,7.9799999999999995,0
20240719,1721318400000,7.9,7.92,7.79,7.86,23077,18128496.0,0.0,15,8.0,0
20240722,1721577600000,7.83,7.88,7.72,7.7299999999999995,27911,21696853.0,0.0,15,7.859999999999999,0
20240723,1721664000000,7.75,7.78,7.61,7.61,29481,22696970.0,0.0,15,7.73,0
20240724,1721750400000,7.63,7.63,7.26,7.3,52756,39012017.0,0.0,15,7.609999999999999,0
20240725,1721836800000,7.3,7.390000000000001,7.24,7.32,22265,16284361.0,0.0,15,7.3,0
20240726,1721923200000,7.33,7.44,7.32,7.42,16965,12560204.0,0.0,15,7.32,0
20240729,1722182400000,7.46,7.48,7.36,7.46,13566,10071793.999999998,0.0,15,7.42,0
20240730,1722268800000,7.45,7.590000000000001,7.4,7.58,24443,18417896.0,0.0,15,7.46,0
20240731,1722355200000,7.5600000000000005,7.750000000000001,7.5600000000000005,7.73,29093,22398871.0,0.0,15,7.58,0
20240801,1722441600000,7.7299999999999995,7.76,7.67,7.67,20795,16031537.000000002,0.0,15,7.7299999999999995,0
20240802,1722528000000,7.670000000000001,7.750000000000001,7.640000000000001,7.680000000000001,18120,13948926.000000002,0.0,15,7.670000000000001,0
20240805,1722787200000,7.680000000000001,7.8100000000000005,7.6000000000000005,7.6000000000000005,25998,20050644.0,0.0,15,7.680000000000001,0
20240806,1722873600000,7.73,7.87,7.7,7.76,21700,16805055.0,0.0,15,7.6000000000000005,0
20240807,1722960000000,7.760000000000001,7.82,7.69,7.760000000000001,19398,15034237.000000002,0.0,15,7.760000000000001,0
20240808,1723046400000,7.76,7.83,7.72,7.8,22167,17276071.0,0.0,15,7.76,0
20240809,1723132800000,7.819999999999999,7.87,7.76,7.76,22936,17945817.0,0.0,15,7.8,0
20240812,1723392000000,7.77,7.8,7.67,7.6899999999999995,15804,12201109.0,0.0,15,7.76,0
20240813,1723478400000,7.7,7.74,7.63,7.72,16033,12328444.000000002,0.0,15,7.6899999999999995,0
20240814,1723564800000,7.74,7.74,7.640000000000001,7.640000000000001,13019,9977474.0,0.0,15,7.720000000000001,0
20240815,1723651200000,7.65,7.73,7.57,7.65,15780,12075073.0,0.0,15,7.640000000000001,0
20240816,1723737600000,7.7,7.71,7.54,7.54,15398,11704463.999999998,0.0,15,7.65,0
20240819,1723996800000,7.59,7.61,7.49,7.57,13417,10151992.0,0.0,15,7.54,0
20240820,1724083200000,7.5600000000000005,7.57,7.33,7.34,19804,14670666.0,0.0,15,7.57,0
20240821,1724169600000,7.37,7.39,7.25,7.25,14901,10862632.0,0.0,15,7.34,0
20240822,1724256000000,7.26,7.32,7.12,7.12,17883,12869211.000000002,0.0,15,7.25,0
20240823,1724342400000,7.18,7.1899999999999995,7.05,7.09,17690,12567624.0,0.0,15,7.12,0
20240826,1724601600000,7.07,7.28,7.07,7.25,17840,12885628.0,0.0,15,7.09,0
20240827,1724688000000,7.25,7.29,7.17,7.17,14544,10506383.0,0.0,15,7.25,0
20240828,1724774400000,7.21,7.340000000000001,7.15,7.300000000000001,19233,13973928.0,0.0,15,7.17,0
20240829,1724860800000,7.26,7.36,7.24,7.34,17294,12656692.0,0.0,15,7.3,0
20240830,1724947200000,7.319999999999999,7.4399999999999995,7.3,7.33,28954,21340024.0,0.0,15,7.34,0
20240902,1725206400000,7.32,7.36,7.2,7.2,22367,16286676.0,0.0,15,7.33,0
20240903,1725292800000,7.22,7.35,7.18,7.319999999999999,19676,14346387.999999998,0.0,15,7.199999999999999,0
20240904,1725379200000,7.319999999999999,7.39,7.22,7.25,24351,17795789.0,0.0,15,7.319999999999999,0
20240905,1725465600000,7.26,7.32,7.25,7.31,19248,14033745.0,0.0,15,7.25,0
20240906,1725552000000,7.340000000000001,7.340000000000001,7.19,7.19,17980,13030906.000000002,0.0,15,7.3100000000000005,0
20240909,1725811200000,7.21,7.26,7.12,7.16,18352,13206656.000000002,0.0,15,7.19,0
20240910,1725897600000,7.18,7.19,7.04,7.14,17892,12728388.0,0.0,15,7.16,0
20240911,1725984000000,7.14,7.1499999999999995,7.01,7.04,18821,13302083.0,0.0,15,7.14,0
20240912,1726070400000,7.07,7.12,6.99,6.99,16338,11504460.0,0.0,15,7.04,0
20240913,1726156800000,6.99,7.0200000000000005,6.91,6.91,18985,13199152.0,0.0,15,6.99,0
20240918,1726588800000,7.000000000000001,7.050000000000001,6.8100000000000005,6.94,27072,18755983.000000004,0.0,15,6.91,0
20240919,1726675200000,6.96,7.17,6.96,7.15,37469,26592248.0,0.0,15,6.94,0
20240920,1726761600000,7.140000000000001,7.370000000000001,7.1000000000000005,7.23,40138,29004563.0,0.0,15,7.15,0
20240923,1727020800000,7.18,7.29,7.17,7.2299999999999995,21753,15725059.0,0.0,15,7.2299999999999995,0
20240924,1727107200000,7.25,7.5200000000000005,7.23,7.5,51257,37994158.0,0.0,15,7.23,0
20240925,1727193600000,7.550000000000001,7.760000000000001,7.5200000000000005,7.640000000000001,44454,34172485.0,0.0,15,7.500000000000001,0
20240926,1727280000000,7.640000000000001,7.86,7.61,7.83,43118,33335729.0,0.0,15,7.640000000000001,0
20240927,1727366400000,7.94,8.24,7.8500000000000005,8.15,70514,56842394.0,0.0,15,7.830000000000001,0
20240930,1727625600000,8.35,8.84,8.28,8.76,130748,112493029.0,0.0,15,8.149999999999999,0
20241008,1728316800000,9.64,9.64,8.85,9.15,161849,149137775.0,0.0,15,8.76,0
20241009,1728403200000,9.07,9.11,8.67,8.68,102405,90828675.0,0.0,15,9.15,0
20241010,1728489600000,8.74,9.23,8.6,8.84,97200,86479123.0,0.0,15,8.68,0
20241011,1728576000000,8.81,9.000000000000002,8.620000000000001,8.690000000000001,62543,55011631.00000001,0.0,15,8.840000000000002,0
20241014,1728835200000,8.690000000000001,8.8,8.55,8.700000000000001,55638,48285396.0,0.0,15,8.690000000000001,0
20241015,1728921600000,8.7,8.79,8.59,8.67,47992,41836137.00000001,0.0,15,8.7,0
20241016,1729008000000,8.620000000000001,8.780000000000001,8.56,8.690000000000001,41328,35976411.0,0.0,15,8.67,0
20241017,1729094400000,8.71,8.760000000000002,8.63,8.64,31735,27593027.0,0.0,15,8.690000000000001,0
20241018,1729180800000,8.629999999999999,9.09,8.61,8.94,100290,89403866.0,0.0,15,8.639999999999999,0
20241021,1729440000000,9.2,9.28,8.86,8.93,68256,61246998.00000001,0.0,15,8.94,0
20241022,1729526400000,8.88,9.02,8.83,9.02,61877,55188751.0,0.0,15,8.93,0
20241023,1729612800000,9.020000000000001,9.090000000000002,8.88,8.91,43269,38837264.0,0.0,15,9.020000000000001,0
20241024,1729699200000,8.92,8.98,8.81,8.83,40151,35653069.0,0.0,15,8.91,0
20241025,1729785600000,8.83,8.950000000000001,8.81,8.89,31510,28075619.0,0.0,15,8.83,0
20241028,1730044800000,8.9,9.120000000000001,8.870000000000001,9.100000000000001,77254,69655130.0,0.0,15,8.89,0
20241029,1730131200000,9.08,9.09,8.78,8.809999999999999,55235,49152442.00000001,0.0,15,9.1,0
20241030,1730217600000,8.8,8.870000000000001,8.63,8.73,55413,48482727.99999999,0.0,15,8.81,0
20241031,1730304000000,8.73,8.780000000000001,8.620000000000001,8.620000000000001,51048,44325493.0,0.0,15,8.73,0
20241101,1730390400000,8.620000000000001,8.71,8.48,8.56,48640,41858353.00000001,0.0,15,8.620000000000001,0
20241104,1730649600000,8.620000000000001,8.75,8.57,8.72,34939,30335558.0,0.0,15,8.56,0
20241105,1730736000000,8.75,8.97,8.67,8.83,51265,45194517.0,0.0,15,8.72,0
20241106,1730822400000,8.809999999999999,9.19,8.77,9.04,81736,73384392.0,0.0,15,8.83,0
20241107,1730908800000,9.05,9.33,9.0,9.27,93925,86806016.0,0.0,15,9.04,0
20241108,1730995200000,9.280000000000001,9.8,9.06,9.520000000000001,198080,187261976.0,0.0,15,9.270000000000001,0
20241111,1731254400000,9.3,9.33,9.07,9.17,129156,118336507.0,0.0,15,9.52,0
20241112,1731340800000,9.170000000000002,9.530000000000001,9.120000000000001,9.260000000000002,137536,128330299.00000001,0.0,15,9.170000000000002,0
20241113,1731427200000,9.25,9.5,9.03,9.24,97654,90319646.0,0.0,15,9.26,0
20241114,1731513600000,9.200000000000001,9.200000000000001,8.950000000000001,8.950000000000001,69880,63345368.0,0.0,15,9.24,0
20241115,1731600000000,8.91,9.030000000000001,8.8,8.8,40849,36428348.0,0.0,15,8.950000000000001,0
20241118,1731859200000,8.8,8.94,8.67,8.709999999999999,51890,45594970.0,0.0,15,8.8,0
20241119,1731945600000,8.72,8.850000000000001,8.63,8.83,38738,33877190.0,0.0,15,8.71,0
20241120,1732032000000,8.84,8.97,8.8,8.940000000000001,37891,33743504.0,0.0,15,8.83,0
20241121,1732118400000,9.0,9.03,8.84,8.97,34943,31338506.0,0.0,15,8.94,0
20241122,1732204800000,8.94,9.0,8.61,8.61,47157,41528860.0,0.0,15,8.969999999999999,0
20241125,1732464000000,8.670000000000002,8.790000000000001,8.620000000000001,8.760000000000002,35969,31354751.0,0.0,15,8.610000000000001,0
20241126,1732550400000,8.76,8.98,8.74,8.86,40267,35741675.0,0.0,15,8.76,0
20241127,1732636800000,8.79,8.98,8.67,8.89,50103,44083690.00000001,0.0,15,8.86,0
20241128,1732723200000,8.89,9.780000000000001,8.89,9.58,306116,291806229.0,0.0,15,8.89,0
20241129,1732809600000,9.3,9.700000000000001,9.15,9.46,293034,273281286.0,0.0,15,9.58,0
20241202,1733068800000,9.34,9.61,9.28,9.45,202464,191228894.00000003,0.0,15,9.459999999999999,0
20241203,1733155200000,9.450000000000001,9.47,9.15,9.200000000000001,147179,136217257.99999997,0.0,15,9.450000000000001,0
20241204,1733241600000,9.190000000000001,9.3,9.06,9.120000000000001,99155,91042214.0,0.0,15,9.200000000000001,0
20241205,1733328000000,9.1,9.26,9.0,9.17,111437,101516859.0,0.0,15,9.12,0
20241206,1733414400000,9.15,9.32,9.07,9.26,99380,91434992.0,0.0,15,9.17,0
20241209,1733673600000,9.3,9.35,9.09,9.15,86280,79381341.0,0.0,15,9.26,0
20241210,1733760000000,9.36,9.4,9.18,9.29,118102,109583227.0,0.0,15,9.15,0
20241211,1733846400000,9.26,9.43,9.23,9.360000000000001,88757,82991011.0,0.0,15,9.290000000000001,0
20241212,1733932800000,9.4,9.57,9.32,9.56,107796,102203620.00000001,0.0,15,9.36,0
20241213,1734019200000,9.66,10.37,9.61,9.879999999999999,283496,283045630.0,0.0,15,9.559999999999999,0
20241216,1734278400000,9.89,10.350000000000001,9.89,10.09,261157,265439816.0,0.0,15,9.88,0
20241217,1734364800000,10.05,10.24,9.67,9.709999999999999,171789,169567093.00000003,0.0,15,10.09,0
20241218,1734451200000,9.72,9.84,9.5,9.57,126999,122561958.0,0.0,15,9.71,0
20241219,1734537600000,9.6,9.6,9.24,9.34,97838,91432042.0,0.0,15,9.57,0
20241220,1734624000000,9.34,9.46,9.22,9.270000000000001,69669,64854789.0,0.0,15,9.34,0
20241223,1734883200000,9.280000000000001,9.3,8.88,8.9,86984,78508391.0,0.0,15,9.270000000000001,0
20241224,1734969600000,8.879999999999999,8.99,8.84,8.959999999999999,54985,49047555.0,0.0,15,8.9,0
20241225,1735056000000,8.91,8.94,8.61,8.75,67317,58831628.0,0.0,15,8.959999999999999,0
20241226,1735142400000,8.75,8.85,8.73,8.780000000000001,34493,30301611.0,0.0,15,8.75,0
20241227,1735228800000,8.8,9.15,8.75,9.06,77926,70073481.0,0.0,15,8.78,0
20241230,1735488000000,9.07,9.07,8.81,8.860000000000001,51465,45593478.0,0.0,15,9.06,0
20241231,1735574400000,8.86,8.99,8.74,8.75,47764,42329476.0,0.0,15,8.86,0
20250102,1735747200000,8.72,9.01,8.65,8.75,66658,58893668.00000001,0.0,15,8.75,0
20250103,1735833600000,8.770000000000001,8.790000000000001,8.3,8.31,84545,71825734.0,0.0,15,8.75,0
20250106,1736092800000,8.33,8.450000000000001,8.07,8.44,48571,40484648.0,0.0,15,8.31,0
20250107,1736179200000,8.4,8.48,8.290000000000001,8.48,39146,32820768.000000004,0.0,15,8.440000000000001,0
20250108,1736265600000,8.42,8.48,8.23,8.43,30603,25597555.000000004,0.0,15,8.48,0
20250109,1736352000000,8.44,8.76,8.36,8.6,58652,50523191.0,0.0,15,8.43,0
20250110,1736438400000,8.639999999999999,8.729999999999999,8.28,8.28,44145,37472618.0,0.0,15,8.6,0
20250113,1736697600000,8.16,8.33,8.07,8.33,30066,24716103.0,0.0,15,8.280000000000001,0
20250114,1736784000000,8.33,8.68,8.33,8.68,51243,44052962.0,0.0,15,8.33,0
20250115,1736870400000,8.690000000000001,8.76,8.56,8.74,30288,26295087.0,0.0,15,8.68,0
20250116,1736956800000,8.74,8.870000000000001,8.65,8.72,34074,29790670.0,0.0,15,8.74,0
20250117,1737043200000,8.7,8.76,8.59,8.73,23355,20328164.0,0.0,15,8.72,0
20250120,1737302400000,8.78,8.799999999999999,8.61,8.709999999999999,23901,20821532.0,0.0,15,8.729999999999999,0
20250121,1737388800000,8.71,8.76,8.58,8.6,21682,18720930.999999996,0.0,15,8.71,0
20250122,1737475200000,8.6,8.6,8.45,8.51,20790,17672867.0,0.0,15,8.6,0
20250123,1737561600000,8.56,8.770000000000001,8.56,8.58,32994,28563045.0,0.0,15,8.51,0
20250124,1737648000000,8.55,8.64,8.46,8.510000000000002,30135,25644277.0,0.0,15,8.58,0
20250127,1737907200000,8.51,8.75,8.51,8.629999999999999,32775,28452845.0,0.0,15,8.51,0
20250205,1738684800000,8.66,8.72,8.57,8.66,26601,22977613.0,0.0,15,8.63,0
20250206,1738771200000,8.65,8.65,8.48,8.64,40504,34747201.00000001,0.0,15,8.66,0
20250207,1738857600000,8.68,8.82,8.64,8.75,58834,51394426.0,0.0,15,8.64,0
20250210,1739116800000,8.73,8.89,8.700000000000001,8.89,47578,41902715.00000001,0.0,15,8.750000000000002,0
20250211,1739203200000,8.92,8.950000000000001,8.82,8.91,36536,32452986.0,0.0,15,8.89,0
20250212,1739289600000,8.89,8.93,8.82,8.92,28256,25084643.0,0.0,15,8.91,0
20250213,1739376000000,8.9,9.07,8.85,8.94,48965,43861410.00000001,0.0,15,8.92,0
20250214,1739462400000,8.9,8.98,8.85,8.92,36688,32670407.0,0.0,15,8.94,0
20250217,1739721600000,8.889999999999999,9.33,8.85,9.29,122928,112614232.0,0.0,15,8.92,0
20250218,1739808000000,9.120000000000001,9.180000000000001,8.88,8.9,85078,76883890.0,0.0,15,9.290000000000001,0
20250219,1739894400000,8.879999999999999,8.92,8.78,8.889999999999999,59812,52919800.0,0.0,15,8.899999999999999,0
20250220,1739980800000,8.930000000000001,9.690000000000001,8.8,9.34,183247,169635246.0,0.0,15,8.89,0
20250221,1740067200000,9.290000000000001,9.58,9.290000000000001,9.38,136754,128433846.0,0.0,15,9.340000000000002,0
20250224,1740326400000,10.0,10.16,9.48,9.49,316091,309806590.99999994,0.0,15,9.38,0
20250225,1740412800000,9.22,9.34,9.07,9.08,171285,157306470.0,0.0,15,9.49,0
20250226,1740499200000,9.16,9.209999999999999,9.01,9.049999999999999,88588,80487207.0,0.0,15,9.08,0
20250227,1740585600000,9.05,9.1,8.92,9.05,80758,72725197.00000001,0.0,15,9.05,0
20250228,1740672000000,9.040000000000001,9.06,8.8,8.81,68610,61166522.0,0.0,15,9.05,0
20250303,1740931200000,8.82,9.030000000000001,8.81,8.99,57523,51346893.0,0.0,15,8.81,0
20250304,1741017600000,8.930000000000001,9.010000000000002,8.88,8.99,34528,30883970.000000004,0.0,15,8.99,0
20250305,1741104000000,8.98,9.05,8.88,8.92,34986,31225850.000000004,0.0,15,8.99,0
20250306,1741190400000,8.930000000000001,8.98,8.870000000000001,8.96,44176,39502885.0,0.0,15,8.920000000000002,0
20250307,1741276800000,8.959999999999999,8.969999999999999,8.86,8.889999999999999,42171,37586484.0,0.0,15,8.959999999999999,0
20250310,1741536000000,8.94,9.0,8.9,8.98,40807,36576261.0,0.0,15,8.89,0
20250311,1741622400000,8.91,9.020000000000001,8.89,8.96,33096,29568879.999999996,0.0,15,8.98,0
20250312,1741708800000,8.96,9.0,8.9,8.92,44126,39429097.0,0.0,15,8.96,0
20250313,1741795200000,8.92,8.92,8.76,8.86,50133,44272292.0,0.0,15,8.92,0
20250314,1741881600000,8.85,9.0,8.84,8.99,51243,45828729.00000001,0.0,15,8.86,0
20250317,1742140800000,9.06,9.06,9.01,9.02,40823,36871545.0,0.0,15,8.99,0
20250318,1742227200000,9.040000000000001,9.07,8.96,9.06,36141,32597074.000000004,0.0,15,9.020000000000001,0
20250319,1742313600000,9.05,9.07,8.99,9.03,29865,26956597.000000004,0.0,15,9.06,0
20250320,1742400000000,9.01,9.05,8.92,8.93,28654,25738703.000000004,0.0,15,9.03,0
20250321,1742486400000,8.95,9.03,8.85,8.85,31709,28241491.0,0.0,15,8.93,0
20250324,1742745600000,8.83,8.899999999999999,8.61,8.76,41516,36305315.0,0.0,15,8.85,0
20250325,1742832000000,8.72,8.850000000000001,8.64,8.83,31752,27820714.0,0.0,15,8.76,0
20250326,1742918400000,8.78,8.969999999999999,8.78,8.95,40124,35788855.0,0.0,15,8.83,0
20250327,1743004800000,8.950000000000001,8.98,8.870000000000001,8.940000000000001,29786,26624702.0,0.0,15,8.950000000000001,0
20250328,1743091200000,8.96,8.98,8.74,8.74,34802,30677241.999999996,0.0,15,8.94,0
20250331,1743350400000,8.71,8.780000000000001,8.620000000000001,8.65,33638,29185297.0,0.0,15,8.74,0
20250401,1743436800000,8.74,8.879999999999999,8.68,8.83,33148,29250306.0,0.0,15,8.65,0
20250402,1743523200000,8.79,8.85,8.75,8.78,18344,16130848.0,0.0,15,8.83,0
20250403,1743609600000,8.79,8.9,8.76,8.879999999999999,30584,27047049.000000004,0.0,15,8.78,0
20250407,1743955200000,8.7,8.75,7.99,8.0,91578,75817259.0,0.0,15,8.88,0
20250408,1744041600000,8.09,8.8,8.09,8.8,118233,101752449.0,0.0,15,8.0,0
20250409,1744128000000,9.09,9.6,8.93,9.299999999999999,362821,336596072.0,0.0,15,8.799999999999999,0
20250410,1744214400000,9.02,9.459999999999999,9.02,9.309999999999999,272329,251546901.0,0.0,15,9.299999999999999,0
20250411,1744300800000,9.200000000000001,9.24,8.8,8.81,193631,173560111.0,0.0,15,9.31,0
20250414,1744560000000,8.770000000000001,9.06,8.72,8.97,125220,111471043.0,0.0,15,8.81,0
20250415,1744646400000,8.899999999999999,8.99,8.78,8.99,79845,71007421.0,0.0,15,8.969999999999999,0
20250416,1744732800000,9.0,9.02,8.67,8.8,77125,68068968.0,0.0,15,8.99,0
20250417,1744819200000,8.75,8.94,8.68,8.78,57808,50858859.0,0.0,15,8.799999999999999,0
20250418,1744905600000,8.78,8.78,8.59,8.629999999999999,56529,48877966.99999999,0.0,15,8.78,0
20250421,1745164800000,8.67,8.67,8.59,8.629999999999999,41752,36003965.0,0.0,15,8.629999999999999,0
20250422,1745251200000,8.62,8.98,8.6,8.91,123563,108855366.00000001,0.0,15,8.629999999999999,0
20250423,1745337600000,8.82,8.84,8.68,8.69,75055,65536118.00000001,0.0,15,8.91,0
20250424,1745424000000,8.7,8.799999999999999,8.61,8.68,53473,46459488.0,0.0,15,8.69,0
20250425,1745510400000,8.639999999999999,8.78,8.61,8.709999999999999,49460,43043747.0,0.0,15,8.68,0
20250428,1745769600000,8.760000000000002,8.82,8.620000000000001,8.680000000000001,59438,51867513.0,0.0,15,8.71,0
20250429,1745856000000,8.64,8.850000000000001,8.63,8.790000000000001,47876,42086868.0,0.0,15,8.680000000000001,0
20250430,1745942400000,8.780000000000001,8.88,8.73,8.74,43002,37818821.0,0.0,15,8.790000000000001,0
20250506,1746460800000,8.78,8.93,8.75,8.92,63845,56550214.00000001,0.0,15,8.74,0
20250507,1746547200000,8.97,9.49,8.92,9.37,205546,191079519.0,0.0,15,8.92,0
20250508,1746633600000,9.33,9.34,9.16,9.21,130763,120747991.00000001,0.0,15,9.370000000000001,0
20250509,1746720000000,9.22,9.29,9.17,9.209999999999999,63269,58344831.00000001,0.0,15,9.209999999999999,0
20250512,1746979200000,9.2,9.24,9.11,9.149999999999999,56121,51339346.00000001,0.0,15,9.209999999999999,0
20250513,1747065600000,9.19,9.2,9.08,9.11,44169,40311391.0,0.0,15,9.15,0
20250514,1747152000000,9.170000000000002,9.170000000000002,9.040000000000001,9.16,49776,45354668.0,0.0,15,9.110000000000001,0
20250515,1747238400000,9.129999999999999,9.2,9.1,9.139999999999999,38763,35444945.0,0.0,15,9.16,0
20250516,1747324800000,9.14,9.3,9.09,9.22,61203,56265275.0,0.0,15,9.14,0
20250519,1747584000000,9.23,9.270000000000001,9.14,9.23,36512,33651822.0,0.0,15,9.22,0
20250520,1747670400000,9.3,9.31,9.24,9.27,41673,38622001.0,0.0,15,9.23,0
20250521,1747756800000,9.28,9.559999999999999,9.27,9.389999999999999,98847,93316271.00000001,0.0,15,9.27,0
20250522,1747843200000,9.28,9.42,9.18,9.18,59101,54836597.0,0.0,15,9.39,0
20250523,1747929600000,9.270000000000001,9.290000000000001,9.14,9.15,41953,38590274.00000001,0.0,15,9.18,0
20250526,1748188800000,9.1,9.200000000000001,9.06,9.120000000000001,38693,35324731.0,0.0,15,9.15,0
20250527,1748275200000,8.870000000000001,9.15,8.82,9.1,88099,79360302.0,0.0,15,8.83,0
20250528,1748361600000,9.1,9.209999999999999,9.02,9.04,66752,60670752.0,0.0,15,9.1,0
20250529,1748448000000,9.09,9.17,9.02,9.16,63175,57558040.0,0.0,15,9.04,0
20250530,1748534400000,9.15,9.209999999999999,9.1,9.12,41813,38210299.0,0.0,15,9.16,0
20250603,1748880000000,9.12,9.34,9.09,9.26,60326,55806561.0,0.0,15,9.12,0
20250604,1748966400000,9.3,9.34,9.22,9.34,52259,48552567.00000001,0.0,15,9.26,0
20250605,1749052800000,9.330000000000002,9.350000000000001,9.120000000000001,9.16,52783,48653522.00000001,0.0,15,9.340000000000002,0
20250606,1749139200000,9.17,9.27,9.15,9.23,38043,35043939.0,0.0,15,9.16,0
20250609,1749398400000,9.26,9.27,9.15,9.18,39242,36016892.0,0.0,15,9.23,0
20250610,1749484800000,9.18,9.2,9.01,9.12,44187,40295665.00000001,0.0,15,9.18,0
20250611,1749571200000,9.09,9.18,9.09,9.12,31796,29090458.0,0.0,15,9.12,0
20250612,1749657600000,9.13,9.170000000000002,9.040000000000001,9.14,38899,35418098.0,0.0,15,9.120000000000001,0
20250613,1749744000000,9.15,9.15,8.950000000000001,8.97,56974,51411441.0,0.0,15,9.14,0
20250616,1750003200000,8.99,9.06,8.91,8.96,36367,32719735.0,0.0,15,8.97,0
20250617,1750089600000,8.96,9.030000000000001,8.88,8.91,34633,30946597.999999996,0.0,15,8.96,0
20250618,1750176000000,8.92,8.93,8.75,8.8,40262,35447641.0,0.0,15,8.91,0
20250619,1750262400000,8.75,8.83,8.61,8.649999999999999,37661,32711792.000000004,0.0,15,8.799999999999999,0
20250620,1750348800000,8.639999999999999,8.719999999999999,8.61,8.639999999999999,26996,23373078.999999996,0.0,15,8.649999999999999,0
20250623,1750608000000,8.680000000000001,8.82,8.620000000000001,8.8,40987,35862446.0,0.0,15,8.64,0
20250624,1750694400000,8.82,8.91,8.75,8.88,37500,33210594.0,0.0,15,8.8,0
20250625,1750780800000,8.88,8.91,8.82,8.88,30234,26816831.000000004,0.0,15,8.88,0
20250626,1750867200000,8.89,8.89,8.8,8.82,27982,24757350.0,0.0,15,8.88,0
20250627,1750953600000,8.82,8.93,8.82,8.92,32394,28816713.0,0.0,15,8.82,0
20250630,1751212800000,8.93,8.98,8.89,8.93,33354,29798567.0,0.0,15,8.92,0
20250701,1751299200000,8.95,8.97,8.91,8.94,28533,25517130.0,0.0,15,8.93,0
20250702,1751385600000,8.969999999999999,9.08,8.93,9.02,38694,34906939.0,0.0,15,8.94,0
20250703,1751472000000,9.01,9.100000000000001,8.97,9.06,33406,30229713.0,0.0,15,9.020000000000001,0
20250704,1751558400000,9.06,9.110000000000001,9.05,9.07,37717,34251336.00000001,0.0,15,9.06,0
20250707,1751817600000,9.100000000000001,9.120000000000001,9.040000000000001,9.110000000000001,35263,32048725.0,0.0,15,9.07,0
20250708,1751904000000,9.12,9.17,9.11,9.149999999999999,38332,35063959.0,0.0,15,9.11,0
20250709,1751990400000,9.15,9.22,9.14,9.190000000000001,45120,41458667.0,0.0,15,9.15,0
20250710,1752076800000,9.19,9.25,9.15,9.21,41410,38105060.0,0.0,15,9.19,0
20250711,1752163200000,9.22,9.31,9.13,9.270000000000001,58432,53897867.00000001,0.0,15,9.21,0
20250714,1752422400000,9.29,9.78,9.28,9.639999999999999,154562,148183116.00000003,0.0,15,9.27,0
20250715,1752508800000,9.610000000000001,9.690000000000001,9.290000000000001,9.350000000000001,127750,120353823.0,0.0,15,9.64,0
20250716,1752595200000,9.37,9.389999999999999,9.27,9.35,61529,57418781.0,0.0,15,9.35,0
20250717,1752681600000,9.35,9.44,9.19,9.28,86354,80308197.0,0.0,15,9.35,0
20250718,1752768000000,9.36,9.56,9.33,9.36,71027,66808163.99999999,0.0,15,9.28,0
20250721,1753027200000,9.36,9.5,9.35,9.469999999999999,59520,56231419.00000001,0.0,15,9.36,0
20250722,1753113600000,9.46,9.5,9.32,9.38,69379,64973876.0,0.0,15,9.47,0
20250723,1753200000000,9.41,9.41,9.290000000000001,9.31,41234,38568904.00000001,0.0,15,9.38,0
20250724,1753286400000,9.360000000000001,9.360000000000001,9.290000000000001,9.360000000000001,57170,53344395.0,0.0,15,9.31,0
20250725,1753372800000,9.42,9.430000000000001,9.3,9.32,48724,45623061.0,0.0,15,9.360000000000001,0
20250728,1753632000000,9.35,9.39,9.31,9.360000000000001,45889,42894382.0,0.0,15,9.32,0
20250729,1753718400000,9.350000000000001,9.360000000000001,9.13,9.22,63908,58780788.00000001,0.0,15,9.360000000000001,0
20250730,1753804800000,9.23,9.290000000000001,9.200000000000001,9.24,51088,47262978.0,0.0,15,9.22,0
20250731,1753891200000,9.24,9.25,9.08,9.09,46763,42707417.0,0.0,15,9.24,0
20250801,1753977600000,9.11,9.18,9.11,9.17,34890,31905677.000000004,0.0,15,9.09,0
20250804,1754236800000,9.17,9.17,9.09,9.16,35894,32766777.0,0.0,15,9.17,0
20250805,1754323200000,9.16,9.190000000000001,9.14,9.16,39413,36106292.0,0.0,15,9.16,0
20250806,1754409600000,9.13,9.17,8.98,9.030000000000001,70062,63244166.0,0.0,15,9.16,0
20250807,1754496000000,9.04,9.1,9.0,9.05,44809,40554708.00000001,0.0,15,9.03,0
20250808,1754582400000,9.059999999999999,9.149999999999999,9.03,9.129999999999999,45031,40938668.0,0.0,15,9.049999999999999,0
20250811,1754841600000,9.15,9.17,9.07,9.15,44978,41081255.00000001,0.0,15,9.13,0
20250812,1754928000000,9.2,9.27,9.17,9.22,51136,47142783.0,0.0,15,9.15,0
20250813,1755014400000,9.270000000000001,9.280000000000001,9.13,9.200000000000001,68004,62383934.0,0.0,15,9.22,0
20250814,1755100800000,9.19,9.25,9.0,9.0,68577,62411657.99999999,0.0,15,9.2,0
20250815,1755187200000,8.98,9.1,8.98,9.07,49163,44523272.0,0.0,15,9.0,0
20250818,1755446400000,9.12,9.21,9.08,9.18,64113,58741848.0,0.0,15,9.07,0
20250819,1755532800000,9.19,9.290000000000001,9.16,9.2,56853,52464689.0,0.0,15,9.18,0
20250820,1755619200000,9.2,9.29,9.17,9.29,59218,54795092.00000001,0.0,15,9.2,0
20250821,1755705600000,9.299999999999999,9.35,9.26,9.32,55444,51616554.00000001,0.0,15,9.29,0
20250822,1755792000000,9.340000000000002,9.350000000000001,9.21,9.280000000000001,58591,54231391.0,0.0,15,9.32,0
20250825,1756051200000,9.32,9.33,9.22,9.290000000000001,75608,70039500.0,0.0,15,9.280000000000001,0
20250826,1756137600000,9.3,9.39,9.25,9.36,78444,73360003.0,0.0,15,9.29,0
20250827,1756224000000,9.36,9.379999999999999,9.18,9.2,69071,64017603.0,0.0,15,9.36,0
20250828,1756310400000,9.22,9.28,8.92,9.15,95985,87286367.0,0.0,15,9.2,0
20250829,1756396800000,9.309999999999999,9.59,9.27,9.51,224196,211432056.0,0.0,15,9.15,0
20250901,1756656000000,9.57,10.05,9.33,9.76,294737,284576018.0,0.0,15,9.51,0
20250902,1756742400000,9.719999999999999,9.729999999999999,9.44,9.51,142077,135441334.0,0.0,15,9.76,0
20250903,1756828800000,9.51,9.57,9.26,9.29,95855,90003159.0,0.0,15,9.51,0
20250904,1756915200000,9.28,9.61,9.25,9.55,137334,130071855.0,0.0,15,9.29,0
20250905,1757001600000,9.5,9.57,9.36,9.54,94591,89773224.99999999,0.0,15,9.549999999999999,0
20250908,1757260800000,9.549999999999999,9.65,9.44,9.5,96580,91952367.0,0.0,15,9.54,0
20250909,1757347200000,9.52,9.63,9.48,9.57,87484,83594530.0,0.0,15,9.5,0
20250910,1757433600000,9.58,9.66,9.51,9.61,70785,67930963.0,0.0,15,9.57,0
20250911,1757520000000,9.61,9.62,9.43,9.549999999999999,70454,66981503.99999999,0.0,15,9.61,0
20250912,1757606400000,9.62,9.63,9.42,9.45,75604,71736952.99999999,0.0,15,9.55,0
20250915,1757865600000,9.450000000000001,9.47,9.31,9.33,68509,64062898.00000001,0.0,15,9.450000000000001,0
20250916,1757952000000,9.370000000000001,9.52,9.32,9.5,85426,80499357.0,0.0,15,9.33,0
20250917,1758038400000,9.500000000000002,9.520000000000001,9.370000000000001,9.4,58501,55149354.0,0.0,15,9.500000000000002,0
20250918,1758124800000,9.410000000000002,9.420000000000002,9.200000000000001,9.260000000000002,79486,73945961.0,0.0,15,9.4,0
20250919,1758211200000,9.29,9.33,9.18,9.31,55750,51537525.0,0.0,15,9.26,0
20250922,1758470400000,9.25,9.28,9.08,9.1,57101,52093215.0,0.0,15,9.31,0
20250923,1758556800000,9.1,9.13,8.81,9.0,70400,62872462.0,0.0,15,9.1,0
20250924,1758643200000,8.95,9.07,8.92,9.04,48412,43682321.0,0.0,15,9.0,0
20250925,1758729600000,9.040000000000001,9.06,8.870000000000001,8.89,46791,41827297.0,0.0,15,9.040000000000001,0
20250926,1758816000000,8.870000000000001,9.000000000000002,8.790000000000001,8.91,45272,40421905.0,0.0,15,8.89,0
20250929,1759075200000,8.92,8.950000000000001,8.8,8.940000000000001,49274,43826781.00000001,0.0,15,8.91,0
20250930,1759161600000,8.940000000000001,9.010000000000002,8.88,8.89,44022,39285230.00000001,0.0,15,8.940000000000001,0
20251009,1759939200000,8.9,8.94,8.85,8.91,59559,53002096.00000001,0.0,15,8.889999999999999,0
20251010,1760025600000,8.93,9.110000000000001,8.89,9.09,77049,69653173.0,0.0,15,8.91,0
20251013,1760284800000,8.96,9.09,8.82,9.05,70691,63660746.0,0.0,15,9.09,0
20251014,1760371200000,9.06,9.15,9.01,9.06,94857,85997006.0,0.0,15,9.049999999999999,0
20251015,1760457600000,9.06,9.16,9.040000000000001,9.090000000000002,71362,64847808.0,0.0,15,9.06,0
20251016,1760544000000,9.11,9.12,9.02,9.09,57386,52000746.0,0.0,15,9.09,0
20251017,1760630400000,9.040000000000001,9.14,8.96,8.99,61602,55773537.0,0.0,15,9.090000000000002,0
20251020,1760889600000,9.040000000000001,9.05,8.9,9.0,55842,50095406.99999999,0.0,15,8.99,0
20251021,1760976000000,9.049999999999999,9.16,9.03,9.129999999999999,71461,65095284.00000001,0.0,15,9.0,0
20251022,1761062400000,9.1,9.19,9.08,9.17,66621,61044663.00000001,0.0,15,9.13,0
20251023,1761148800000,9.18,9.280000000000001,9.14,9.270000000000001,68959,63473314.00000001,0.0,15,9.17,0
20251024,1761235200000,9.24,9.350000000000001,9.13,9.14,99791,92251566.0,0.0,15,9.270000000000001,0
20251027,1761494400000,9.209999999999999,9.23,9.09,9.15,87361,79985705.0,0.0,15,9.14,0
20251028,1761580800000,9.63,10.04,9.42,9.74,494556,483973483.0,0.0,15,9.15,0
20251029,1761667200000,9.610000000000001,9.74,9.4,9.46,220705,209736801.00000003,0.0,15,9.74,0
20251030,1761753600000,9.41,9.59,9.35,9.35,147507,139209354.0,0.0,15,9.459999999999999,0
20251031,1761840000000,9.38,9.540000000000001,9.38,9.47,107693,101928932.0,0.0,15,9.350000000000001,0
20251103,1762099200000,9.5,9.75,9.44,9.639999999999999,135651,130659289.0,0.0,15,9.469999999999999,0
20251104,1762185600000,9.63,9.75,9.56,9.67,87837,84904353.00000001,0.0,15,9.64,0
20251105,1762272000000,9.62,9.87,9.58,9.81,100926,98694352.0,0.0,15,9.67,0
20251106,1762358400000,9.81,9.98,9.72,9.74,142108,139502994.99999997,0.0,15,9.81,0
20251107,1762444800000,9.74,9.830000000000002,9.700000000000001,9.73,100177,97694942.0,0.0,15,9.74,0
20251110,1762704000000,9.73,9.81,9.66,9.78,82219,80240673.0,0.0,15,9.73,0
20251111,1762790400000,9.780000000000001,9.780000000000001,9.64,9.690000000000001,102305,99305774.0,0.0,15,9.780000000000001,0
20251112,1762876800000,9.68,9.879999999999999,9.68,9.82,106031,103705181.0,0.0,15,9.69,0
20251113,1762963200000,9.83,9.89,9.67,9.87,79411,77836501.0,0.0,15,9.82,0
20251114,1763049600000,9.85,10.36,9.85,10.209999999999999,238023,241428114.0,0.0,15,9.87,0
20251117,1763308800000,10.379999999999999,10.379999999999999,10.02,10.12,163210,165579833.00000003,0.0,15,10.209999999999999,0
20251118,1763395200000,10.07,10.22,9.88,9.950000000000001,107720,107398358.0,0.0,15,10.120000000000001,0
20251119,1763481600000,9.920000000000002,10.020000000000001,9.790000000000001,9.840000000000002,66840,66016201.99999999,0.0,15,9.950000000000001,0
20251120,1763568000000,9.88,9.9,9.73,9.84,69834,68525134.0,0.0,15,9.84,0
20251121,1763654400000,9.75,9.870000000000001,9.47,9.47,99824,96110971.0,0.0,15,9.84,0
20251124,1763913600000,9.53,9.65,9.5,9.55,74501,71235688.0,0.0,15,9.47,0
20251125,1764000000000,9.59,9.61,9.5,9.51,49764,47490837.0,0.0,15,9.55,0
20251126,1764086400000,9.49,9.66,9.47,9.55,61805,59149063.00000001,0.0,15,9.51,0
20251127,1764172800000,9.610000000000001,9.64,9.48,9.57,59558,57014775.00000001,0.0,15,9.55,0
20251128,1764259200000,9.559999999999999,9.84,9.52,9.809999999999999,64927,62982436.0,0.0,15,9.57,0
20251201,1764518400000,9.84,9.99,9.78,9.86,79768,78786277.0,0.0,15,9.809999999999999,0
20251202,1764604800000,9.86,9.92,9.76,9.879999999999999,72790,71736030.0,0.0,15,9.86,0
20251203,1764691200000,9.9,10.32,9.870000000000001,10.14,196022,198876420.0,0.0,15,9.88,0
20251204,1764777600000,10.139999999999999,10.44,9.94,9.969999999999999,113359,114120080.99999999,0.0,15,10.139999999999999,0
20251205,1764864000000,9.930000000000001,10.030000000000001,9.870000000000001,9.99,78738,78257002.0,0.0,15,9.97,0
20251208,1765123200000,10.0,10.95,9.86,10.54,310612,324283624.0,0.0,15,9.99,0
20251209,1765209600000,10.62,10.879999999999999,10.44,10.49,249069,263767030.0,0.0,15,10.54,0
20251210,1765296000000,10.53,10.58,10.26,10.35,150014,155430267.00000003,0.0,15,10.49,0
20251211,1765382400000,10.38,10.41,10.0,10.01,126505,128432841.99999999,0.0,15,10.35,0
20251212,1765468800000,9.97,10.06,9.73,9.75,139615,137515891.0,0.0,15,10.01,0
20251215,1765728000000,9.68,9.85,9.65,9.76,107557,105017812.99999999,0.0,15,9.75,0
20251216,1765814400000,9.72,9.88,9.56,9.610000000000001,103647,100392125.0,0.0,15,9.76,0
20251217,1765900800000,9.61,9.7,9.41,9.59,84474,80595676.0,0.0,15,9.61,0
20251218,1765987200000,9.549999999999999,9.879999999999999,9.51,9.82,88681,86591644.0,0.0,15,9.59,0
20251219,1766073600000,9.770000000000001,10.05,9.72,10.01,90819,90027341.00000001,0.0,15,9.82,0
20251222,1766332800000,10.030000000000001,10.030000000000001,9.89,9.9,69775,69350587.0,0.0,15,10.01,0
20251223,1766419200000,9.959999999999999,9.98,9.77,9.799999999999999,65024,63979492.0,0.0,15,9.9,0
20251224,1766505600000,9.82,10.02,9.76,9.95,71630,70979664.00000001,0.0,15,9.799999999999999,0
20251225,1766592000000,9.930000000000001,10.090000000000002,9.870000000000001,10.040000000000001,54469,54483710.0,0.0,15,9.950000000000001,0
20251226,1766678400000,10.020000000000001,10.370000000000001,9.950000000000001,10.23,91145,91757981.00000001,0.0,15,10.040000000000001,0
20251229,1766937600000,10.049999999999999,10.059999999999999,9.78,9.83,170245,168303832.0,0.0,15,10.229999999999999,0
20251230,1767024000000,10.03,10.33,9.84,10.18,199698,202431460.0,0.0,15,9.83,0
20251231,1767110400000,10.160000000000002,10.21,9.950000000000001,10.07,134077,134632661.0,0.0,15,10.180000000000001,0
20260105,1767542400000,10.06,10.13,9.88,9.940000000000001,149297,148291477.0,0.0,15,10.07,0
20260106,1767628800000,9.95,10.129999999999999,9.93,10.03,95501,95860875.0,0.0,15,9.94,0
20260107,1767715200000,10.049999999999999,10.07,9.86,9.92,107898,107018810.0,0.0,15,10.03,0
20260108,1767801600000,9.91,9.97,9.83,9.94,95896,94912924.0,0.0,15,9.92,0
20260109,1767888000000,9.93,10.15,9.92,10.12,118666,119719069.0,0.0,15,9.94,0
20260112,1768147200000,10.16,10.19,10.08,10.16,111569,113026417.0,0.0,15,10.12,0
20260113,1768233600000,10.120000000000001,10.24,10.06,10.1,136373,138340969.00000003,0.0,15,10.16,0
20260114,1768320000000,10.110000000000001,10.17,9.89,10.030000000000001,136061,136775518.0,0.0,15,10.100000000000001,0
20260115,1768406400000,10.010000000000002,10.350000000000001,9.96,10.21,156360,159830977.0,0.0,15,10.030000000000001,0
20260116,1768492800000,10.350000000000001,10.590000000000002,10.21,10.290000000000001,178717,185391862.00000003,0.0,15,10.21,0
20260119,1768752000000,10.25,10.54,10.19,10.53,122148,127507501.0,0.0,15,10.29,0
20260120,1768838400000,10.57,10.63,10.48,10.57,107415,113389318.00000001,0.0,15,10.530000000000001,0
20260121,1768924800000,10.55,10.85,10.4,10.76,138225,147641638.0,0.0,15,10.57,0
20260122,1769011200000,10.75,10.799999999999999,10.6,10.799999999999999,90202,96652259.0,0.0,15,10.76,0
20260123,1769097600000,10.81,10.83,10.66,10.74,95446,102344769.00000001,0.0,15,10.8,0
20260126,1769356800000,10.72,10.84,10.66,10.78,121342,130389757.00000001,0.0,15,10.74,0
20260127,1769443200000,10.72,10.790000000000001,10.48,10.55,97857,103442272.0,0.0,15,10.780000000000001,0
20260128,1769529600000,10.54,10.78,10.5,10.67,85329,91076072.99999999,0.0,15,10.55,0
20260129,1769616000000,10.709999999999999,10.899999999999999,10.61,10.709999999999999,116920,125817964.0,0.0,15,10.67,0
20260130,1769702400000,10.6,11.14,10.6,10.92,174251,190433857.0,0.0,15,10.709999999999999,0
20260202,1769961600000,10.74,10.9,10.120000000000001,10.14,236540,246241191.0,0.0,15,10.920000000000002,0
20260203,1770048000000,10.24,10.3,10.040000000000001,10.15,136642,138627544.00000003,0.0,15,10.14,0
20260204,1770134400000,10.360000000000001,10.49,10.13,10.33,184169,190260995.0,0.0,15,10.15,0
20260205,1770220800000,10.32,10.35,10.15,10.18,108616,110999066.0,0.0,15,10.33,0
20260206,1770307200000,10.16,10.42,10.08,10.22,89554,92136452.0,0.0,15,10.18,0
20260209,1770566400000,10.280000000000001,10.32,10.15,10.31,110348,112721377.0,0.0,15,10.22,0
20260210,1770652800000,10.27,10.69,10.24,10.450000000000001,119871,125191872.0,0.0,15,10.31,0
20260211,1770739200000,10.4,10.65,10.39,10.48,98565,103782909.0,0.0,15,10.450000000000001,0
20260212,1770825600000,10.49,10.5,10.24,10.25,85286,87982081.00000001,0.0,15,10.48,0
20260213,1770912000000,10.250000000000002,10.39,10.200000000000001,10.22,59110,60815236.0,0.0,15,10.250000000000002,0
20260224,1771862400000,10.27,10.65,10.25,10.56,118175,124197090.0,0.0,15,10.22,0
20260225,1771948800000,10.540000000000001,10.82,10.540000000000001,10.670000000000002,115671,123998367.0,0.0,15,10.56,0
20260226,1772035200000,10.71,10.92,10.64,10.780000000000001,110063,118392671.00000001,0.0,15,10.67,0
20260227,1772121600000,10.700000000000001,10.870000000000001,10.700000000000001,10.850000000000001,82857,89384945.0,0.0,15,10.780000000000001,0
20260302,1772380800000,10.75,10.95,10.67,10.85,124105,134307488.99999997,0.0,15,10.85,0
20260303,1772467200000,10.850000000000001,11.030000000000001,10.63,10.680000000000001,138382,149850697.0,0.0,15,10.850000000000001,0
20260304,1772553600000,10.6,10.88,10.5,10.79,101365,109069344.99999999,0.0,15,10.68,0
20260305,1772640000000,10.82,10.91,10.55,10.620000000000001,104274,111720371.0,0.0,15,10.790000000000001,0
20260306,1772726400000,10.59,11.030000000000001,10.56,11.01,147469,160773426.0,0.0,15,10.620000000000001,0
20260309,1772985600000,10.92,11.1,10.77,10.809999999999999,158554,172588240.0,0.0,15,11.01,0
20260310,1773072000000,10.8,10.89,10.64,10.74,113111,121305848.00000001,0.0,15,10.81,0
20260311,1773158400000,10.77,10.77,10.57,10.71,94906,101164601.0,0.0,15,10.74,0
20260312,1773244800000,10.74,10.84,10.61,10.68,111007,119033498.99999999,0.0,15,10.709999999999999,0
20260313,1773331200000,10.690000000000001,11.120000000000001,10.64,10.89,234558,257083496.99999997,0.0,15,10.68,0
20260316,1773590400000,10.77,11.09,10.73,10.8,140557,153088587.0,0.0,15,10.89,0
20260317,1773676800000,10.77,10.99,10.5,10.5,118744,126860666.0,0.0,15,10.8,0
20260318,1773763200000,10.47,10.530000000000001,10.32,10.450000000000001,81248,84534620.00000001,0.0,15,10.5,0
20260319,1773849600000,10.379999999999999,10.42,10.03,10.1,90416,92005984.0,0.0,15,10.45,0
20260320,1773936000000,10.1,10.14,9.74,9.76,99887,98842475.0,0.0,15,10.1,0
20260323,1774195200000,9.59,9.62,9.17,9.45,153740,144477910.0,0.0,15,9.76,0
20260324,1774281600000,9.48,9.55,9.14,9.520000000000001,117675,110083397.0,0.0,15,9.450000000000001,0
20260325,1774368000000,9.580000000000002,9.73,9.450000000000001,9.700000000000001,96956,93335207.00000001,0.0,15,9.520000000000001,0
20260326,1774454400000,9.67,9.91,9.59,9.66,95069,92469895.0,0.0,15,9.7,0
20260327,1774540800000,9.6,10.01,9.52,9.95,99859,98130526.00000001,0.0,15,9.66,0
20260330,1774800000000,9.85,10.4,9.82,10.200000000000001,175137,179358839.00000003,0.0,15,9.950000000000001,0
20260331,1774886400000,10.14,10.370000000000001,9.8,9.8,127523,127227530.0,0.0,15,10.200000000000001,0
20260401,1774972800000,9.9,9.99,9.75,9.86,81797,80695231.0,0.0,15,9.8,0
20260402,1775059200000,9.840000000000002,9.96,9.700000000000001,9.790000000000001,65413,64194699.0,0.0,15,9.860000000000001,0
20260403,1775145600000,9.75,9.799999999999999,9.43,9.469999999999999,72020,68594846.0,0.0,15,9.79,0
20260407,1775491200000,9.51,9.88,9.4,9.85,84764,82507359.0,0.0,15,9.47,0
20260408,1775577600000,9.85,9.979999999999999,9.78,9.93,79087,78350254.0,0.0,15,9.85,0
20260409,1775664000000,9.86,9.98,9.82,9.86,81260,80460644.00000001,0.0,15,9.93,0
20260410,1775750400000,9.9,10.01,9.83,9.92,54732,54365197.0,0.0,15,9.86,0
20260413,1776009600000,9.92,9.92,9.72,9.770000000000001,62180,60929121.00000001,0.0,15,9.92,0
20260414,1776096000000,9.8,9.8,9.58,9.7,57363,55403247.0,0.0,15,9.77,0
20260415,1776182400000,9.72,9.77,9.57,9.72,60155,58140229.00000001,0.0,15,9.700000000000001,0
20260416,1776268800000,9.71,9.940000000000001,9.64,9.850000000000001,88204,86810778.0,0.0,15,9.72,0
20260417,1776355200000,9.85,9.91,9.61,9.7,61038,59246824.0,0.0,15,9.85,0
20260420,1776614400000,9.69,9.780000000000001,9.57,9.75,61403,59302539.0,0.0,15,9.700000000000001,0
20260421,1776700800000,9.74,9.860000000000001,9.71,9.83,48392,47356081.0,0.0,15,9.75,0
20260422,1776787200000,9.809999999999999,9.93,9.78,9.85,57568,56881444.00000001,0.0,15,9.83,0
20260423,1776873600000,9.860000000000001,9.97,9.64,9.790000000000001,54923,53637598.00000001,0.0,15,9.850000000000001,0
20260424,1776960000000,9.790000000000001,9.9,9.65,9.780000000000001,82318,80397795.0,0.0,15,9.790000000000001,0
20260427,1777219200000,9.420000000000002,9.420000000000002,8.950000000000001,9.000000000000002,276962,250195323.0,0.0,15,9.780000000000001,0
20260428,1777305600000,8.97,9.08,8.92,9.06,150104,135258650.0,0.0,15,9.0,0
20260429,1777392000000,9.120000000000001,9.370000000000001,9.06,9.32,118513,109371904.00000001,0.0,15,9.06,0
20260430,1777478400000,9.31,9.420000000000002,9.120000000000001,9.16,120251,110931927.0,0.0,15,9.32,0
20260506,1777996800000,9.180000000000001,9.24,9.05,9.120000000000001,114268,104402783.0,0.0,15,9.16,0
20260507,1778083200000,9.110000000000001,9.16,8.98,9.0,105268,94997743.0,0.0,15,9.120000000000001,0
20260508,1778169600000,9.01,9.08,8.98,9.040000000000001,80929,73021464.0,0.0,15,9.0,0
20260511,1778428800000,9.08,9.08,8.99,9.02,73684,66519974.0,0.0,15,9.040000000000001,0
20260512,1778515200000,9.0,9.04,8.85,8.9,84372,75351795.0,0.0,15,9.02,0
20260513,1778601600000,8.879999999999999,8.97,8.84,8.89,69714,62055775.0,0.0,15,8.9,0
20260514,1778688000000,8.89,8.89,8.71,8.75,81842,71816946.0,0.0,15,8.89,0
20260515,1778774400000,8.76,8.81,8.66,8.81,72839,63641839.0,0.0,15,8.75,0
20260518,1779033600000,8.760000000000002,8.780000000000001,8.620000000000001,8.72,69109,60049251.00000001,0.0,15,8.81,0
20260519,1779120000000,8.72,8.920000000000002,8.700000000000001,8.830000000000002,52457,46242780.0,0.0,15,8.72,0
20260520,1779206400000,8.82,8.84,8.65,8.69,45409,39451609.0,0.0,15,8.83,0
20260521,1779292800000,8.680000000000001,8.770000000000001,8.46,8.48,55408,47891666.00000001,0.0,15,8.690000000000001,0
20260522,1779379200000,8.54,8.62,8.42,8.55,39290,33434225.000000004,0.0,15,8.48,0
20260525,1779638400000,8.6,8.620000000000001,8.31,8.38,78403,65920062.99999999,0.0,15,8.55,0
20260526,1779724800000,8.52,8.52,8.28,8.379999999999999,48536,40564127.0,0.0,15,8.379999999999999,0
