date,time,open,high,low,close,volume,amount,settelementPrice,openInterest,preClose,suspendFlag
20120718,1342540800000,,,,,0,0.0,0.0,0,,1
20120719,1342627200000,,,,,0,0.0,0.0,0,,1
20120720,1342713600000,,,,,0,0.0,0.0,0,,1
20120723,1342972800000,,,,,0,0.0,0.0,0,,1
20120724,1343059200000,,,,,0,0.0,0.0,0,,1
20120725,1343145600000,,,,,0,0.0,0.0,0,,1
20120726,1343232000000,,,,,0,0.0,0.0,0,,1
20120727,1343318400000,,,,,0,0.0,0.0,0,,1
20120730,1343577600000,,,,,0,0.0,0.0,0,,1
20120731,1343664000000,,,,,0,0.0,0.0,0,,1
20120801,1343750400000,,,,,0,0.0,0.0,0,,1
20120802,1343836800000,,,,,0,0.0,0.0,0,,1
20120803,1343923200000,,,,,0,0.0,0.0,0,,1
20120806,1344182400000,,,,,0,0.0,0.0,0,,1
20120807,1344268800000,,,,,0,0.0,0.0,0,,1
20120808,1344355200000,,,,,0,0.0,0.0,0,,1
20120809,1344441600000,,,,,0,0.0,0.0,0,,1
20120810,1344528000000,,,,,0,0.0,0.0,0,,1
20120813,1344787200000,,,,,0,0.0,0.0,0,,1
20120814,1344873600000,,,,,0,0.0,0.0,0,,1
20120815,1344960000000,,,,,0,0.0,0.0,0,,1
20120816,1345046400000,,,,,0,0.0,0.0,0,,1
20120817,1345132800000,,,,,0,0.0,0.0,0,,1
20120820,1345392000000,,,,,0,0.0,0.0,0,,1
20120821,1345478400000,,,,,0,0.0,0.0,0,,1
20120822,1345564800000,,,,,0,0.0,0.0,0,,1
20120823,1345651200000,,,,,0,0.0,0.0,0,,1
20120824,1345737600000,,,,,0,0.0,0.0,0,,1
20120827,1345996800000,,,,,0,0.0,0.0,0,,1
20120828,1346083200000,,,,,0,0.0,0.0,0,,1
20120829,1346169600000,,,,,0,0.0,0.0,0,,1
20120830,1346256000000,,,,,0,0.0,0.0,0,,1
20120831,1346342400000,,,,,0,0.0,0.0,0,,1
20120903,1346601600000,,,,,0,0.0,0.0,0,,1
20120904,1346688000000,,,,,0,0.0,0.0,0,,1
20120905,1346774400000,,,,,0,0.0,0.0,0,,1
20120906,1346860800000,,,,,0,0.0,0.0,0,,1
20120907,1346947200000,,,,,0,0.0,0.0,0,,1
20120910,1347206400000,,,,,0,0.0,0.0,0,,1
20120911,1347292800000,,,,,0,0.0,0.0,0,,1
20120912,1347379200000,,,,,0,0.0,0.0,0,,1
20120913,1347465600000,,,,,0,0.0,0.0,0,,1
20120914,1347552000000,,,,,0,0.0,0.0,0,,1
20120917,1347811200000,,,,,0,0.0,0.0,0,,1
20120918,1347897600000,,,,,0,0.0,0.0,0,,1
20120919,1347984000000,,,,,0,0.0,0.0,0,,1
20120920,1348070400000,,,,,0,0.0,0.0,0,,1
20120921,1348156800000,,,,,0,0.0,0.0,0,,1
20120924,1348416000000,,,,,0,0.0,0.0,0,,1
20120925,1348502400000,,,,,0,0.0,0.0,0,,1
20120926,1348588800000,,,,,0,0.0,0.0,0,,1
20120927,1348675200000,,,,,0,0.0,0.0,0,,1
20120928,1348761600000,,,,,0,0.0,0.0,0,,1
20121008,1349625600000,,,,,0,0.0,0.0,0,,1
20121009,1349712000000,,,,,0,0.0,0.0,0,,1
20121010,1349798400000,,,,,0,0.0,0.0,0,,1
20121011,1349884800000,,,,,0,0.0,0.0,0,,1
20121012,1349971200000,,,,,0,0.0,0.0,0,,1
20121015,1350230400000,,,,,0,0.0,0.0,0,,1
20121016,1350316800000,,,,,0,0.0,0.0,0,,1
20121017,1350403200000,,,,,0,0.0,0.0,0,,1
20121018,1350489600000,,,,,0,0.0,0.0,0,,1
20121019,1350576000000,,,,,0,0.0,0.0,0,,1
20121022,1350835200000,,,,,0,0.0,0.0,0,,1
20121023,1350921600000,,,,,0,0.0,0.0,0,,1
20121024,1351008000000,,,,,0,0.0,0.0,0,,1
20121025,1351094400000,,,,,0,0.0,0.0,0,,1
20121026,1351180800000,,,,,0,0.0,0.0,0,,1
20121029,1351440000000,,,,,0,0.0,0.0,0,,1
20121030,1351526400000,,,,,0,0.0,0.0,0,,1
20121031,1351612800000,,,,,0,0.0,0.0,0,,1
20121101,1351699200000,,,,,0,0.0,0.0,0,,1
20121102,1351785600000,,,,,0,0.0,0.0,0,,1
20121105,1352044800000,,,,,0,0.0,0.0,0,,1
20121106,1352131200000,,,,,0,0.0,0.0,0,,1
20121107,1352217600000,,,,,0,0.0,0.0,0,,1
20121108,1352304000000,,,,,0,0.0,0.0,0,,1
20121109,1352390400000,,,,,0,0.0,0.0,0,,1
20121112,1352649600000,,,,,0,0.0,0.0,0,,1
20121113,1352736000000,,,,,0,0.0,0.0,0,,1
20121114,1352822400000,,,,,0,0.0,0.0,0,,1
20121115,1352908800000,,,,,0,0.0,0.0,0,,1
20121116,1352995200000,,,,,0,0.0,0.0,0,,1
20121119,1353254400000,,,,,0,0.0,0.0,0,,1
20121120,1353340800000,,,,,0,0.0,0.0,0,,1
20121121,1353427200000,,,,,0,0.0,0.0,0,,1
20121122,1353513600000,,,,,0,0.0,0.0,0,,1
20121123,1353600000000,,,,,0,0.0,0.0,0,,1
20121126,1353859200000,,,,,0,0.0,0.0,0,,1
20121127,1353945600000,,,,,0,0.0,0.0,0,,1
20121128,1354032000000,,,,,0,0.0,0.0,0,,1
20121129,1354118400000,,,,,0,0.0,0.0,0,,1
20121130,1354204800000,,,,,0,0.0,0.0,0,,1
20121203,1354464000000,,,,,0,0.0,0.0,0,,1
20121204,1354550400000,,,,,0,0.0,0.0,0,,1
20121205,1354636800000,,,,,0,0.0,0.0,0,,1
20121206,1354723200000,,,,,0,0.0,0.0,0,,1
20121207,1354809600000,,,,,0,0.0,0.0,0,,1
20121210,1355068800000,,,,,0,0.0,0.0,0,,1
20121211,1355155200000,,,,,0,0.0,0.0,0,,1
20121212,1355241600000,,,,,0,0.0,0.0,0,,1
20121213,1355328000000,,,,,0,0.0,0.0,0,,1
20121214,1355414400000,,,,,0,0.0,0.0,0,,1
20121217,1355673600000,,,,,0,0.0,0.0,0,,1
20121218,1355760000000,,,,,0,0.0,0.0,0,,1
20121219,1355846400000,,,,,0,0.0,0.0,0,,1
20121220,1355932800000,,,,,0,0.0,0.0,0,,1
20121221,1356019200000,,,,,0,0.0,0.0,0,,1
20121224,1356278400000,,,,,0,0.0,0.0,0,,1
20121225,1356364800000,,,,,0,0.0,0.0,0,,1
20121226,1356451200000,,,,,0,0.0,0.0,0,,1
20121227,1356537600000,,,,,0,0.0,0.0,0,,1
20121228,1356624000000,,,,,0,0.0,0.0,0,,1
20121231,1356883200000,,,,,0,0.0,0.0,0,,1
20130104,1357228800000,,,,,0,0.0,0.0,0,,1
20130107,1357488000000,,,,,0,0.0,0.0,0,,1
20130108,1357574400000,,,,,0,0.0,0.0,0,,1
20130109,1357660800000,,,,,0,0.0,0.0,0,,1
20130110,1357747200000,,,,,0,0.0,0.0,0,,1
20130111,1357833600000,,,,,0,0.0,0.0,0,,1
20130114,1358092800000,,,,,0,0.0,0.0,0,,1
20130115,1358179200000,,,,,0,0.0,0.0,0,,1
20130116,1358265600000,,,,,0,0.0,0.0,0,,1
20130117,1358352000000,,,,,0,0.0,0.0,0,,1
20130118,1358438400000,,,,,0,0.0,0.0,0,,1
20130121,1358697600000,,,,,0,0.0,0.0,0,,1
20130122,1358784000000,,,,,0,0.0,0.0,0,,1
20130123,1358870400000,,,,,0,0.0,0.0,0,,1
20130124,1358956800000,,,,,0,0.0,0.0,0,,1
20130125,1359043200000,,,,,0,0.0,0.0,0,,1
20130128,1359302400000,,,,,0,0.0,0.0,0,,1
20130129,1359388800000,,,,,0,0.0,0.0,0,,1
20130130,1359475200000,,,,,0,0.0,0.0,0,,1
20130131,1359561600000,,,,,0,0.0,0.0,0,,1
20130201,1359648000000,,,,,0,0.0,0.0,0,,1
20130204,1359907200000,,,,,0,0.0,0.0,0,,1
20130205,1359993600000,,,,,0,0.0,0.0,0,,1
20130206,1360080000000,,,,,0,0.0,0.0,0,,1
20130207,1360166400000,,,,,0,0.0,0.0,0,,1
20130208,1360252800000,,,,,0,0.0,0.0,0,,1
20130218,1361116800000,,,,,0,0.0,0.0,0,,1
20130219,1361203200000,,,,,0,0.0,0.0,0,,1
20130220,1361289600000,,,,,0,0.0,0.0,0,,1
20130221,1361376000000,,,,,0,0.0,0.0,0,,1
20130222,1361462400000,,,,,0,0.0,0.0,0,,1
20130225,1361721600000,,,,,0,0.0,0.0,0,,1
20130226,1361808000000,,,,,0,0.0,0.0,0,,1
20130227,1361894400000,,,,,0,0.0,0.0,0,,1
20130228,1361980800000,,,,,0,0.0,0.0,0,,1
20130301,1362067200000,,,,,0,0.0,0.0,0,,1
20130304,1362326400000,,,,,0,0.0,0.0,0,,1
20130305,1362412800000,,,,,0,0.0,0.0,0,,1
20130306,1362499200000,,,,,0,0.0,0.0,0,,1
20130307,1362585600000,,,,,0,0.0,0.0,0,,1
20130308,1362672000000,,,,,0,0.0,0.0,0,,1
20130311,1362931200000,,,,,0,0.0,0.0,0,,1
20130312,1363017600000,,,,,0,0.0,0.0,0,,1
20130313,1363104000000,,,,,0,0.0,0.0,0,,1
20130314,1363190400000,,,,,0,0.0,0.0,0,,1
20130315,1363276800000,,,,,0,0.0,0.0,0,,1
20130318,1363536000000,,,,,0,0.0,0.0,0,,1
20130319,1363622400000,,,,,0,0.0,0.0,0,,1
20130320,1363708800000,,,,,0,0.0,0.0,0,,1
20130321,1363795200000,,,,,0,0.0,0.0,0,,1
20130322,1363881600000,,,,,0,0.0,0.0,0,,1
20130325,1364140800000,,,,,0,0.0,0.0,0,,1
20130326,1364227200000,,,,,0,0.0,0.0,0,,1
20130327,1364313600000,,,,,0,0.0,0.0,0,,1
20130328,1364400000000,,,,,0,0.0,0.0,0,,1
20130329,1364486400000,,,,,0,0.0,0.0,0,,1
20130401,1364745600000,,,,,0,0.0,0.0,0,,1
20130402,1364832000000,,,,,0,0.0,0.0,0,,1
20130403,1364918400000,,,,,0,0.0,0.0,0,,1
20130408,1365350400000,,,,,0,0.0,0.0,0,,1
20130409,1365436800000,,,,,0,0.0,0.0,0,,1
20130410,1365523200000,,,,,0,0.0,0.0,0,,1
20130411,1365609600000,,,,,0,0.0,0.0,0,,1
20130412,1365696000000,,,,,0,0.0,0.0,0,,1
20130415,1365955200000,,,,,0,0.0,0.0,0,,1
20130416,1366041600000,,,,,0,0.0,0.0,0,,1
20130417,1366128000000,,,,,0,0.0,0.0,0,,1
20130418,1366214400000,,,,,0,0.0,0.0,0,,1
20130419,1366300800000,,,,,0,0.0,0.0,0,,1
20130422,1366560000000,,,,,0,0.0,0.0,0,,1
20130423,1366646400000,,,,,0,0.0,0.0,0,,1
20130424,1366732800000,,,,,0,0.0,0.0,0,,1
20130425,1366819200000,,,,,0,0.0,0.0,0,,1
20130426,1366905600000,,,,,0,0.0,0.0,0,,1
20130502,1367424000000,,,,,0,0.0,0.0,0,,1
20130503,1367510400000,,,,,0,0.0,0.0,0,,1
20130506,1367769600000,,,,,0,0.0,0.0,0,,1
20130507,1367856000000,,,,,0,0.0,0.0,0,,1
20130508,1367942400000,,,,,0,0.0,0.0,0,,1
20130509,1368028800000,,,,,0,0.0,0.0,0,,1
20130510,1368115200000,,,,,0,0.0,0.0,0,,1
20130513,1368374400000,,,,,0,0.0,0.0,0,,1
20130514,1368460800000,,,,,0,0.0,0.0,0,,1
20130515,1368547200000,,,,,0,0.0,0.0,0,,1
20130516,1368633600000,,,,,0,0.0,0.0,0,,1
20130517,1368720000000,,,,,0,0.0,0.0,0,,1
20130520,1368979200000,,,,,0,0.0,0.0,0,,1
20130521,1369065600000,,,,,0,0.0,0.0,0,,1
20130522,1369152000000,,,,,0,0.0,0.0,0,,1
20130523,1369238400000,,,,,0,0.0,0.0,0,,1
20130524,1369324800000,,,,,0,0.0,0.0,0,,1
20130527,1369584000000,,,,,0,0.0,0.0,0,,1
20130528,1369670400000,,,,,0,0.0,0.0,0,,1
20130529,1369756800000,,,,,0,0.0,0.0,0,,1
20130530,1369843200000,,,,,0,0.0,0.0,0,,1
20130531,1369929600000,,,,,0,0.0,0.0,0,,1
20130603,1370188800000,,,,,0,0.0,0.0,0,,1
20130604,1370275200000,,,,,0,0.0,0.0,0,,1
20130605,1370361600000,,,,,0,0.0,0.0,0,,1
20130606,1370448000000,,,,,0,0.0,0.0,0,,1
20130607,1370534400000,,,,,0,0.0,0.0,0,,1
20130613,1371052800000,,,,,0,0.0,0.0,0,,1
20130614,1371139200000,,,,,0,0.0,0.0,0,,1
20130617,1371398400000,,,,,0,0.0,0.0,0,,1
20130618,1371484800000,,,,,0,0.0,0.0,0,,1
20130619,1371571200000,,,,,0,0.0,0.0,0,,1
20130620,1371657600000,,,,,0,0.0,0.0,0,,1
20130621,1371744000000,,,,,0,0.0,0.0,0,,1
20130624,1372003200000,,,,,0,0.0,0.0,0,,1
20130625,1372089600000,,,,,0,0.0,0.0,0,,1
20130626,1372176000000,,,,,0,0.0,0.0,0,,1
20130627,1372262400000,,,,,0,0.0,0.0,0,,1
20130628,1372348800000,,,,,0,0.0,0.0,0,,1
20130701,1372608000000,,,,,0,0.0,0.0,0,,1
20130702,1372694400000,,,,,0,0.0,0.0,0,,1
20130703,1372780800000,,,,,0,0.0,0.0,0,,1
20130704,1372867200000,,,,,0,0.0,0.0,0,,1
20130705,1372953600000,,,,,0,0.0,0.0,0,,1
20130708,1373212800000,,,,,0,0.0,0.0,0,,1
20130709,1373299200000,,,,,0,0.0,0.0,0,,1
20130710,1373385600000,,,,,0,0.0,0.0,0,,1
20130711,1373472000000,,,,,0,0.0,0.0,0,,1
20130712,1373558400000,,,,,0,0.0,0.0,0,,1
20130715,1373817600000,,,,,0,0.0,0.0,0,,1
20130716,1373904000000,,,,,0,0.0,0.0,0,,1
20130717,1373990400000,,,,,0,0.0,0.0,0,,1
20130718,1374076800000,,,,,0,0.0,0.0,0,,1
20130719,1374163200000,,,,,0,0.0,0.0,0,,1
20130722,1374422400000,,,,,0,0.0,0.0,0,,1
20130723,1374508800000,,,,,0,0.0,0.0,0,,1
20130724,1374595200000,,,,,0,0.0,0.0,0,,1
20130725,1374681600000,,,,,0,0.0,0.0,0,,1
20130726,1374768000000,,,,,0,0.0,0.0,0,,1
20130729,1375027200000,,,,,0,0.0,0.0,0,,1
20130730,1375113600000,,,,,0,0.0,0.0,0,,1
20130731,1375200000000,,,,,0,0.0,0.0,0,,1
20130801,1375286400000,,,,,0,0.0,0.0,0,,1
20130802,1375372800000,,,,,0,0.0,0.0,0,,1
20130805,1375632000000,,,,,0,0.0,0.0,0,,1
20130806,1375718400000,,,,,0,0.0,0.0,0,,1
20130807,1375804800000,,,,,0,0.0,0.0,0,,1
20130808,1375891200000,,,,,0,0.0,0.0,0,,1
20130809,1375977600000,,,,,0,0.0,0.0,0,,1
20130812,1376236800000,,,,,0,0.0,0.0,0,,1
20130813,1376323200000,,,,,0,0.0,0.0,0,,1
20130814,1376409600000,,,,,0,0.0,0.0,0,,1
20130815,1376496000000,,,,,0,0.0,0.0,0,,1
20130816,1376582400000,,,,,0,0.0,0.0,0,,1
20130819,1376841600000,,,,,0,0.0,0.0,0,,1
20130820,1376928000000,,,,,0,0.0,0.0,0,,1
20130821,1377014400000,,,,,0,0.0,0.0,0,,1
20130822,1377100800000,,,,,0,0.0,0.0,0,,1
20130823,1377187200000,,,,,0,0.0,0.0,0,,1
20130826,1377446400000,,,,,0,0.0,0.0,0,,1
20130827,1377532800000,,,,,0,0.0,0.0,0,,1
20130828,1377619200000,,,,,0,0.0,0.0,0,,1
20130829,1377705600000,,,,,0,0.0,0.0,0,,1
20130830,1377792000000,,,,,0,0.0,0.0,0,,1
20130902,1378051200000,,,,,0,0.0,0.0,0,,1
20130903,1378137600000,,,,,0,0.0,0.0,0,,1
20130904,1378224000000,,,,,0,0.0,0.0,0,,1
20130905,1378310400000,,,,,0,0.0,0.0,0,,1
20130906,1378396800000,,,,,0,0.0,0.0,0,,1
20130909,1378656000000,,,,,0,0.0,0.0,0,,1
20130910,1378742400000,,,,,0,0.0,0.0,0,,1
20130911,1378828800000,,,,,0,0.0,0.0,0,,1
20130912,1378915200000,,,,,0,0.0,0.0,0,,1
20130913,1379001600000,,,,,0,0.0,0.0,0,,1
20130916,1379260800000,,,,,0,0.0,0.0,0,,1
20130917,1379347200000,,,,,0,0.0,0.0,0,,1
20130918,1379433600000,,,,,0,0.0,0.0,0,,1
20130923,1379865600000,,,,,0,0.0,0.0,0,,1
20130924,1379952000000,,,,,0,0.0,0.0,0,,1
20130925,1380038400000,,,,,0,0.0,0.0,0,,1
20130926,1380124800000,,,,,0,0.0,0.0,0,,1
20130927,1380211200000,,,,,0,0.0,0.0,0,,1
20130930,1380470400000,,,,,0,0.0,0.0,0,,1
20131008,1381161600000,,,,,0,0.0,0.0,0,,1
20131009,1381248000000,,,,,0,0.0,0.0,0,,1
20131010,1381334400000,,,,,0,0.0,0.0,0,,1
20131011,1381420800000,,,,,0,0.0,0.0,0,,1
20131014,1381680000000,,,,,0,0.0,0.0,0,,1
20131015,1381766400000,,,,,0,0.0,0.0,0,,1
20131016,1381852800000,,,,,0,0.0,0.0,0,,1
20131017,1381939200000,,,,,0,0.0,0.0,0,,1
20131018,1382025600000,,,,,0,0.0,0.0,0,,1
20131021,1382284800000,,,,,0,0.0,0.0,0,,1
20131022,1382371200000,,,,,0,0.0,0.0,0,,1
20131023,1382457600000,,,,,0,0.0,0.0,0,,1
20131024,1382544000000,,,,,0,0.0,0.0,0,,1
20131025,1382630400000,,,,,0,0.0,0.0,0,,1
20131028,1382889600000,,,,,0,0.0,0.0,0,,1
20131029,1382976000000,,,,,0,0.0,0.0,0,,1
20131030,1383062400000,,,,,0,0.0,0.0,0,,1
20131031,1383148800000,,,,,0,0.0,0.0,0,,1
20131101,1383235200000,,,,,0,0.0,0.0,0,,1
20131104,1383494400000,,,,,0,0.0,0.0,0,,1
20131105,1383580800000,,,,,0,0.0,0.0,0,,1
20131106,1383667200000,,,,,0,0.0,0.0,0,,1
20131107,1383753600000,,,,,0,0.0,0.0,0,,1
20131108,1383840000000,,,,,0,0.0,0.0,0,,1
20131111,1384099200000,,,,,0,0.0,0.0,0,,1
20131112,1384185600000,,,,,0,0.0,0.0,0,,1
20131113,1384272000000,,,,,0,0.0,0.0,0,,1
20131114,1384358400000,,,,,0,0.0,0.0,0,,1
20131115,1384444800000,,,,,0,0.0,0.0,0,,1
20131118,1384704000000,,,,,0,0.0,0.0,0,,1
20131119,1384790400000,,,,,0,0.0,0.0,0,,1
20131120,1384876800000,,,,,0,0.0,0.0,0,,1
20131121,1384963200000,,,,,0,0.0,0.0,0,,1
20131122,1385049600000,,,,,0,0.0,0.0,0,,1
20131125,1385308800000,,,,,0,0.0,0.0,0,,1
20131126,1385395200000,,,,,0,0.0,0.0,0,,1
20131127,1385481600000,,,,,0,0.0,0.0,0,,1
20131128,1385568000000,,,,,0,0.0,0.0,0,,1
20131129,1385654400000,,,,,0,0.0,0.0,0,,1
20131202,1385913600000,,,,,0,0.0,0.0,0,,1
20131203,1386000000000,,,,,0,0.0,0.0,0,,1
20131204,1386086400000,,,,,0,0.0,0.0,0,,1
20131205,1386172800000,,,,,0,0.0,0.0,0,,1
20131206,1386259200000,,,,,0,0.0,0.0,0,,1
20131209,1386518400000,,,,,0,0.0,0.0,0,,1
20131210,1386604800000,,,,,0,0.0,0.0,0,,1
20131211,1386691200000,,,,,0,0.0,0.0,0,,1
20131212,1386777600000,,,,,0,0.0,0.0,0,,1
20131213,1386864000000,,,,,0,0.0,0.0,0,,1
20131216,1387123200000,,,,,0,0.0,0.0,0,,1
20131217,1387209600000,,,,,0,0.0,0.0,0,,1
20131218,1387296000000,,,,,0,0.0,0.0,0,,1
20131219,1387382400000,,,,,0,0.0,0.0,0,,1
20131220,1387468800000,,,,,0,0.0,0.0,0,,1
20131223,1387728000000,,,,,0,0.0,0.0,0,,1
20131224,1387814400000,,,,,0,0.0,0.0,0,,1
20131225,1387900800000,,,,,0,0.0,0.0,0,,1
20131226,1387987200000,,,,,0,0.0,0.0,0,,1
20131227,1388073600000,,,,,0,0.0,0.0,0,,1
20131230,1388332800000,,,,,0,0.0,0.0,0,,1
20131231,1388419200000,,,,,0,0.0,0.0,0,,1
20140102,1388592000000,,,,,0,0.0,0.0,0,,1
20140103,1388678400000,,,,,0,0.0,0.0,0,,1
20140106,1388937600000,,,,,0,0.0,0.0,0,,1
20140107,1389024000000,,,,,0,0.0,0.0,0,,1
20140108,1389110400000,,,,,0,0.0,0.0,0,,1
20140109,1389196800000,,,,,0,0.0,0.0,0,,1
20140110,1389283200000,,,,,0,0.0,0.0,0,,1
20140113,1389542400000,,,,,0,0.0,0.0,0,,1
20140114,1389628800000,,,,,0,0.0,0.0,0,,1
20140115,1389715200000,,,,,0,0.0,0.0,0,,1
20140116,1389801600000,,,,,0,0.0,0.0,0,,1
20140117,1389888000000,,,,,0,0.0,0.0,0,,1
20140120,1390147200000,,,,,0,0.0,0.0,0,,1
20140121,1390233600000,,,,,0,0.0,0.0,0,,1
20140122,1390320000000,,,,,0,0.0,0.0,0,,1
20140123,1390406400000,,,,,0,0.0,0.0,0,,1
20140124,1390492800000,,,,,0,0.0,0.0,0,,1
20140127,1390752000000,,,,,0,0.0,0.0,0,,1
20140128,1390838400000,,,,,0,0.0,0.0,0,,1
20140129,1390924800000,,,,,0,0.0,0.0,0,,1
20140130,1391011200000,,,,,0,0.0,0.0,0,,1
20140207,1391702400000,,,,,0,0.0,0.0,0,,1
20140210,1391961600000,,,,,0,0.0,0.0,0,,1
20140211,1392048000000,,,,,0,0.0,0.0,0,,1
20140212,1392134400000,,,,,0,0.0,0.0,0,,1
20140213,1392220800000,,,,,0,0.0,0.0,0,,1
20140214,1392307200000,,,,,0,0.0,0.0,0,,1
20140217,1392566400000,,,,,0,0.0,0.0,0,,1
20140218,1392652800000,,,,,0,0.0,0.0,0,,1
20140219,1392739200000,,,,,0,0.0,0.0,0,,1
20140220,1392825600000,,,,,0,0.0,0.0,0,,1
20140221,1392912000000,,,,,0,0.0,0.0,0,,1
20140224,1393171200000,,,,,0,0.0,0.0,0,,1
20140225,1393257600000,,,,,0,0.0,0.0,0,,1
20140226,1393344000000,,,,,0,0.0,0.0,0,,1
20140227,1393430400000,,,,,0,0.0,0.0,0,,1
20140228,1393516800000,,,,,0,0.0,0.0,0,,1
20140303,1393776000000,,,,,0,0.0,0.0,0,,1
20140304,1393862400000,,,,,0,0.0,0.0,0,,1
20140305,1393948800000,,,,,0,0.0,0.0,0,,1
20140306,1394035200000,,,,,0,0.0,0.0,0,,1
20140307,1394121600000,,,,,0,0.0,0.0,0,,1
20140310,1394380800000,,,,,0,0.0,0.0,0,,1
20140311,1394467200000,,,,,0,0.0,0.0,0,,1
20140312,1394553600000,,,,,0,0.0,0.0,0,,1
20140313,1394640000000,,,,,0,0.0,0.0,0,,1
20140314,1394726400000,,,,,0,0.0,0.0,0,,1
20140317,1394985600000,,,,,0,0.0,0.0,0,,1
20140318,1395072000000,,,,,0,0.0,0.0,0,,1
20140319,1395158400000,,,,,0,0.0,0.0,0,,1
20140320,1395244800000,,,,,0,0.0,0.0,0,,1
20140321,1395331200000,,,,,0,0.0,0.0,0,,1
20140324,1395590400000,,,,,0,0.0,0.0,0,,1
20140325,1395676800000,,,,,0,0.0,0.0,0,,1
20140326,1395763200000,,,,,0,0.0,0.0,0,,1
20140327,1395849600000,,,,,0,0.0,0.0,0,,1
20140328,1395936000000,,,,,0,0.0,0.0,0,,1
20140331,1396195200000,,,,,0,0.0,0.0,0,,1
20140401,1396281600000,,,,,0,0.0,0.0,0,,1
20140402,1396368000000,,,,,0,0.0,0.0,0,,1
20140403,1396454400000,,,,,0,0.0,0.0,0,,1
20140404,1396540800000,,,,,0,0.0,0.0,0,,1
20140408,1396886400000,,,,,0,0.0,0.0,0,,1
20140409,1396972800000,,,,,0,0.0,0.0,0,,1
20140410,1397059200000,,,,,0,0.0,0.0,0,,1
20140411,1397145600000,,,,,0,0.0,0.0,0,,1
20140414,1397404800000,,,,,0,0.0,0.0,0,,1
20140415,1397491200000,,,,,0,0.0,0.0,0,,1
20140416,1397577600000,,,,,0,0.0,0.0,0,,1
20140417,1397664000000,,,,,0,0.0,0.0,0,,1
20140418,1397750400000,,,,,0,0.0,0.0,0,,1
20140421,1398009600000,,,,,0,0.0,0.0,0,,1
20140422,1398096000000,,,,,0,0.0,0.0,0,,1
20140423,1398182400000,,,,,0,0.0,0.0,0,,1
20140424,1398268800000,,,,,0,0.0,0.0,0,,1
20140425,1398355200000,,,,,0,0.0,0.0,0,,1
20140428,1398614400000,,,,,0,0.0,0.0,0,,1
20140429,1398700800000,,,,,0,0.0,0.0,0,,1
20140430,1398787200000,,,,,0,0.0,0.0,0,,1
20140505,1399219200000,,,,,0,0.0,0.0,0,,1
20140506,1399305600000,,,,,0,0.0,0.0,0,,1
20140507,1399392000000,,,,,0,0.0,0.0,0,,1
20140508,1399478400000,,,,,0,0.0,0.0,0,,1
20140509,1399564800000,,,,,0,0.0,0.0,0,,1
20140512,1399824000000,,,,,0,0.0,0.0,0,,1
20140513,1399910400000,,,,,0,0.0,0.0,0,,1
20140514,1399996800000,,,,,0,0.0,0.0,0,,1
20140515,1400083200000,,,,,0,0.0,0.0,0,,1
20140516,1400169600000,,,,,0,0.0,0.0,0,,1
20140519,1400428800000,,,,,0,0.0,0.0,0,,1
20140520,1400515200000,,,,,0,0.0,0.0,0,,1
20140521,1400601600000,,,,,0,0.0,0.0,0,,1
20140522,1400688000000,,,,,0,0.0,0.0,0,,1
20140523,1400774400000,,,,,0,0.0,0.0,0,,1
20140526,1401033600000,,,,,0,0.0,0.0,0,,1
20140527,1401120000000,,,,,0,0.0,0.0,0,,1
20140528,1401206400000,,,,,0,0.0,0.0,0,,1
20140529,1401292800000,,,,,0,0.0,0.0,0,,1
20140530,1401379200000,,,,,0,0.0,0.0,0,,1
20140603,1401724800000,,,,,0,0.0,0.0,0,,1
20140604,1401811200000,,,,,0,0.0,0.0,0,,1
20140605,1401897600000,,,,,0,0.0,0.0,0,,1
20140606,1401984000000,,,,,0,0.0,0.0,0,,1
20140609,1402243200000,,,,,0,0.0,0.0,0,,1
20140610,1402329600000,,,,,0,0.0,0.0,0,,1
20140611,1402416000000,,,,,0,0.0,0.0,0,,1
20140612,1402502400000,,,,,0,0.0,0.0,0,,1
20140613,1402588800000,,,,,0,0.0,0.0,0,,1
20140616,1402848000000,,,,,0,0.0,0.0,0,,1
20140617,1402934400000,,,,,0,0.0,0.0,0,,1
20140618,1403020800000,,,,,0,0.0,0.0,0,,1
20140619,1403107200000,,,,,0,0.0,0.0,0,,1
20140620,1403193600000,,,,,0,0.0,0.0,0,,1
20140623,1403452800000,,,,,0,0.0,0.0,0,,1
20140624,1403539200000,,,,,0,0.0,0.0,0,,1
20140625,1403625600000,,,,,0,0.0,0.0,0,,1
20140626,1403712000000,,,,,0,0.0,0.0,0,,1
20140627,1403798400000,,,,,0,0.0,0.0,0,,1
20140630,1404057600000,,,,,0,0.0,0.0,0,,1
20140701,1404144000000,,,,,0,0.0,0.0,0,,1
20140702,1404230400000,,,,,0,0.0,0.0,0,,1
20140703,1404316800000,,,,,0,0.0,0.0,0,,1
20140704,1404403200000,,,,,0,0.0,0.0,0,,1
20140707,1404662400000,,,,,0,0.0,0.0,0,,1
20140708,1404748800000,,,,,0,0.0,0.0,0,,1
20140709,1404835200000,,,,,0,0.0,0.0,0,,1
20140710,1404921600000,,,,,0,0.0,0.0,0,,1
20140711,1405008000000,,,,,0,0.0,0.0,0,,1
20140714,1405267200000,,,,,0,0.0,0.0,0,,1
20140715,1405353600000,,,,,0,0.0,0.0,0,,1
20140716,1405440000000,,,,,0,0.0,0.0,0,,1
20140717,1405526400000,,,,,0,0.0,0.0,0,,1
20140718,1405612800000,,,,,0,0.0,0.0,0,,1
20140721,1405872000000,,,,,0,0.0,0.0,0,,1
20140722,1405958400000,,,,,0,0.0,0.0,0,,1
20140723,1406044800000,,,,,0,0.0,0.0,0,,1
20140724,1406131200000,,,,,0,0.0,0.0,0,,1
20140725,1406217600000,,,,,0,0.0,0.0,0,,1
20140728,1406476800000,,,,,0,0.0,0.0,0,,1
20140729,1406563200000,,,,,0,0.0,0.0,0,,1
20140730,1406649600000,,,,,0,0.0,0.0,0,,1
20140731,1406736000000,,,,,0,0.0,0.0,0,,1
20140801,1406822400000,,,,,0,0.0,0.0,0,,1
20140804,1407081600000,,,,,0,0.0,0.0,0,,1
20140805,1407168000000,,,,,0,0.0,0.0,0,,1
20140806,1407254400000,,,,,0,0.0,0.0,0,,1
20140807,1407340800000,,,,,0,0.0,0.0,0,,1
20140808,1407427200000,,,,,0,0.0,0.0,0,,1
20140811,1407686400000,,,,,0,0.0,0.0,0,,1
20140812,1407772800000,,,,,0,0.0,0.0,0,,1
20140813,1407859200000,,,,,0,0.0,0.0,0,,1
20140814,1407945600000,,,,,0,0.0,0.0,0,,1
20140815,1408032000000,,,,,0,0.0,0.0,0,,1
20140818,1408291200000,,,,,0,0.0,0.0,0,,1
20140819,1408377600000,,,,,0,0.0,0.0,0,,1
20140820,1408464000000,,,,,0,0.0,0.0,0,,1
20140821,1408550400000,,,,,0,0.0,0.0,0,,1
20140822,1408636800000,,,,,0,0.0,0.0,0,,1
20140825,1408896000000,,,,,0,0.0,0.0,0,,1
20140826,1408982400000,,,,,0,0.0,0.0,0,,1
20140827,1409068800000,,,,,0,0.0,0.0,0,,1
20140828,1409155200000,,,,,0,0.0,0.0,0,,1
20140829,1409241600000,,,,,0,0.0,0.0,0,,1
20140901,1409500800000,,,,,0,0.0,0.0,0,,1
20140902,1409587200000,,,,,0,0.0,0.0,0,,1
20140903,1409673600000,,,,,0,0.0,0.0,0,,1
20140904,1409760000000,,,,,0,0.0,0.0,0,,1
20140905,1409846400000,,,,,0,0.0,0.0,0,,1
20140909,1410192000000,,,,,0,0.0,0.0,0,,1
20140910,1410278400000,,,,,0,0.0,0.0,0,,1
20140911,1410364800000,,,,,0,0.0,0.0,0,,1
20140912,1410451200000,,,,,0,0.0,0.0,0,,1
20140915,1410710400000,,,,,0,0.0,0.0,0,,1
20140916,1410796800000,,,,,0,0.0,0.0,0,,1
20140917,1410883200000,,,,,0,0.0,0.0,0,,1
20140918,1410969600000,,,,,0,0.0,0.0,0,,1
20140919,1411056000000,,,,,0,0.0,0.0,0,,1
20140922,1411315200000,,,,,0,0.0,0.0,0,,1
20140923,1411401600000,,,,,0,0.0,0.0,0,,1
20140924,1411488000000,,,,,0,0.0,0.0,0,,1
20140925,1411574400000,,,,,0,0.0,0.0,0,,1
20140926,1411660800000,,,,,0,0.0,0.0,0,,1
20140929,1411920000000,,,,,0,0.0,0.0,0,,1
20140930,1412006400000,,,,,0,0.0,0.0,0,,1
20141008,1412697600000,,,,,0,0.0,0.0,0,,1
20141009,1412784000000,,,,,0,0.0,0.0,0,,1
20141010,1412870400000,,,,,0,0.0,0.0,0,,1
20141013,1413129600000,,,,,0,0.0,0.0,0,,1
20141014,1413216000000,,,,,0,0.0,0.0,0,,1
20141015,1413302400000,,,,,0,0.0,0.0,0,,1
20141016,1413388800000,,,,,0,0.0,0.0,0,,1
20141017,1413475200000,,,,,0,0.0,0.0,0,,1
20141020,1413734400000,,,,,0,0.0,0.0,0,,1
20141021,1413820800000,,,,,0,0.0,0.0,0,,1
20141022,1413907200000,,,,,0,0.0,0.0,0,,1
20141023,1413993600000,,,,,0,0.0,0.0,0,,1
20141024,1414080000000,,,,,0,0.0,0.0,0,,1
20141027,1414339200000,,,,,0,0.0,0.0,0,,1
20141028,1414425600000,,,,,0,0.0,0.0,0,,1
20141029,1414512000000,,,,,0,0.0,0.0,0,,1
20141030,1414598400000,,,,,0,0.0,0.0,0,,1
20141031,1414684800000,,,,,0,0.0,0.0,0,,1
20141103,1414944000000,,,,,0,0.0,0.0,0,,1
20141104,1415030400000,,,,,0,0.0,0.0,0,,1
20141105,1415116800000,,,,,0,0.0,0.0,0,,1
20141106,1415203200000,,,,,0,0.0,0.0,0,,1
20141107,1415289600000,,,,,0,0.0,0.0,0,,1
20141110,1415548800000,,,,,0,0.0,0.0,0,,1
20141111,1415635200000,,,,,0,0.0,0.0,0,,1
20141112,1415721600000,,,,,0,0.0,0.0,0,,1
20141113,1415808000000,,,,,0,0.0,0.0,0,,1
20141114,1415894400000,,,,,0,0.0,0.0,0,,1
20141117,1416153600000,,,,,0,0.0,0.0,0,,1
20141118,1416240000000,,,,,0,0.0,0.0,0,,1
20141119,1416326400000,,,,,0,0.0,0.0,0,,1
20141120,1416412800000,,,,,0,0.0,0.0,0,,1
20141121,1416499200000,,,,,0,0.0,0.0,0,,1
20141124,1416758400000,,,,,0,0.0,0.0,0,,1
20141125,1416844800000,,,,,0,0.0,0.0,0,,1
20141126,1416931200000,,,,,0,0.0,0.0,0,,1
20141127,1417017600000,,,,,0,0.0,0.0,0,,1
20141128,1417104000000,,,,,0,0.0,0.0,0,,1
20141201,1417363200000,,,,,0,0.0,0.0,0,,1
20141202,1417449600000,,,,,0,0.0,0.0,0,,1
20141203,1417536000000,,,,,0,0.0,0.0,0,,1
20141204,1417622400000,,,,,0,0.0,0.0,0,,1
20141205,1417708800000,,,,,0,0.0,0.0,0,,1
20141208,1417968000000,,,,,0,0.0,0.0,0,,1
20141209,1418054400000,,,,,0,0.0,0.0,0,,1
20141210,1418140800000,,,,,0,0.0,0.0,0,,1
20141211,1418227200000,,,,,0,0.0,0.0,0,,1
20141212,1418313600000,,,,,0,0.0,0.0,0,,1
20141215,1418572800000,,,,,0,0.0,0.0,0,,1
20141216,1418659200000,,,,,0,0.0,0.0,0,,1
20141217,1418745600000,,,,,0,0.0,0.0,0,,1
20141218,1418832000000,,,,,0,0.0,0.0,0,,1
20141219,1418918400000,,,,,0,0.0,0.0,0,,1
20141222,1419177600000,,,,,0,0.0,0.0,0,,1
20141223,1419264000000,,,,,0,0.0,0.0,0,,1
20141224,1419350400000,,,,,0,0.0,0.0,0,,1
20141225,1419436800000,,,,,0,0.0,0.0,0,,1
20141226,1419523200000,,,,,0,0.0,0.0,0,,1
20141229,1419782400000,,,,,0,0.0,0.0,0,,1
20141230,1419868800000,,,,,0,0.0,0.0,0,,1
20141231,1419955200000,,,,,0,0.0,0.0,0,,1
20150105,1420387200000,,,,,0,0.0,0.0,0,,1
20150106,1420473600000,,,,,0,0.0,0.0,0,,1
20150107,1420560000000,,,,,0,0.0,0.0,0,,1
20150108,1420646400000,,,,,0,0.0,0.0,0,,1
20150109,1420732800000,,,,,0,0.0,0.0,0,,1
20150112,1420992000000,,,,,0,0.0,0.0,0,,1
20150113,1421078400000,,,,,0,0.0,0.0,0,,1
20150114,1421164800000,,,,,0,0.0,0.0,0,,1
20150115,1421251200000,,,,,0,0.0,0.0,0,,1
20150116,1421337600000,,,,,0,0.0,0.0,0,,1
20150119,1421596800000,,,,,0,0.0,0.0,0,,1
20150120,1421683200000,,,,,0,0.0,0.0,0,,1
20150121,1421769600000,,,,,0,0.0,0.0,0,,1
20150122,1421856000000,,,,,0,0.0,0.0,0,,1
20150123,1421942400000,,,,,0,0.0,0.0,0,,1
20150126,1422201600000,,,,,0,0.0,0.0,0,,1
20150127,1422288000000,,,,,0,0.0,0.0,0,,1
20150128,1422374400000,,,,,0,0.0,0.0,0,,1
20150129,1422460800000,,,,,0,0.0,0.0,0,,1
20150130,1422547200000,,,,,0,0.0,0.0,0,,1
20150202,1422806400000,,,,,0,0.0,0.0,0,,1
20150203,1422892800000,,,,,0,0.0,0.0,0,,1
20150204,1422979200000,,,,,0,0.0,0.0,0,,1
20150205,1423065600000,,,,,0,0.0,0.0,0,,1
20150206,1423152000000,,,,,0,0.0,0.0,0,,1
20150209,1423411200000,,,,,0,0.0,0.0,0,,1
20150210,1423497600000,,,,,0,0.0,0.0,0,,1
20150211,1423584000000,,,,,0,0.0,0.0,0,,1
20150212,1423670400000,,,,,0,0.0,0.0,0,,1
20150213,1423756800000,,,,,0,0.0,0.0,0,,1
20150216,1424016000000,,,,,0,0.0,0.0,0,,1
20150217,1424102400000,,,,,0,0.0,0.0,0,,1
20150225,1424793600000,,,,,0,0.0,0.0,0,,1
20150226,1424880000000,,,,,0,0.0,0.0,0,,1
20150227,1424966400000,,,,,0,0.0,0.0,0,,1
20150302,1425225600000,,,,,0,0.0,0.0,0,,1
20150303,1425312000000,,,,,0,0.0,0.0,0,,1
20150304,1425398400000,,,,,0,0.0,0.0,0,,1
20150305,1425484800000,,,,,0,0.0,0.0,0,,1
20150306,1425571200000,,,,,0,0.0,0.0,0,,1
20150309,1425830400000,,,,,0,0.0,0.0,0,,1
20150310,1425916800000,,,,,0,0.0,0.0,0,,1
20150311,1426003200000,,,,,0,0.0,0.0,0,,1
20150312,1426089600000,,,,,0,0.0,0.0,0,,1
20150313,1426176000000,,,,,0,0.0,0.0,0,,1
20150316,1426435200000,,,,,0,0.0,0.0,0,,1
20150317,1426521600000,,,,,0,0.0,0.0,0,,1
20150318,1426608000000,,,,,0,0.0,0.0,0,,1
20150319,1426694400000,,,,,0,0.0,0.0,0,,1
20150320,1426780800000,,,,,0,0.0,0.0,0,,1
20150323,1427040000000,,,,,0,0.0,0.0,0,,1
20150324,1427126400000,,,,,0,0.0,0.0,0,,1
20150325,1427212800000,,,,,0,0.0,0.0,0,,1
20150326,1427299200000,,,,,0,0.0,0.0,0,,1
20150327,1427385600000,,,,,0,0.0,0.0,0,,1
20150330,1427644800000,,,,,0,0.0,0.0,0,,1
20150331,1427731200000,,,,,0,0.0,0.0,0,,1
20150401,1427817600000,,,,,0,0.0,0.0,0,,1
20150402,1427904000000,,,,,0,0.0,0.0,0,,1
20150403,1427990400000,,,,,0,0.0,0.0,0,,1
20150407,1428336000000,,,,,0,0.0,0.0,0,,1
20150408,1428422400000,,,,,0,0.0,0.0,0,,1
20150409,1428508800000,,,,,0,0.0,0.0,0,,1
20150410,1428595200000,,,,,0,0.0,0.0,0,,1
20150413,1428854400000,,,,,0,0.0,0.0,0,,1
20150414,1428940800000,,,,,0,0.0,0.0,0,,1
20150415,1429027200000,,,,,0,0.0,0.0,0,,1
20150416,1429113600000,,,,,0,0.0,0.0,0,,1
20150417,1429200000000,,,,,0,0.0,0.0,0,,1
20150420,1429459200000,,,,,0,0.0,0.0,0,,1
20150421,1429545600000,,,,,0,0.0,0.0,0,,1
20150422,1429632000000,,,,,0,0.0,0.0,0,,1
20150423,1429718400000,13.77,15.16,13.77,15.16,96,145341.0,0.0,0,10.53,0
20150424,1429804800000,16.68,16.68,16.68,16.68,34,56712.00000000001,0.0,0,15.16,0
20150427,1430064000000,18.35,18.35,18.35,18.35,32,58720.0,0.0,0,16.68,0
20150428,1430150400000,20.19,20.19,20.19,20.19,41,82779.0,0.0,0,18.35,0
20150429,1430236800000,22.21,22.21,22.21,22.21,16,35536.0,0.0,0,20.19,0
20150430,1430323200000,24.43,24.43,24.43,24.43,62,151466.0,0.0,0,22.21,0
20150504,1430668800000,26.87,26.87,26.87,26.87,58,155846.0,0.0,0,24.43,0
20150505,1430755200000,29.560000000000002,29.560000000000002,29.560000000000002,29.560000000000002,197,582332.0,0.0,0,26.87,0
20150506,1430841600000,32.52,32.52,32.52,32.52,448,1456896.0000000002,0.0,0,29.560000000000002,0
20150507,1430928000000,35.77,35.77,35.77,35.77,984,3519768.0,0.0,0,32.52,0
20150508,1431014400000,39.35,39.35,39.35,39.35,256,1007360.0,0.0,0,35.77,0
20150511,1431273600000,43.29,43.29,43.29,43.29,103,445887.0,0.0,0,39.35,0
20150512,1431360000000,47.62,47.62,47.62,47.62,105,500010.0,0.0,0,43.29,0
20150513,1431446400000,52.38,52.38,52.38,52.38,239,1251882.0,0.0,0,47.620000000000005,0
20150514,1431532800000,57.620000000000005,57.620000000000005,57.620000000000005,57.620000000000005,144,829728.0,0.0,0,52.38,0
20150515,1431619200000,63.38,63.38,63.38,63.38,295,1870026.0000000002,0.0,0,57.620000000000005,0
20150518,1431878400000,69.72,69.72,69.72,69.72,165,1150380.0,0.0,0,63.379999999999995,0
20150519,1431964800000,76.69,76.69,76.69,76.69,199,1526131.0,0.0,0,69.72,0
20150520,1432051200000,84.36,84.36,84.36,84.36,212,1788432.0,0.0,0,76.69,0
20150521,1432137600000,92.8,92.8,92.8,92.8,253,2347840.0,0.0,0,84.36,0
20150522,1432224000000,102.08,102.08,102.08,102.08,670,6839360.0,0.0,0,92.8,0
20150525,1432483200000,112.29,112.29,112.29,112.29,862,9679398.000000002,0.0,0,102.08000000000001,0
20150526,1432569600000,123.52,123.52,123.52,123.52,170,2108115.0,0.0,0,112.28999999999999,0
20150527,1432656000000,135.87,135.87,135.87,135.87,163,2214681.0,0.0,0,123.52000000000001,0
20150528,1432742400000,149.46,149.46,149.46,149.46,4407,65875690.0,0.0,0,135.87,0
20150529,1432828800000,164.41,164.41,141.0,164.41,71700,1146494736.0,0.0,0,149.46,0
20150601,1433088000000,167.05,180.85,157.03,157.98,87594,1509237518.0,0.0,0,164.41,0
20150602,1433174400000,147.88,152.48000000000002,142.18,142.18,39435,569725193.0,0.0,0,157.98000000000002,0
20150603,1433260800000,131.0,139.47,128.0,133.49,51452,682500034.9999999,0.0,0,142.18,0
20150604,1433347200000,132.0,132.0,120.14,120.14,32035,398110595.0,0.0,0,133.49,0
20150605,1433433600000,123.0,126.56,116.0,122.6,36880,448567006.00000006,0.0,0,120.14,0
20150608,1433692800000,123.0,123.0,111.58,112.22,29619,344094105.0,0.0,0,122.6,0
20150609,1433779200000,111.33,118.49,111.33,113.87,17366,199210051.0,0.0,0,112.22,0
20150610,1433865600000,114.87,123.7,113.0,121.0,32575,391001077.0,0.0,0,113.87,0
20150611,1433952000000,119.0,127.49,118.58,125.2,33564,415030455.0,0.0,0,121.0,0
20150612,1434038400000,124.5,126.47999999999999,114.02,114.02,35206,419820803.0,0.0,0,125.19999999999999,0
20150615,1434297600000,110.0,111.0,102.62,102.62,22690,236715629.0,0.0,0,114.02000000000001,0
20150616,1434384000000,98.24000000000001,103.87,96.12,100.06,17896,177765917.0,0.0,0,102.62,0
20150617,1434470400000,100.2,103.62,96.8,102.88,16212,163241844.0,0.0,0,100.06,0
20150618,1434556800000,101.39,103.0,92.59,92.59,15795,154120325.0,0.0,0,102.88000000000001,0
20150619,1434643200000,90.0,92.0,83.33,83.33,14159,125301589.00000001,0.0,0,92.59,0
20150623,1434988800000,84.52,90.0,83.0,89.99,14434,124666448.0,0.0,0,83.33,0
20150624,1435075200000,92.47,92.5,86.66,88.8,12382,110744765.00000001,0.0,0,89.99,0
20150625,1435161600000,88.2,95.0,87.02,88.88,18233,166366777.00000003,0.0,0,88.8,0
20150626,1435248000000,86.0,86.86999999999999,79.99,79.99,13628,111709080.0,0.0,0,88.88,0
20150629,1435507200000,82.6,82.6,71.99,71.99,13429,99438754.99999999,0.0,0,79.99,0
20150630,1435593600000,70.0,75.45,64.79,74.4,18904,131539794.99999999,0.0,0,71.99000000000001,0
20150701,1435680000000,72.00000000000001,77.80000000000001,66.96000000000001,66.96000000000001,17198,127384216.0,0.0,0,74.4,0
20150702,1435766400000,67.00999999999999,68.0,60.26,60.9,21122,131044417.0,0.0,0,66.96,0
20150703,1435852800000,58.5,66.98,56.0,61.68,22930,140548276.0,0.0,0,60.9,0
20150706,1436112000000,67.85,67.85,56.0,58.4,17634,110426260.0,0.0,0,61.68,0
20150707,1436198400000,57.85,57.85,52.56,52.56,5097,27383100.0,0.0,0,58.400000000000006,0
20150708,1436284800000,47.300000000000004,48.900000000000006,47.300000000000004,47.300000000000004,19700,93461582.0,0.0,0,52.56,0
20150709,1436371200000,44.14,52.03,44.14,52.03,20408,102970623.00000001,0.0,0,47.3,0
20150710,1436457600000,54.0,57.230000000000004,53.0,57.230000000000004,10367,58122152.0,0.0,0,52.03,0
20150713,1436716800000,62.89,62.95,59.82,62.95,30405,187745229.0,0.0,0,57.230000000000004,0
20150714,1436803200000,64.0,69.25,62.74,69.25,44116,295132821.0,0.0,0,62.95,0
20150715,1436889600000,65.06,66.17999999999999,62.33,62.33,16871,106715216.0,0.0,0,69.25,0
20150716,1436976000000,56.1,64.55,56.1,59.85,19450,116748965.0,0.0,0,62.33,0
20150717,1437062400000,60.0,64.5,59.33,64.08,18654,116260209.0,0.0,0,59.85,0
20150720,1437321600000,63.07,66.58,62.5,63.5,19070,122839991.00000001,0.0,0,64.08,0
20150721,1437408000000,62.949999999999996,67.8,61.19,67.67999999999999,24479,159084162.0,0.0,0,63.5,0
20150722,1437494400000,67.00000000000001,67.60000000000001,64.21000000000001,66.50000000000001,19828,131090312.0,0.0,0,67.68,0
20150723,1437580800000,66.8,73.15,65.11,73.15,31440,221113312.0,0.0,0,66.5,0
20150724,1437667200000,75.0,76.96,70.5,71.2,42681,318912203.0,0.0,0,73.15,0
20150727,1437926400000,68.0,72.6,64.08,64.08,23382,159802273.0,0.0,0,71.2,0
20150728,1438012800000,57.67,63.85,57.67,57.68,24127,142475040.00000003,0.0,0,64.08,0
20150729,1438099200000,59.0,62.95,55.0,62.62,18471,108161761.00000001,0.0,0,57.68,0
20150730,1438185600000,61.98,64.66,59.01,59.3,17905,112064076.00000001,0.0,0,62.62,0
20150731,1438272000000,57.1,62.970000000000006,56.910000000000004,59.650000000000006,18227,108207823.0,0.0,0,59.300000000000004,0
20150803,1438531200000,58.50000000000001,63.00000000000001,57.230000000000004,57.68000000000001,16663,99723237.0,0.0,0,59.650000000000006,0
20150804,1438617600000,58.25,63.41,57.86,63.4,17953,109048736.0,0.0,0,57.68,0
20150805,1438704000000,62.61,68.99,61.51,66.5,28174,183550972.0,0.0,0,63.4,0
20150806,1438790400000,64.1,72.23,64.0,70.91,30533,208094535.0,0.0,0,66.5,0
20150807,1438876800000,70.91,72.7,68.45,71.5,27228,193552045.0,0.0,0,70.91,0
20150810,1439136000000,71.05,74.6,71.05,73.91,25412,185210664.0,0.0,0,71.5,0
20150811,1439222400000,73.78999999999999,76.58,71.8,72.09,26943,199923844.0,0.0,0,73.91,0
20150812,1439308800000,72.09,72.5,68.06,68.06,19022,133456840.0,0.0,0,72.09,0
20150813,1439395200000,67.98,70.3,67.22,70.22,12048,83020630.0,0.0,0,68.06,0
20150814,1439481600000,70.31,71.94,69.52,70.95,14916,105594499.0,0.0,0,70.22,0
20150817,1439740800000,70.0,70.5,67.67,68.48,10172,70021378.0,0.0,0,70.95,0
20150818,1439827200000,67.85000000000001,69.56,61.63,61.63,13336,87216196.0,0.0,0,68.48,0
20150819,1439913600000,59.25000000000001,63.7,56.800000000000004,62.71000000000001,11804,71031174.0,0.0,0,61.63,0
20150820,1440000000000,62.010000000000005,64.95,60.7,63.0,13015,82090520.0,0.0,0,62.71,0
20150821,1440086400000,61.0,65.5,60.6,62.29,21989,141508628.0,0.0,0,63.0,0
20150824,1440345600000,58.010000000000005,58.900000000000006,56.06,56.06,4079,23037968.0,0.0,0,62.290000000000006,0
20150825,1440432000000,50.45,53.800000000000004,50.45,50.45,12622,64242642.0,0.0,0,56.06,0
20150826,1440518400000,48.1,55.0,45.410000000000004,49.0,21963,110315536.0,0.0,0,50.45,0
20150827,1440604800000,50.0,51.68,45.47,50.14,12016,59342064.0,0.0,0,49.0,0
20150828,1440691200000,51.99,53.96,49.18,53.68,16742,86396848.00000001,0.0,0,50.14,0
20150831,1440950400000,53.0,53.65,49.64,51.82,13309,68350597.0,0.0,0,53.68,0
20150901,1441036800000,51.300000000000004,55.09,50.02,51.74,24089,128091126.00000001,0.0,0,51.82,0
20150902,1441123200000,46.59,55.99,46.57,50.8,24406,122410340.0,0.0,0,51.74,0
20150907,1441555200000,50.48,53.56,49.0,51.47,26111,134810929.00000003,0.0,0,50.8,0
20150908,1441641600000,51.5,55.94,50.01,54.839999999999996,26081,138144479.0,0.0,0,51.47,0
20150909,1441728000000,54.85,59.51,54.11,59.48,32331,185142246.0,0.0,0,54.839999999999996,0
20150910,1441814400000,57.0,61.5,56.5,58.8,26902,158890379.0,0.0,0,59.48,0
20150911,1441900800000,59.0,59.019999999999996,56.61,58.88,15165,87993827.0,0.0,0,58.8,0
20150914,1442160000000,58.900000000000006,59.0,52.99,52.99,12215,67202275.0,0.0,0,58.88,0
20150915,1442246400000,50.0,53.449999999999996,47.69,47.699999999999996,13628,68560162.0,0.0,0,52.989999999999995,0
20150916,1442332800000,48.6,52.47,46.78,52.47,26304,132050746.00000001,0.0,0,47.7,0
20150917,1442419200000,51.89,54.88,50.42,52.5,31995,169978142.0,0.0,0,52.47,0
20150918,1442505600000,52.900000000000006,53.88,50.2,53.150000000000006,20409,107115001.0,0.0,0,52.5,0
20150921,1442764800000,51.8,56.45,51.0,56.28,26277,143123467.0,0.0,0,53.15,0
20150922,1442851200000,56.3,57.39,54.11,55.6,19838,110762254.0,0.0,0,56.28,0
20150923,1442937600000,54.0,61.16,53.61,61.16,43824,255658726.0,0.0,0,55.6,0
20150924,1443024000000,63.50000000000001,67.28,62.660000000000004,65.13000000000001,54635,358590442.0,0.0,0,61.160000000000004,0
20150925,1443110400000,63.95,64.79,58.620000000000005,58.67,44947,273329934.00000006,0.0,0,65.13000000000001,0
20150928,1443369600000,57.69,62.34,56.32,61.78,27895,166388050.0,0.0,0,58.67,0
20150929,1443456000000,60.0,61.35,58.0,59.9,18341,109512505.0,0.0,0,61.78,0
20150930,1443542400000,59.5,60.68,57.35,57.92,11389,66848772.0,0.0,0,59.9,0
20151008,1444233600000,60.1,61.71,59.03,60.71,19393,117810997.0,0.0,0,57.92,0
20151009,1444320000000,60.300000000000004,63.38,60.17,62.1,21213,131539370.0,0.0,0,60.71,0
20151012,1444579200000,62.51,65.71,62.51,65.28,25942,167233562.00000003,0.0,0,62.1,0
20151013,1444665600000,64.5,71.81,64.2,71.81,39207,263759020.0,0.0,0,65.28,0
20151014,1444752000000,74.88,74.88,68.22,68.5,50035,361037222.00000006,0.0,0,71.81,0
20151015,1444838400000,68.8,74.7,68.8,71.78999999999999,34835,249203380.00000003,0.0,0,68.5,0
20151016,1444924800000,72.03,74.0,70.08,73.38,34028,246115691.00000003,0.0,0,71.78999999999999,0
20151019,1445184000000,74.5,75.0,69.89,70.48,27914,200157586.0,0.0,0,73.38,0
20151020,1445270400000,69.88000000000001,72.33000000000001,68.68,71.28,22153,156715122.0,0.0,0,70.48,0
20151021,1445356800000,70.99,75.33,65.0,66.02,38626,275227813.0,0.0,0,71.28,0
20151022,1445443200000,66.18,69.78,64.28,68.68,25193,169808960.0,0.0,0,66.02,0
20151023,1445529600000,68.30000000000001,75.55000000000001,67.9,75.55000000000001,30969,221488942.0,0.0,0,68.68,0
20151026,1445788800000,82.8,83.11,78.0,80.4,59464,483398156.0,0.0,0,75.55,0
20151027,1445875200000,78.38,80.69,73.0,79.5,35598,274197226.0,0.0,0,80.4,0
20151028,1445961600000,78.54,82.79,77.4,78.0,29427,236068027.0,0.0,0,79.5,0
20151029,1446048000000,79.8,80.98,76.0,78.81,21874,173332886.0,0.0,0,78.0,0
20151030,1446134400000,77.91,80.0,76.0,78.25,19408,151178771.0,0.0,0,78.81,0
20151102,1446393600000,74.8,86.08,74.8,81.5,35654,292968098.0,0.0,0,78.25,0
20151103,1446480000000,80.53,83.77000000000001,79.87,81.80000000000001,26053,213248074.00000003,0.0,0,81.5,0
20151104,1446566400000,82.0,88.5,82.0,86.5,24151,204848747.0,0.0,0,81.8,0
20151105,1446652800000,86.5,87.8,82.97,85.08,24968,212137465.0,0.0,0,86.5,0
20151106,1446739200000,84.77000000000001,89.49000000000001,84.59,88.2,20613,181127081.0,0.0,0,85.08,0
20151109,1446998400000,86.7,96.48,86.23,93.78,24331,220025586.0,0.0,0,88.2,0
20151110,1447084800000,91.78,95.17,84.4,91.60000000000001,21658,199748244.0,0.0,0,93.78,0
20151111,1447171200000,92.15,99.5,90.01,99.10000000000001,27712,264331616.0,0.0,0,91.60000000000001,0
20151112,1447257600000,100.72,109.01,98.01,109.01,29493,304904906.00000006,0.0,0,99.10000000000001,0
20151113,1447344000000,110.0,110.0,98.11,98.11,41351,417197155.0,0.0,0,109.01,0
20151116,1447603200000,91.0,98.4,91.0,97.9,20125,189861462.0,0.0,0,98.11,0
20151117,1447689600000,99.0,99.86,91.13,92.58,19976,192319045.0,0.0,0,97.89999999999999,0
20151118,1447776000000,92.58,94.0,85.58,86.1,17209,154627534.0,0.0,0,92.58,0
20151119,1447862400000,86.67,92.48,86.67,91.82000000000001,16141,144486771.0,0.0,0,86.10000000000001,0
20151120,1447948800000,91.54,93.0,90.03,91.2,12052,110068270.0,0.0,0,91.82000000000001,0
20151123,1448208000000,91.0,93.56,89.02,90.0,11780,107803886.99999999,0.0,0,91.2,0
20151124,1448294400000,89.88,98.8,89.0,97.0,17913,168780373.0,0.0,0,90.0,0
20151125,1448380800000,95.05,97.17,94.59,96.33,16028,153708830.0,0.0,0,97.0,0
20151126,1448467200000,96.45,99.31,93.01,93.95,14424,139101374.00000003,0.0,0,96.33000000000001,0
20151127,1448553600000,93.44,95.2,84.56,86.43,19254,173296011.99999997,0.0,0,93.95,0
20151130,1448812800000,87.6,91.01,85.5,90.0,21503,191420713.0,0.0,0,86.43,0
20151201,1448899200000,90.5,95.0,85.55,87.99,27397,249538511.00000003,0.0,0,90.0,0
20151202,1448985600000,86.00000000000001,86.35000000000001,80.60000000000001,83.19000000000001,18287,152251781.0,0.0,0,87.99000000000001,0
20151203,1449072000000,84.02,86.52,83.81,85.79,10857,92510016.0,0.0,0,83.19,0
20151204,1449158400000,85.7,88.98,84.84,86.60000000000001,15497,135222464.0,0.0,0,85.79,0
20151207,1449417600000,86.2,87.83000000000001,84.21000000000001,85.95,10147,87166425.0,0.0,0,86.60000000000001,0
20151208,1449504000000,85.59,89.25,85.11,87.17,16671,145942729.0,0.0,0,85.95,0
20151209,1449590400000,86.28000000000002,87.07000000000001,84.10000000000001,85.00000000000001,12518,107087049.0,0.0,0,87.17000000000002,0
20151210,1449676800000,84.8,85.2,81.0,82.18,11544,95654297.0,0.0,0,85.0,0
20151211,1449763200000,81.28,83.36,81.28,81.84,4850,39946760.0,0.0,0,82.18,0
20151214,1450022400000,80.81,84.43,80.5,84.31,6540,54092083.00000001,0.0,0,81.84,0
20151215,1450108800000,84.4,86.67,84.4,85.80000000000001,7557,64830133.00000001,0.0,0,84.31,0
20151216,1450195200000,86.55,88.78,86.55,87.86999999999999,16288,143355189.0,0.0,0,85.8,0
20151217,1450281600000,89.00000000000001,91.26,88.32000000000001,89.94000000000001,20062,179880507.0,0.0,0,87.87,0
20151218,1450368000000,90.98,92.99,88.8,91.55,24885,226476772.0,0.0,0,89.94,0
20151221,1450627200000,91.0,94.89,90.0,93.9,20319,187885940.0,0.0,0,91.55,0
20151222,1450713600000,93.92999999999999,95.49,92.38,94.44999999999999,14029,131941290.0,0.0,0,93.89999999999999,0
20151223,1450800000000,95.66000000000001,98.45,94.21000000000001,96.15,19526,188631758.0,0.0,0,94.45,0
20151224,1450886400000,96.5,105.77,96.5,105.77,34193,353332314.0,0.0,0,96.15,0
20151225,1450972800000,105.77,105.77,105.77,105.77,0,0.0,0.0,0,105.77,1
20151228,1451232000000,105.77,105.77,105.77,105.77,0,0.0,0.0,0,105.77,1
20151229,1451318400000,105.77,105.77,105.77,105.77,0,0.0,0.0,0,105.77,1
20151230,1451404800000,105.77,105.77,105.77,105.77,0,0.0,0.0,0,105.77,1
20151231,1451491200000,105.77,105.77,105.77,105.77,0,0.0,0.0,0,105.77,1
20160104,1451836800000,105.77,105.77,105.77,105.77,0,0.0,0.0,0,105.77,1
20160105,1451923200000,105.77,105.77,105.77,105.77,0,0.0,0.0,0,105.77,1
20160106,1452009600000,105.77,105.77,105.77,105.77,0,0.0,0.0,0,105.77,1
20160107,1452096000000,105.77,105.77,105.77,105.77,0,0.0,0.0,0,105.77,1
20160108,1452182400000,105.77,105.77,105.77,105.77,0,0.0,0.0,0,105.77,1
20160111,1452441600000,105.77,105.77,105.77,105.77,0,0.0,0.0,0,105.77,1
20160112,1452528000000,105.77,105.77,105.77,105.77,0,0.0,0.0,0,105.77,1
20160113,1452614400000,105.77,105.77,105.77,105.77,0,0.0,0.0,0,105.77,1
20160114,1452700800000,105.77,105.77,105.77,105.77,0,0.0,0.0,0,105.77,1
20160115,1452787200000,105.77,105.77,105.77,105.77,0,0.0,0.0,0,105.77,1
20160118,1453046400000,105.77,105.77,105.77,105.77,0,0.0,0.0,0,105.77,1
20160119,1453132800000,105.77,105.77,105.77,105.77,0,0.0,0.0,0,105.77,1
20160120,1453219200000,105.77,105.77,105.77,105.77,0,0.0,0.0,0,105.77,1
20160121,1453305600000,105.77,105.77,105.77,105.77,0,0.0,0.0,0,105.77,1
20160122,1453392000000,105.77,105.77,105.77,105.77,0,0.0,0.0,0,105.77,1
20160125,1453651200000,105.77,105.77,105.77,105.77,0,0.0,0.0,0,105.77,1
20160126,1453737600000,105.77,105.77,105.77,105.77,0,0.0,0.0,0,105.77,1
20160127,1453824000000,105.77,105.77,105.77,105.77,0,0.0,0.0,0,105.77,1
20160128,1453910400000,105.77,105.77,105.77,105.77,0,0.0,0.0,0,105.77,1
20160129,1453996800000,105.77,105.77,105.77,105.77,0,0.0,0.0,0,105.77,1
20160201,1454256000000,105.77,105.77,105.77,105.77,0,0.0,0.0,0,105.77,1
20160202,1454342400000,105.77,105.77,105.77,105.77,0,0.0,0.0,0,105.77,1
20160203,1454428800000,105.77,105.77,105.77,105.77,0,0.0,0.0,0,105.77,1
20160204,1454515200000,105.77,105.77,105.77,105.77,0,0.0,0.0,0,105.77,1
20160205,1454601600000,105.77,105.77,105.77,105.77,0,0.0,0.0,0,105.77,1
20160215,1455465600000,105.77,105.77,105.77,105.77,0,0.0,0.0,0,105.77,1
20160216,1455552000000,105.77,105.77,105.77,105.77,0,0.0,0.0,0,105.77,1
20160217,1455638400000,105.77,105.77,105.77,105.77,0,0.0,0.0,0,105.77,1
20160218,1455724800000,105.77,105.77,105.77,105.77,0,0.0,0.0,0,105.77,1
20160219,1455811200000,105.77,105.77,105.77,105.77,0,0.0,0.0,0,105.77,1
20160222,1456070400000,105.77,105.77,105.77,105.77,0,0.0,0.0,0,105.77,1
20160223,1456156800000,105.77,105.77,105.77,105.77,0,0.0,0.0,0,105.77,1
20160224,1456243200000,105.77,105.77,105.77,105.77,0,0.0,0.0,0,105.77,1
20160225,1456329600000,105.77,105.77,105.77,105.77,0,0.0,0.0,0,105.77,1
20160226,1456416000000,105.77,105.77,105.77,105.77,0,0.0,0.0,0,105.77,1
20160229,1456675200000,105.77,105.77,105.77,105.77,0,0.0,0.0,0,105.77,1
20160301,1456761600000,105.77,105.77,105.77,105.77,0,0.0,0.0,0,105.77,1
20160302,1456848000000,105.77,105.77,105.77,105.77,0,0.0,0.0,0,105.77,1
20160303,1456934400000,105.77,105.77,105.77,105.77,0,0.0,0.0,0,105.77,1
20160304,1457020800000,105.77,105.77,105.77,105.77,0,0.0,0.0,0,105.77,1
20160307,1457280000000,105.77,105.77,105.77,105.77,0,0.0,0.0,0,105.77,1
20160308,1457366400000,105.77,105.77,105.77,105.77,0,0.0,0.0,0,105.77,1
20160309,1457452800000,105.77,105.77,105.77,105.77,0,0.0,0.0,0,105.77,1
20160310,1457539200000,105.77,105.77,105.77,105.77,0,0.0,0.0,0,105.77,1
20160311,1457625600000,105.77,105.77,105.77,105.77,0,0.0,0.0,0,105.77,1
20160314,1457884800000,105.77,105.77,105.77,105.77,0,0.0,0.0,0,105.77,1
20160315,1457971200000,105.77,105.77,105.77,105.77,0,0.0,0.0,0,105.77,1
20160316,1458057600000,105.77,105.77,105.77,105.77,0,0.0,0.0,0,105.77,1
20160317,1458144000000,105.77,105.77,105.77,105.77,0,0.0,0.0,0,105.77,1
20160318,1458230400000,105.77,105.77,105.77,105.77,0,0.0,0.0,0,105.77,1
20160321,1458489600000,105.77,105.77,105.77,105.77,0,0.0,0.0,0,105.77,1
20160322,1458576000000,105.77,105.77,105.77,105.77,0,0.0,0.0,0,105.77,1
20160323,1458662400000,105.77,105.77,105.77,105.77,0,0.0,0.0,0,105.77,1
20160324,1458748800000,105.77,105.77,105.77,105.77,0,0.0,0.0,0,105.77,1
20160325,1458835200000,105.77,105.77,105.77,105.77,0,0.0,0.0,0,105.77,1
20160328,1459094400000,105.77,105.77,105.77,105.77,0,0.0,0.0,0,105.77,1
20160329,1459180800000,105.77,105.77,105.77,105.77,0,0.0,0.0,0,105.77,1
20160330,1459267200000,105.77,105.77,105.77,105.77,0,0.0,0.0,0,105.77,1
20160331,1459353600000,105.77,105.77,105.77,105.77,0,0.0,0.0,0,105.77,1
20160401,1459440000000,105.77,105.77,105.77,105.77,0,0.0,0.0,0,105.77,1
20160405,1459785600000,105.77,105.77,105.77,105.77,0,0.0,0.0,0,105.77,1
20160406,1459872000000,105.77,105.77,105.77,105.77,0,0.0,0.0,0,105.77,1
20160407,1459958400000,105.77,105.77,105.77,105.77,0,0.0,0.0,0,105.77,1
20160408,1460044800000,105.77,105.77,105.77,105.77,0,0.0,0.0,0,105.77,1
20160411,1460304000000,105.77,105.77,105.77,105.77,0,0.0,0.0,0,105.77,1
20160412,1460390400000,105.77,105.77,105.77,105.77,0,0.0,0.0,0,105.77,1
20160413,1460476800000,105.77,105.77,105.77,105.77,0,0.0,0.0,0,105.77,1
20160414,1460563200000,105.77,105.77,105.77,105.77,0,0.0,0.0,0,105.77,1
20160415,1460649600000,105.77,105.77,105.77,105.77,0,0.0,0.0,0,105.77,1
20160418,1460908800000,105.77,105.77,105.77,105.77,0,0.0,0.0,0,105.77,1
20160419,1460995200000,105.77,105.77,105.77,105.77,0,0.0,0.0,0,105.77,1
20160420,1461081600000,105.77,105.77,105.77,105.77,0,0.0,0.0,0,105.77,1
20160421,1461168000000,33.95,33.95,33.95,33.95,3546,12038670.0,0.0,0,37.720000000000006,0
20160422,1461254400000,30.560000000000002,30.560000000000002,30.560000000000002,30.560000000000002,4505,13767280.000000002,0.0,0,33.95,0
20160425,1461513600000,29.55,30.4,27.7,28.29,115324,331663087.0,0.0,0,30.56,0
20160426,1461600000000,27.6,30.94,27.19,29.82,108571,313399123.0,0.0,0,28.290000000000003,0
20160427,1461686400000,29.22,31.4,29.2,30.23,91420,275782209.0,0.0,0,29.82,0
20160428,1461772800000,29.88,29.96,28.2,29.08,58677,170951112.99999997,0.0,0,30.23,0
20160429,1461859200000,28.66,29.95,28.05,28.57,41336,119685084.0,0.0,0,29.080000000000002,0
20160503,1462204800000,28.0,28.880000000000003,26.92,28.85,71092,198157283.0,0.0,0,28.57,0
20160504,1462291200000,28.21,29.29,28.0,28.85,67249,192942450.00000003,0.0,0,28.85,0
20160505,1462377600000,28.5,31.68,28.2,30.65,99624,299769406.0,0.0,0,28.849999999999998,0
20160506,1462464000000,30.71,31.0,29.18,29.65,88742,267488955.00000003,0.0,0,30.65,0
20160509,1462723200000,29.169999999999998,29.169999999999998,27.18,28.75,60311,169486018.00000003,0.0,0,29.65,0
20160510,1462809600000,28.4,28.79,27.68,28.15,38259,107966640.00000001,0.0,0,28.75,0
20160511,1462896000000,28.45,28.69,27.0,27.59,30939,85904802.99999999,0.0,0,28.15,0
20160512,1462982400000,27.59,27.59,27.59,27.59,0,0.0,0.0,0,27.59,1
20160513,1463068800000,27.59,27.59,27.59,27.59,0,0.0,0.0,0,27.59,1
20160516,1463328000000,27.59,27.59,27.59,27.59,0,0.0,0.0,0,27.59,1
20160517,1463414400000,27.59,27.59,27.59,27.59,0,0.0,0.0,0,27.59,1
20160518,1463500800000,27.59,27.59,27.59,27.59,0,0.0,0.0,0,27.59,1
20160519,1463587200000,27.59,27.59,27.59,27.59,0,0.0,0.0,0,27.59,1
20160520,1463673600000,25.38,27.5,25.38,26.66,47064,123297630.0,0.0,0,27.59,0
20160523,1463932800000,26.48,26.900000000000002,26.12,26.68,38373,102231004.0,0.0,0,26.66,0
20160524,1464019200000,26.5,26.95,25.5,25.5,30389,79439204.99999999,0.0,0,26.68,0
20160525,1464105600000,25.700000000000003,25.970000000000002,24.35,24.520000000000003,43329,109258895.00000001,0.0,0,25.5,0
20160526,1464192000000,24.53,25.09,23.2,25.09,45781,110622559.0,0.0,0,24.52,0
20160527,1464278400000,24.700000000000003,25.35,24.6,25.020000000000003,29442,73304448.0,0.0,0,25.09,0
20160530,1464537600000,25.020000000000003,25.35,24.1,25.19,38128,95125182.0,0.0,0,25.020000000000003,0
20160531,1464624000000,25.15,26.56,25.02,26.419999999999998,54252,140343595.0,0.0,0,25.19,0
20160601,1464710400000,26.400000000000002,27.5,26.1,27.19,59341,158720758.99999997,0.0,0,26.42,0
20160602,1464796800000,27.1,27.51,26.8,27.41,59797,163023339.0,0.0,0,27.19,0
20160603,1464883200000,28.5,29.0,27.41,27.43,66049,186439002.0,0.0,0,27.41,0
20160606,1465142400000,27.0,27.400000000000002,26.64,26.85,32852,88452163.0,0.0,0,27.43,0
20160607,1465228800000,26.97,27.27,26.82,26.86,26839,72446071.0,0.0,0,26.85,0
20160608,1465315200000,26.82,27.12,26.35,26.810000000000002,28275,75653723.0,0.0,0,26.860000000000003,0
20160613,1465747200000,26.119999999999997,26.13,24.13,24.88,45181,113764529.00000001,0.0,0,26.81,0
20160614,1465833600000,24.18,24.8,23.88,24.15,21517,52261425.0,0.0,0,24.88,0
20160615,1465920000000,24.200000000000003,25.3,24.060000000000002,25.000000000000004,32154,79383808.0,0.0,0,24.150000000000002,0
20160616,1466006400000,25.0,25.0,24.17,24.44,31414,77085592.99999999,0.0,0,25.0,0
20160617,1466092800000,24.51,25.3,24.37,24.75,27659,68522350.00000001,0.0,0,24.44,0
20160620,1466352000000,24.55,24.93,24.07,24.77,24504,60212020.99999999,0.0,0,24.75,0
20160621,1466438400000,24.900000000000002,25.080000000000002,24.1,24.6,26372,64957921.00000001,0.0,0,24.770000000000003,0
20160622,1466524800000,24.48,25.099999999999998,24.22,25.08,22734,56403400.0,0.0,0,24.599999999999998,0
20160623,1466611200000,25.080000000000002,25.080000000000002,24.580000000000002,24.880000000000003,23312,57742229.00000001,0.0,0,25.080000000000002,0
20160624,1466697600000,24.6,24.82,23.23,24.29,29032,70591511.0,0.0,0,24.88,0
20160627,1466956800000,23.8,25.18,23.8,25.130000000000003,27814,68532280.0,0.0,0,24.29,0
20160628,1467043200000,24.87,25.16,24.62,24.96,35244,87742735.0,0.0,0,25.130000000000003,0
20160629,1467129600000,25.090000000000003,25.19,24.67,24.830000000000002,36559,90848070.0,0.0,0,24.96,0
20160630,1467216000000,24.95,27.31,24.95,27.31,36723,98585327.0,0.0,0,24.83,0
20160701,1467302400000,28.0,28.180000000000003,26.67,26.69,83104,227379380.0,0.0,0,27.310000000000002,0
20160704,1467561600000,26.7,27.48,26.68,26.86,54048,145997733.00000003,0.0,0,26.69,0
20160705,1467648000000,26.69,27.07,26.41,26.73,40301,107684811.99999999,0.0,0,26.86,0
20160706,1467734400000,26.75,26.94,26.41,26.88,35237,94047813.0,0.0,0,26.73,0
20160707,1467820800000,26.81,26.85,26.09,26.35,35530,93838135.0,0.0,0,26.88,0
20160708,1467907200000,26.55,27.480000000000004,26.400000000000002,27.130000000000003,58832,159579909.00000003,0.0,0,26.35,0
20160711,1468166400000,27.189999999999998,27.3,26.45,26.54,34043,91254017.0,0.0,0,27.13,0
20160712,1468252800000,26.51,26.55,25.69,26.44,31758,83052328.0,0.0,0,26.540000000000003,0
20160713,1468339200000,26.490000000000002,26.970000000000002,26.060000000000002,26.740000000000002,29695,79028825.0,0.0,0,26.44,0
20160714,1468425600000,26.7,27.39,26.54,26.93,31640,85438620.00000001,0.0,0,26.74,0
20160715,1468512000000,26.87,26.88,26.41,26.56,20451,54358981.0,0.0,0,26.93,0
20160718,1468771200000,26.7,26.96,26.21,26.810000000000002,24212,64545310.0,0.0,0,26.560000000000002,0
20160719,1468857600000,26.700000000000003,27.37,26.560000000000002,27.3,34447,92991192.00000001,0.0,0,26.810000000000002,0
20160720,1468944000000,27.310000000000002,27.5,26.94,27.12,30745,83629127.0,0.0,0,27.3,0
20160721,1469030400000,27.02,28.52,27.02,28.25,65043,182323248.00000003,0.0,0,27.12,0
20160722,1469116800000,28.189999999999998,28.24,27.22,27.369999999999997,36927,102230379.99999999,0.0,0,28.25,0
20160725,1469376000000,27.24,27.5,26.84,26.91,26617,71983430.0,0.0,0,27.37,0
20160726,1469462400000,26.830000000000002,27.9,26.82,27.87,43344,118637353.0,0.0,0,26.91,0
20160727,1469548800000,27.900000000000002,28.560000000000002,26.28,28.0,82513,228139877.0,0.0,0,27.87,0
20160728,1469635200000,27.560000000000002,29.8,27.1,28.790000000000003,110589,314753022.0,0.0,0,28.0,0
20160729,1469721600000,28.849999999999998,29.5,27.7,27.75,56576,159974428.0,0.0,0,28.79,0
20160801,1469980800000,27.0,27.0,24.98,24.98,63936,161626571.0,0.0,0,27.75,0
20160802,1470067200000,24.89,24.89,24.02,24.65,27322,66900269.00000001,0.0,0,24.98,0
20160803,1470153600000,24.58,24.919999999999998,24.38,24.59,22051,54397717.0,0.0,0,24.65,0
20160804,1470240000000,24.66,24.8,24.13,24.38,25229,61434788.0,0.0,0,24.59,0
20160805,1470326400000,24.48,24.5,24.05,24.080000000000002,20516,49659489.0,0.0,0,24.38,0
20160808,1470585600000,24.16,24.44,23.55,24.36,26232,63095063.0,0.0,0,24.080000000000002,0
20160809,1470672000000,24.25,24.88,24.25,24.81,27577,67911133.99999999,0.0,0,24.36,0
20160810,1470758400000,24.81,25.11,24.5,24.87,25917,64188484.00000001,0.0,0,24.81,0
20160811,1470844800000,24.74,25.09,24.22,24.869999999999997,26604,65819154.00000001,0.0,0,24.869999999999997,0
20160812,1470931200000,24.560000000000002,24.880000000000003,24.35,24.790000000000003,15358,37956889.00000001,0.0,0,24.87,0
20160815,1471190400000,24.91,25.55,24.68,25.4,34249,86161825.0,0.0,0,24.79,0
20160816,1471276800000,25.4,25.93,25.25,25.63,30460,78046078.0,0.0,0,25.4,0
20160817,1471363200000,25.71,25.85,25.3,25.66,21309,54506374.0,0.0,0,25.63,0
20160818,1471449600000,25.75,26.330000000000002,25.51,26.0,27963,72683347.0,0.0,0,25.66,0
20160819,1471536000000,26.0,26.14,25.7,26.08,22763,59070569.0,0.0,0,26.0,0
20160822,1471795200000,26.08,26.08,26.08,26.08,0,0.0,0.0,0,26.08,1
20160823,1471881600000,26.08,26.08,26.08,26.08,0,0.0,0.0,0,26.08,1
20160824,1471968000000,26.08,26.08,26.08,26.08,0,0.0,0.0,0,26.08,1
20160825,1472054400000,26.08,26.08,26.08,26.08,0,0.0,0.0,0,26.08,1
20160826,1472140800000,26.08,26.08,26.08,26.08,0,0.0,0.0,0,26.08,1
20160829,1472400000000,27.110000000000003,28.69,26.26,27.69,95543,265787180.00000003,0.0,0,26.080000000000002,0
20160830,1472486400000,27.25,29.990000000000002,27.01,29.23,90628,257468213.0,0.0,0,27.69,0
20160831,1472572800000,28.75,29.25,28.0,28.49,54294,154975995.00000003,0.0,0,29.23,0
20160901,1472659200000,28.700000000000003,29.950000000000003,28.150000000000002,29.000000000000004,56084,161988624.0,0.0,0,28.490000000000002,0
20160902,1472745600000,29.0,29.0,27.61,27.75,37629,105940950.0,0.0,0,29.0,0
20160905,1473004800000,27.8,28.98,27.41,28.490000000000002,43263,122450225.0,0.0,0,27.75,0
20160906,1473091200000,28.400000000000002,29.87,28.21,29.5,81610,237947424.00000003,0.0,0,28.490000000000002,0
20160907,1473177600000,29.500000000000004,31.500000000000004,29.400000000000002,30.040000000000003,111783,340936558.99999994,0.0,0,29.500000000000004,0
20160908,1473264000000,29.6,30.6,29.14,30.02,39783,118500295.0,0.0,0,30.04,0
20160909,1473350400000,29.89,30.180000000000003,28.330000000000002,28.500000000000004,40565,117822283.0,0.0,0,30.020000000000003,0
20160912,1473609600000,27.700000000000003,27.700000000000003,26.060000000000002,26.19,49750,134357694.0,0.0,0,28.500000000000004,0
20160913,1473696000000,26.35,27.23,26.330000000000002,27.01,29193,78011777.0,0.0,0,26.19,0
20160914,1473782400000,26.700000000000003,29.290000000000003,26.1,27.830000000000002,47882,133291836.0,0.0,0,27.01,0
20160919,1474214400000,27.89,28.25,27.28,27.830000000000002,35983,99573230.99999999,0.0,0,27.830000000000002,0
20160920,1474300800000,27.830000000000002,28.200000000000003,26.810000000000002,26.950000000000003,29350,80680782.0,0.0,0,27.830000000000002,0
20160921,1474387200000,27.0,27.4,26.91,26.94,17926,48571509.99999999,0.0,0,26.95,0
20160922,1474473600000,27.35,27.55,26.59,26.62,21604,58259877.99999999,0.0,0,26.94,0
20160923,1474560000000,26.560000000000002,26.860000000000003,26.19,26.23,18722,49534395.0,0.0,0,26.62,0
20160926,1474819200000,26.090000000000003,26.500000000000004,25.990000000000002,26.000000000000004,20015,52483516.0,0.0,0,26.23,0
20160927,1474905600000,26.29,26.47,25.0,26.26,22654,58306002.0,0.0,0,26.0,0
20160928,1474992000000,25.91,26.8,25.91,26.66,26923,71316104.0,0.0,0,26.26,0
20160929,1475078400000,26.910000000000004,26.98,26.400000000000002,26.51,18536,49519673.00000001,0.0,0,26.660000000000004,0
20160930,1475164800000,26.5,27.46,26.42,27.270000000000003,21004,56916660.99999999,0.0,0,26.51,0
20161010,1476028800000,27.5,28.66,27.2,28.33,33351,93719959.0,0.0,0,27.27,0
20161011,1476115200000,28.3,28.7,28.0,28.47,22823,64772389.00000001,0.0,0,28.33,0
20161012,1476201600000,28.43,30.23,28.3,29.16,61332,179580306.0,0.0,0,28.470000000000002,0
20161013,1476288000000,29.0,29.28,28.41,28.830000000000002,49966,143336338.0,0.0,0,29.16,0
20161014,1476374400000,28.590000000000003,28.87,27.810000000000002,28.040000000000003,30115,84573869.0,0.0,0,28.830000000000002,0
20161017,1476633600000,27.95,28.34,27.46,27.46,19652,54916134.0,0.0,0,28.04,0
20161018,1476720000000,27.39,30.21,27.35,28.990000000000002,61025,176713235.0,0.0,0,27.46,0
20161019,1476806400000,29.22,30.18,28.88,29.259999999999998,60241,177072330.99999997,0.0,0,28.99,0
20161020,1476892800000,29.5,29.68,28.51,28.57,43663,126725129.0,0.0,0,29.26,0
20161021,1476979200000,28.490000000000002,29.48,28.01,28.34,37895,108689253.99999999,0.0,0,28.57,0
20161024,1477238400000,28.400000000000002,28.69,28.080000000000002,28.48,34863,98960840.0,0.0,0,28.340000000000003,0
20161025,1477324800000,28.349999999999998,28.599999999999998,27.86,27.87,42127,118437997.99999999,0.0,0,28.48,0
20161026,1477411200000,27.830000000000002,28.05,27.41,27.5,27922,77066573.0,0.0,0,27.87,0
20161027,1477497600000,27.5,27.880000000000003,27.44,27.700000000000003,20900,57899594.0,0.0,0,27.5,0
20161028,1477584000000,27.89,27.900000000000002,27.150000000000002,27.200000000000003,19851,54605812.0,0.0,0,27.700000000000003,0
20161031,1477843200000,27.01,27.89,26.8,27.630000000000003,21408,58745271.0,0.0,0,27.2,0
20161101,1477929600000,27.85,27.85,27.5,27.71,20080,55576396.0,0.0,0,27.63,0
20161102,1478016000000,27.709999999999997,27.799999999999997,27.22,27.22,19562,53556621.00000001,0.0,0,27.709999999999997,0
20161103,1478102400000,27.099999999999998,27.599999999999998,27.02,27.5,20814,56897042.00000001,0.0,0,27.22,0
20161104,1478188800000,27.45,27.64,27.21,27.35,15553,42633989.0,0.0,0,27.5,0
20161107,1478448000000,27.599999999999998,27.98,27.36,27.9,26208,72833110.0,0.0,0,27.349999999999998,0
20161108,1478534400000,27.89,28.17,27.78,27.86,16473,45974001.0,0.0,0,27.900000000000002,0
20161109,1478620800000,27.68,27.95,27.0,27.28,17914,49110519.00000001,0.0,0,27.86,0
20161110,1478707200000,27.56,27.87,27.36,27.87,19800,54741994.0,0.0,0,27.28,0
20161111,1478793600000,27.860000000000003,28.3,27.6,28.18,30557,85494350.0,0.0,0,27.87,0
20161114,1479052800000,28.189999999999998,28.47,27.97,28.23,37574,106086320.00000001,0.0,0,28.18,0
20161115,1479139200000,28.330000000000002,28.900000000000002,27.92,28.900000000000002,53927,153751027.0,0.0,0,28.23,0
20161116,1479225600000,28.990000000000002,29.200000000000003,28.560000000000002,28.730000000000004,48512,140125339.00000003,0.0,0,28.900000000000002,0
20161117,1479312000000,28.76,28.96,28.17,28.55,25583,72936622.0,0.0,0,28.73,0
20161118,1479398400000,28.290000000000003,28.650000000000002,28.1,28.18,23322,66017549.0,0.0,0,28.55,0
20161121,1479657600000,28.29,28.38,27.89,28.27,18578,52317270.0,0.0,0,28.18,0
20161122,1479744000000,28.29,28.77,28.2,28.68,30045,85583818.99999999,0.0,0,28.27,0
20161123,1479830400000,28.86,28.89,27.96,27.98,31979,90759410.0,0.0,0,28.68,0
20161124,1479916800000,27.91,27.91,27.14,27.240000000000002,29812,81971962.0,0.0,0,27.98,0
20161125,1480003200000,27.44,27.73,26.68,27.73,24087,65732122.0,0.0,0,27.24,0
20161128,1480262400000,27.75,28.16,27.57,28.09,22706,63396958.00000001,0.0,0,27.73,0
20161129,1480348800000,28.78,28.78,27.17,27.35,26324,73410558.0,0.0,0,28.090000000000003,0
20161130,1480435200000,27.03,27.89,26.96,27.01,27259,74340798.00000001,0.0,0,27.35,0
20161201,1480521600000,27.110000000000003,27.450000000000003,27.01,27.32,14420,39318583.00000001,0.0,0,27.01,0
20161202,1480608000000,27.349999999999998,27.349999999999998,25.88,25.89,23833,63153831.00000001,0.0,0,27.32,0
20161205,1480867200000,25.580000000000002,26.3,25.580000000000002,25.91,13173,34306116.0,0.0,0,25.89,0
20161206,1480953600000,25.93,26.32,25.88,26.0,10578,27681562.0,0.0,0,25.91,0
20161207,1481040000000,26.15,26.48,26.0,26.38,11668,30622061.0,0.0,0,26.0,0
20161208,1481126400000,26.490000000000002,26.490000000000002,26.01,26.020000000000003,8884,23299483.0,0.0,0,26.380000000000003,0
20161209,1481212800000,25.990000000000002,26.16,25.78,25.85,9687,25188489.000000004,0.0,0,26.02,0
20161212,1481472000000,25.72,25.97,23.55,23.6,24613,60235779.0,0.0,0,25.85,0
20161213,1481558400000,23.85,23.85,23.18,23.41,15093,35316061.0,0.0,0,23.6,0
20161214,1481644800000,23.46,23.47,22.63,22.669999999999998,16996,39014109.0,0.0,0,23.41,0
20161215,1481731200000,22.66,23.35,22.59,22.91,12081,27821489.0,0.0,0,22.669999999999998,0
20161216,1481817600000,23.23,24.18,23.11,23.9,18483,43752923.0,0.0,0,22.91,0
20161219,1482076800000,23.76,23.77,23.3,23.45,10463,24583332.0,0.0,0,23.900000000000002,0
20161220,1482163200000,23.45,23.66,23.31,23.54,6989,16444711.0,0.0,0,23.45,0
20161221,1482249600000,23.79,24.0,23.55,23.86,9047,21573636.0,0.0,0,23.54,0
20161222,1482336000000,23.880000000000003,24.0,23.44,23.810000000000002,8307,19656100.000000004,0.0,0,23.860000000000003,0
20161223,1482422400000,23.810000000000002,24.500000000000004,23.400000000000002,24.290000000000003,26239,63013294.99999999,0.0,0,23.810000000000002,0
20161226,1482681600000,23.85,24.04,23.39,23.900000000000002,16213,38359521.0,0.0,0,24.29,0
20161227,1482768000000,24.0,24.040000000000003,23.6,23.62,9145,21723986.0,0.0,0,23.900000000000002,0
20161228,1482854400000,23.61,23.75,23.12,23.240000000000002,9535,22430501.000000004,0.0,0,23.62,0
20161229,1482940800000,23.200000000000003,23.76,23.19,23.450000000000003,8516,20060545.0,0.0,0,23.240000000000002,0
20161230,1483027200000,23.65,23.75,23.36,23.71,8745,20632894.0,0.0,0,23.45,0
20170103,1483372800000,23.900000000000002,24.35,23.900000000000002,24.040000000000003,11596,27973410.000000004,0.0,0,23.71,0
20170104,1483459200000,24.43,24.46,24.0,24.18,8083,19531167.0,0.0,0,24.04,0
20170105,1483545600000,24.03,24.37,24.03,24.07,7349,17757671.0,0.0,0,24.18,0
20170106,1483632000000,23.92,24.220000000000002,23.830000000000002,24.07,9750,23449319.0,0.0,0,24.07,0
20170109,1483891200000,23.81,24.349999999999998,23.81,24.33,12660,30673164.000000004,0.0,0,24.07,0
20170110,1483977600000,24.419999999999998,24.419999999999998,24.02,24.18,7824,18906945.0,0.0,0,24.33,0
20170111,1484064000000,24.05,24.200000000000003,23.76,23.770000000000003,7113,17032199.999999996,0.0,0,24.180000000000003,0
20170112,1484150400000,23.669999999999998,23.97,22.88,22.9,13303,30871087.000000004,0.0,0,23.77,0
20170113,1484236800000,22.97,22.97,21.7,21.759999999999998,14059,31589921.0,0.0,0,22.9,0
20170116,1484496000000,21.75,21.88,19.59,20.02,28720,58577926.0,0.0,0,21.759999999999998,0
20170117,1484582400000,19.84,20.759999999999998,19.18,20.5,18395,36739765.00000001,0.0,0,20.02,0
20170118,1484668800000,20.3,20.43,19.89,20.0,12116,24367864.0,0.0,0,20.5,0
20170119,1484755200000,20.020000000000003,20.290000000000003,19.400000000000002,19.970000000000002,9974,19941381.0,0.0,0,20.000000000000004,0
20170120,1484841600000,19.76,20.700000000000003,19.76,20.560000000000002,11075,22683310.0,0.0,0,19.970000000000002,0
20170123,1485100800000,20.630000000000003,22.62,20.6,22.62,37097,81132679.00000001,0.0,0,20.560000000000002,0
20170124,1485187200000,22.96,24.0,22.12,22.7,41244,95441636.0,0.0,0,22.62,0
20170125,1485273600000,22.7,23.490000000000002,22.05,22.45,24729,55961753.0,0.0,0,22.7,0
20170126,1485360000000,22.5,23.49,22.11,23.38,23583,53664598.00000001,0.0,0,22.45,0
20170203,1486051200000,23.18,25.7,22.89,25.54,35964,87134085.0,0.0,0,23.38,0
20170206,1486310400000,25.150000000000002,26.060000000000002,24.53,25.26,46867,118472368.0,0.0,0,25.540000000000003,0
20170207,1486396800000,25.310000000000002,25.37,24.23,24.53,33532,82733684.0,0.0,0,25.26,0
20170208,1486483200000,24.43,24.89,23.96,24.060000000000002,38516,93010669.0,0.0,0,24.53,0
20170209,1486569600000,24.0,24.31,23.66,23.79,42207,101172395.0,0.0,0,24.06,0
20170210,1486656000000,23.87,24.14,23.35,23.67,39127,92914041.0,0.0,0,23.790000000000003,0
20170213,1486915200000,23.67,23.82,23.0,23.3,39032,90962928.99999999,0.0,0,23.67,0
20170214,1487001600000,23.5,23.73,23.19,23.6,35205,82550294.0,0.0,0,23.3,0
20170215,1487088000000,23.54,25.28,23.41,24.61,64330,155616913.00000003,0.0,0,23.6,0
20170216,1487174400000,24.3,24.970000000000002,23.6,23.75,49794,120578067.0,0.0,0,24.610000000000003,0
20170217,1487260800000,23.6,23.6,22.0,22.22,48833,110621424.99999999,0.0,0,23.75,0
20170220,1487520000000,22.240000000000002,22.64,22.03,22.39,17734,39522615.0,0.0,0,22.220000000000002,0
20170221,1487606400000,22.34,22.74,22.18,22.62,19152,43144094.00000001,0.0,0,22.39,0
20170222,1487692800000,22.45,22.8,22.2,22.279999999999998,18338,41058598.0,0.0,0,22.62,0
20170223,1487779200000,22.28,22.439999999999998,22.11,22.4,18771,41753059.0,0.0,0,22.28,0
20170224,1487865600000,22.38,22.54,22.31,22.47,13111,29424656.000000004,0.0,0,22.4,0
20170227,1488124800000,22.47,22.75,22.22,22.29,14334,32215173.0,0.0,0,22.47,0
20170228,1488211200000,22.290000000000003,22.430000000000003,22.150000000000002,22.35,11124,24778473.000000004,0.0,0,22.290000000000003,0
20170301,1488297600000,22.349999999999998,22.45,22.27,22.28,12809,28615357.0,0.0,0,22.349999999999998,0
20170302,1488384000000,22.29,22.36,21.75,21.75,22740,49942423.0,0.0,0,22.28,0
20170303,1488470400000,21.51,22.340000000000003,21.400000000000002,22.21,18741,41191779.99999999,0.0,0,21.750000000000004,0
20170306,1488729600000,22.21,22.590000000000003,22.17,22.44,13811,31029007.000000004,0.0,0,22.21,0
20170307,1488816000000,22.380000000000003,22.6,22.28,22.52,15601,34957879.0,0.0,0,22.44,0
20170308,1488902400000,22.56,22.56,22.13,22.32,14094,31473541.0,0.0,0,22.52,0
20170309,1488988800000,22.2,22.23,21.82,21.98,11999,26316465.0,0.0,0,22.32,0
20170310,1489075200000,22.39,22.450000000000003,21.85,22.020000000000003,10335,22882340.0,0.0,0,21.98,0
20170313,1489334400000,22.2,22.979999999999997,21.81,22.65,25610,57804380.00000001,0.0,0,22.02,0
20170314,1489420800000,22.61,22.79,22.32,22.46,12418,27903946.000000004,0.0,0,22.65,0
20170315,1489507200000,22.68,22.7,22.31,22.419999999999998,9318,20940698.0,0.0,0,22.459999999999997,0
20170316,1489593600000,22.490000000000002,22.66,22.35,22.57,12829,28884020.0,0.0,0,22.42,0
20170317,1489680000000,22.470000000000002,22.900000000000002,22.400000000000002,22.44,17426,39420977.0,0.0,0,22.570000000000004,0
20170320,1489939200000,22.4,22.49,22.13,22.38,13207,29425737.999999996,0.0,0,22.439999999999998,0
20170321,1490025600000,22.240000000000002,22.69,22.240000000000002,22.46,10672,24043704.0,0.0,0,22.380000000000003,0
20170322,1490112000000,22.310000000000002,22.470000000000002,22.080000000000002,22.17,10271,22825759.0,0.0,0,22.46,0
20170323,1490198400000,22.31,22.34,21.82,22.0,12289,27085767.0,0.0,0,22.17,0
20170324,1490284800000,22.0,22.2,21.66,22.19,13134,28721148.0,0.0,0,22.0,0
20170327,1490544000000,22.37,22.46,22.07,22.25,10546,23461301.000000004,0.0,0,22.19,0
20170328,1490630400000,22.250000000000004,22.410000000000004,21.900000000000002,21.970000000000002,8087,17905133.000000004,0.0,0,22.250000000000004,0
20170329,1490716800000,21.830000000000002,22.080000000000002,21.580000000000002,21.6,8552,18627352.999999996,0.0,0,21.970000000000002,0
20170330,1490803200000,21.450000000000003,21.580000000000002,20.69,20.8,15344,32043254.0,0.0,0,21.6,0
20170331,1490889600000,20.71,21.1,20.71,20.93,6064,12660570.0,0.0,0,20.8,0
20170405,1491321600000,20.93,21.8,20.93,21.759999999999998,14507,31280871.0,0.0,0,20.93,0
20170406,1491408000000,21.95,22.169999999999998,21.45,21.88,12982,28408206.999999996,0.0,0,21.759999999999998,0
20170407,1491494400000,21.98,22.62,21.7,22.31,16783,37342241.0,0.0,0,21.88,0
20170410,1491753600000,22.85,22.98,22.1,22.1,26406,59597557.0,0.0,0,22.310000000000002,0
20170411,1491840000000,22.090000000000003,22.400000000000002,21.01,21.700000000000003,17787,38403884.0,0.0,0,22.1,0
20170412,1491926400000,21.5,21.5,20.91,20.97,13929,29491639.999999996,0.0,0,21.7,0
20170413,1492012800000,20.92,21.89,20.92,21.450000000000003,12960,27833906.999999996,0.0,0,20.970000000000002,0
20170414,1492099200000,21.18,21.400000000000002,20.8,21.02,11071,23331677.0,0.0,0,21.45,0
20170417,1492358400000,21.3,21.380000000000003,19.900000000000002,20.48,12091,24776947.0,0.0,0,21.020000000000003,0
20170418,1492444800000,20.48,20.66,20.31,20.389999999999997,7207,14745563.000000002,0.0,0,20.48,0
20170419,1492531200000,20.349999999999998,20.349999999999998,19.7,19.79,9666,19233758.999999996,0.0,0,20.39,0
20170420,1492617600000,20.05,20.09,19.51,20.05,13228,26199446.000000004,0.0,0,19.790000000000003,0
20170421,1492704000000,19.84,20.18,19.55,19.8,8869,17663435.0,0.0,0,20.05,0
20170424,1492963200000,19.700000000000003,19.950000000000003,18.62,19.0,9935,18821456.0,0.0,0,19.8,0
20170425,1493049600000,18.7,19.169999999999998,18.7,18.96,6204,11763978.0,0.0,0,19.0,0
20170426,1493136000000,19.08,19.08,18.52,18.72,9232,17266724.0,0.0,0,18.96,0
20170427,1493222400000,18.69,18.77,17.71,18.73,15541,28412051.0,0.0,0,18.720000000000002,0
20170428,1493308800000,18.41,18.85,18.41,18.78,9828,18374283.0,0.0,0,18.73,0
20170502,1493654400000,18.78,18.87,18.57,18.64,6722,12598023.999999998,0.0,0,18.78,0
20170503,1493740800000,18.7,18.74,18.27,18.3,7822,14459716.0,0.0,0,18.64,0
20170504,1493827200000,18.18,20.13,18.18,20.13,18636,36802033.00000001,0.0,0,18.3,0
20170505,1493913600000,20.900000000000002,21.46,20.240000000000002,20.240000000000002,50214,104777961.0,0.0,0,20.130000000000003,0
20170508,1494172800000,20.64,20.64,19.35,19.41,26820,53074107.0,0.0,0,20.240000000000002,0
20170509,1494259200000,19.25,19.580000000000002,18.78,19.130000000000003,21888,41876903.0,0.0,0,19.41,0
20170510,1494345600000,19.110000000000003,19.3,18.19,18.200000000000003,21716,40834979.0,0.0,0,19.130000000000003,0
20170511,1494432000000,18.17,18.19,17.21,18.19,19038,33849179.0,0.0,0,18.2,0
20170512,1494518400000,18.150000000000002,18.880000000000003,17.830000000000002,18.51,19127,35036119.0,0.0,0,18.19,0
20170515,1494777600000,18.5,18.98,18.1,18.310000000000002,17212,31776832.000000004,0.0,0,18.51,0
20170516,1494864000000,18.05,18.94,17.75,18.9,22190,40567786.0,0.0,0,18.31,0
20170517,1494950400000,18.8,20.79,18.75,20.79,39749,78471078.0,0.0,0,18.9,0
20170518,1495036800000,20.500000000000004,21.740000000000002,20.490000000000002,20.740000000000002,83143,175841404.0,0.0,0,20.790000000000003,0
20170519,1495123200000,20.41,21.200000000000003,20.01,20.110000000000003,37745,77011016.0,0.0,0,20.740000000000002,0
20170522,1495382400000,20.700000000000003,20.75,19.19,19.400000000000002,28809,57581036.00000001,0.0,0,20.110000000000003,0
20170523,1495468800000,19.07,19.89,17.66,18.2,27937,53243160.0,0.0,0,19.4,0
20170524,1495555200000,18.12,19.08,18.0,19.05,28123,52310481.0,0.0,0,18.2,0
20170525,1495641600000,19.35,19.5,18.3,19.5,29709,56355205.00000001,0.0,0,19.05,0
20170526,1495728000000,19.45,19.98,19.21,19.46,22952,44812465.0,0.0,0,19.5,0
20170531,1496160000000,19.73,19.849999999999998,18.7,19.49,23518,45526954.0,0.0,0,19.46,0
20170601,1496246400000,19.21,20.18,19.19,19.220000000000002,29474,58106214.0,0.0,0,19.41,0
20170602,1496332800000,18.61,19.68,18.12,19.42,28109,52809634.00000001,0.0,0,19.220000000000002,0
20170605,1496592000000,19.13,19.96,19.13,19.54,24989,49179316.0,0.0,0,19.419999999999998,0
20170606,1496678400000,19.36,19.740000000000002,19.28,19.41,16028,31251765.0,0.0,0,19.540000000000003,0
20170607,1496764800000,18.8,20.14,18.37,19.89,50442,97309467.00000001,0.0,0,19.41,0
20170608,1496851200000,19.64,20.03,19.490000000000002,19.520000000000003,32071,63012105.99999999,0.0,0,19.89,0
20170609,1496937600000,19.49,19.49,18.72,19.02,29731,56394291.0,0.0,0,19.52,0
20170612,1497196800000,18.630000000000003,18.900000000000002,18.400000000000002,18.44,18463,34395319.99999999,0.0,0,19.020000000000003,0
20170613,1497283200000,18.400000000000002,18.87,18.400000000000002,18.770000000000003,15278,28632309.0,0.0,0,18.44,0
20170614,1497369600000,18.77,19.0,18.55,18.57,10754,20110235.000000004,0.0,0,18.77,0
20170615,1497456000000,18.57,19.18,18.5,18.99,21575,40903804.0,0.0,0,18.57,0
20170616,1497542400000,18.900000000000002,19.38,18.8,19.3,21719,41639634.0,0.0,0,18.990000000000002,0
20170619,1497801600000,19.200000000000003,19.410000000000004,18.900000000000002,19.21,15262,29187743.000000004,0.0,0,19.3,0
20170620,1497888000000,19.39,19.39,18.900000000000002,19.000000000000004,14022,26834690.0,0.0,0,19.21,0
20170621,1497974400000,19.0,19.060000000000002,18.6,18.8,12860,24159789.0,0.0,0,19.0,0
20170622,1498060800000,18.830000000000002,18.880000000000003,18.35,18.560000000000002,12676,23595937.000000004,0.0,0,18.8,0
20170623,1498147200000,18.92,18.92,18.23,18.59,8740,16139332.0,0.0,0,18.56,0
20170626,1498406400000,18.580000000000002,18.75,18.28,18.700000000000003,10909,20209579.0,0.0,0,18.59,0
20170627,1498492800000,18.52,18.75,18.5,18.53,7523,14002555.0,0.0,0,18.7,0
20170628,1498579200000,18.5,18.5,18.12,18.220000000000002,9441,17233464.0,0.0,0,18.53,0
20170629,1498665600000,18.17,18.360000000000003,18.1,18.220000000000002,9877,17998006.999999996,0.0,0,18.220000000000002,0
20170630,1498752000000,18.16,18.21,17.85,18.21,11386,20515342.0,0.0,0,18.220000000000002,0
20170703,1499011200000,18.28,18.28,18.14,18.23,7663,13956068.999999998,0.0,0,18.21,0
20170704,1499097600000,18.22,18.23,18.02,18.22,6798,12331170.000000002,0.0,0,18.23,0
20170705,1499184000000,18.09,18.33,18.09,18.23,10770,19622663.000000004,0.0,0,18.22,0
20170706,1499270400000,18.28,18.450000000000003,18.17,18.240000000000002,9560,17470889.0,0.0,0,18.23,0
20170707,1499356800000,18.3,18.3,18.16,18.22,8436,15368344.0,0.0,0,18.24,0
20170710,1499616000000,18.400000000000002,18.400000000000002,18.01,18.21,11093,20096104.0,0.0,0,18.220000000000002,0
20170711,1499702400000,18.19,18.2,18.02,18.2,9441,17091424.999999996,0.0,0,18.21,0
20170712,1499788800000,18.22,18.22,17.88,18.2,7932,14339969.000000002,0.0,0,18.2,0
20170713,1499875200000,18.15,18.2,18.06,18.189999999999998,6831,12394851.0,0.0,0,18.2,0
20170714,1499961600000,18.250000000000004,18.250000000000004,18.150000000000002,18.250000000000004,7406,13491294.0,0.0,0,18.19,0
20170717,1500220800000,18.28,18.59,16.95,18.0,27326,48711527.0,0.0,0,18.25,0
20170718,1500307200000,16.95,18.0,16.95,18.0,15336,26981297.000000004,0.0,0,18.0,0
20170719,1500393600000,17.8,17.98,17.55,17.98,8708,15507491.0,0.0,0,18.0,0
20170720,1500480000000,17.96,17.990000000000002,17.67,17.96,12248,21900703.0,0.0,0,17.98,0
20170721,1500566400000,17.8,17.96,17.78,17.93,7816,13968331.999999998,0.0,0,17.96,0
20170724,1500825600000,17.71,17.87,17.6,17.87,8259,14641664.000000002,0.0,0,17.93,0
20170725,1500912000000,17.86,17.86,17.64,17.830000000000002,5684,10091758.0,0.0,0,17.87,0
20170726,1500998400000,17.78,17.790000000000003,17.62,17.720000000000002,5957,10532659.0,0.0,0,17.830000000000002,0
20170727,1501084800000,17.68,18.349999999999998,17.36,18.25,27756,49729331.0,0.0,0,17.72,0
20170728,1501171200000,18.1,18.18,17.8,17.8,13361,23991829.0,0.0,0,18.25,0
20170731,1501430400000,17.85,17.900000000000002,17.44,17.720000000000002,14335,25215849.0,0.0,0,17.8,0
20170801,1501516800000,17.6,17.77,17.53,17.68,9009,15875238.000000002,0.0,0,17.720000000000002,0
20170802,1501603200000,17.630000000000003,17.67,17.400000000000002,17.67,11389,19981535.0,0.0,0,17.680000000000003,0
20170803,1501689600000,17.57,17.709999999999997,17.47,17.669999999999998,11300,19930429.0,0.0,0,17.669999999999998,0
20170804,1501776000000,17.52,17.68,17.41,17.66,12435,21792670.0,0.0,0,17.67,0
20170807,1502035200000,17.549999999999997,17.709999999999997,17.47,17.64,6992,12314393.0,0.0,0,17.66,0
20170808,1502121600000,17.64,17.7,17.54,17.64,9452,16677173.999999998,0.0,0,17.64,0
20170809,1502208000000,17.69,17.69,17.5,17.62,7340,12922806.000000002,0.0,0,17.64,0
20170810,1502294400000,17.52,17.67,17.41,17.6,11231,19732462.0,0.0,0,17.62,0
20170811,1502380800000,17.44,17.580000000000002,17.41,17.55,9076,15874755.000000002,0.0,0,17.6,0
20170814,1502640000000,17.55,19.2,17.55,18.27,52170,95018527.00000001,0.0,0,17.55,0
20170815,1502726400000,18.39,18.45,17.95,18.11,25540,46183072.0,0.0,0,18.27,0
20170816,1502812800000,17.900000000000002,18.290000000000003,17.900000000000002,18.150000000000002,21526,39065149.0,0.0,0,18.110000000000003,0
20170817,1502899200000,18.11,18.290000000000003,18.03,18.18,15410,28028406.0,0.0,0,18.150000000000002,0
20170818,1502985600000,18.04,18.349999999999998,18.04,18.119999999999997,15118,27537360.0,0.0,0,18.18,0
20170821,1503244800000,18.150000000000002,18.200000000000003,18.03,18.130000000000003,11291,20469121.999999996,0.0,0,18.12,0
20170822,1503331200000,18.15,18.18,17.95,17.96,9477,17116298.0,0.0,0,18.13,0
20170823,1503417600000,17.950000000000003,18.78,17.94,18.23,25335,46542602.0,0.0,0,17.96,0
20170824,1503504000000,18.27,19.09,18.11,18.65,42195,78898703.0,0.0,0,18.23,0
20170825,1503590400000,18.54,18.68,18.31,18.669999999999998,25211,46649091.0,0.0,0,18.65,0
20170828,1503849600000,18.56,19.049999999999997,18.56,18.86,28584,53859695.0,0.0,0,18.669999999999998,0
20170829,1503936000000,18.86,18.93,18.62,18.68,16680,31241520.000000004,0.0,0,18.86,0
20170830,1504022400000,18.6,18.790000000000003,18.42,18.55,13726,25438886.0,0.0,0,18.680000000000003,0
20170831,1504108800000,18.5,18.69,18.41,18.61,9244,17154956.999999996,0.0,0,18.55,0
20170901,1504195200000,18.580000000000002,18.69,18.490000000000002,18.64,10087,18759925.000000004,0.0,0,18.610000000000003,0
20170904,1504454400000,18.73,18.950000000000003,18.650000000000002,18.76,16573,31149411.999999996,0.0,0,18.64,0
20170905,1504540800000,18.76,19.29,18.5,19.0,32865,62240871.0,0.0,0,18.76,0
20170906,1504627200000,18.930000000000003,19.03,18.740000000000002,18.94,17451,32934657.999999996,0.0,0,19.000000000000004,0
20170907,1504713600000,18.92,19.000000000000004,18.580000000000002,18.610000000000003,21968,41370252.0,0.0,0,18.94,0
20170908,1504800000000,18.6,18.66,18.28,18.35,17834,32813964.0,0.0,0,18.61,0
20170911,1505059200000,18.53,18.53,18.1,18.310000000000002,11263,20597117.999999996,0.0,0,18.35,0
20170912,1505145600000,18.45,18.45,18.2,18.259999999999998,11404,20874322.0,0.0,0,18.31,0
20170913,1505232000000,18.21,18.419999999999998,18.04,18.32,13019,23807752.0,0.0,0,18.259999999999998,0
20170914,1505318400000,18.36,18.41,18.03,18.080000000000002,13422,24363769.0,0.0,0,18.32,0
20170915,1505404800000,18.14,18.2,18.07,18.17,6131,11113583.0,0.0,0,18.080000000000002,0
20170918,1505664000000,18.130000000000003,18.28,18.1,18.28,7506,13662502.0,0.0,0,18.17,0
20170919,1505750400000,18.3,18.34,18.16,18.2,8145,14865491.000000002,0.0,0,18.28,0
20170920,1505836800000,18.14,18.490000000000002,18.12,18.37,10479,19236811.0,0.0,0,18.2,0
20170921,1505923200000,18.37,18.4,18.07,18.11,9268,16905446.0,0.0,0,18.37,0
20170922,1506009600000,18.1,18.32,18.03,18.25,7710,14012196.000000002,0.0,0,18.11,0
20170925,1506268800000,18.220000000000002,18.470000000000002,18.1,18.150000000000002,6974,12779830.999999998,0.0,0,18.25,0
20170926,1506355200000,18.130000000000003,18.290000000000003,17.650000000000002,17.700000000000003,12564,22448055.0,0.0,0,18.150000000000002,0
20170927,1506441600000,17.599999999999998,17.84,17.54,17.73,6599,11682626.999999998,0.0,0,17.7,0
20170928,1506528000000,17.830000000000002,18.080000000000002,17.73,17.85,8062,14447693.000000002,0.0,0,17.73,0
20170929,1506614400000,18.03,18.12,17.82,17.98,5849,10507088.000000002,0.0,0,17.85,0
20171009,1507478400000,17.98,17.98,17.98,17.98,0,0.0,0.0,0,17.98,1
20171010,1507564800000,17.98,17.98,17.98,17.98,0,0.0,0.0,0,17.98,1
20171011,1507651200000,17.98,17.98,17.98,17.98,0,0.0,0.0,0,17.98,1
20171012,1507737600000,17.98,17.98,17.98,17.98,0,0.0,0.0,0,17.98,1
20171013,1507824000000,17.98,17.98,17.98,17.98,0,0.0,0.0,0,17.98,1
20171016,1508083200000,17.98,17.98,17.98,17.98,0,0.0,0.0,0,17.98,1
20171017,1508169600000,17.98,17.98,17.98,17.98,0,0.0,0.0,0,17.98,1
20171018,1508256000000,17.98,17.98,17.98,17.98,0,0.0,0.0,0,17.98,1
20171019,1508342400000,17.98,17.98,17.98,17.98,0,0.0,0.0,0,17.98,1
20171020,1508428800000,17.98,17.98,17.98,17.98,0,0.0,0.0,0,17.98,1
20171023,1508688000000,17.98,17.98,17.98,17.98,0,0.0,0.0,0,17.98,1
20171024,1508774400000,17.98,17.98,17.98,17.98,0,0.0,0.0,0,17.98,1
20171025,1508860800000,17.98,17.98,17.98,17.98,0,0.0,0.0,0,17.98,1
20171026,1508947200000,17.98,17.98,17.98,17.98,0,0.0,0.0,0,17.98,1
20171027,1509033600000,17.98,17.98,17.98,17.98,0,0.0,0.0,0,17.98,1
20171030,1509292800000,17.98,17.98,17.98,17.98,0,0.0,0.0,0,17.98,1
20171031,1509379200000,17.98,17.98,17.98,17.98,0,0.0,0.0,0,17.98,1
20171101,1509465600000,17.98,17.98,17.98,17.98,0,0.0,0.0,0,17.98,1
20171102,1509552000000,17.98,17.98,17.98,17.98,0,0.0,0.0,0,17.98,1
20171103,1509638400000,17.98,17.98,17.98,17.98,0,0.0,0.0,0,17.98,1
20171106,1509897600000,17.98,17.98,17.98,17.98,0,0.0,0.0,0,17.98,1
20171107,1509984000000,17.98,17.98,17.98,17.98,0,0.0,0.0,0,17.98,1
20171108,1510070400000,17.98,17.98,17.98,17.98,0,0.0,0.0,0,17.98,1
20171109,1510156800000,17.98,17.98,17.98,17.98,0,0.0,0.0,0,17.98,1
20171110,1510243200000,17.98,17.98,17.98,17.98,0,0.0,0.0,0,17.98,1
20171113,1510502400000,17.98,17.98,17.98,17.98,0,0.0,0.0,0,17.98,1
20171114,1510588800000,17.98,17.98,17.98,17.98,0,0.0,0.0,0,17.98,1
20171115,1510675200000,17.98,17.98,17.98,17.98,0,0.0,0.0,0,17.98,1
20171116,1510761600000,17.98,17.98,17.98,17.98,0,0.0,0.0,0,17.98,1
20171117,1510848000000,17.5,19.78,17.16,18.07,45590,85179026.00000001,0.0,0,17.98,0
20171120,1511107200000,17.5,17.5,16.26,17.03,30815,51450652.00000001,0.0,0,18.07,0
20171121,1511193600000,16.650000000000002,16.840000000000003,16.080000000000002,16.200000000000003,17736,29130162.0,0.0,0,17.03,0
20171122,1511280000000,16.2,16.59,15.73,15.780000000000001,14546,23303447.0,0.0,0,16.2,0
20171123,1511366400000,15.62,16.31,15.6,15.87,12817,20527124.0,0.0,0,15.78,0
20171124,1511452800000,15.870000000000001,16.02,15.610000000000001,15.870000000000001,5373,8485293.0,0.0,0,15.870000000000001,0
20171127,1511712000000,16.11,16.3,15.85,15.969999999999999,6500,10457842.0,0.0,0,15.87,0
20171128,1511798400000,15.92,16.07,15.85,15.969999999999999,5240,8357046.999999999,0.0,0,15.969999999999999,0
20171129,1511884800000,16.12,16.12,15.6,15.78,6331,9974954.0,0.0,0,15.969999999999999,0
20171130,1511971200000,15.780000000000001,15.850000000000001,15.540000000000001,15.780000000000001,5428,8519847.0,0.0,0,15.780000000000001,0
20171201,1512057600000,15.65,15.9,15.620000000000001,15.8,4646,7338467.0,0.0,0,15.780000000000001,0
20171204,1512316800000,15.799999999999999,15.85,15.51,15.78,10052,15730554.0,0.0,0,15.799999999999999,0
20171205,1512403200000,15.64,15.790000000000001,15.21,15.790000000000001,13231,20569987.000000004,0.0,0,15.780000000000001,0
20171206,1512489600000,15.64,15.8,15.280000000000001,15.790000000000001,20406,31709318.0,0.0,0,15.790000000000001,0
20171207,1512576000000,15.55,15.88,15.540000000000001,15.790000000000001,11803,18547735.0,0.0,0,15.790000000000001,0
20171208,1512662400000,15.7,16.5,15.6,15.91,14920,23911458.000000004,0.0,0,15.79,0
20171211,1512921600000,15.78,15.98,15.67,15.87,8398,13288807.0,0.0,0,15.91,0
20171212,1513008000000,15.78,15.9,15.67,15.84,6755,10654008.0,0.0,0,15.87,0
20171213,1513094400000,15.71,15.850000000000001,15.530000000000001,15.8,16667,26196043.000000004,0.0,0,15.840000000000002,0
20171214,1513180800000,15.740000000000002,15.81,15.610000000000001,15.81,7823,12308485.0,0.0,0,15.8,0
20171215,1513267200000,15.77,16.58,15.68,16.18,17189,27940983.0,0.0,0,15.81,0
20171218,1513526400000,16.3,16.3,16.0,16.13,7608,12273303.0,0.0,0,16.18,0
20171219,1513612800000,16.05,16.05,15.71,15.790000000000001,9215,14585731.0,0.0,0,16.130000000000003,0
20171220,1513699200000,15.790000000000001,15.840000000000002,15.38,15.81,9414,14730894.0,0.0,0,15.790000000000001,0
20171221,1513785600000,15.72,15.840000000000002,15.610000000000001,15.780000000000001,4328,6812550.000000001,0.0,0,15.81,0
20171222,1513872000000,15.760000000000002,15.8,15.620000000000001,15.790000000000001,4838,7598802.0,0.0,0,15.780000000000001,0
20171225,1514131200000,15.700000000000001,15.770000000000001,15.370000000000001,15.690000000000001,8140,12664345.0,0.0,0,15.790000000000001,0
20171226,1514217600000,15.590000000000002,15.72,15.370000000000001,15.64,6381,9930000.0,0.0,0,15.690000000000001,0
20171227,1514304000000,15.64,15.680000000000001,15.540000000000001,15.65,3466,5415391.000000001,0.0,0,15.64,0
20171228,1514390400000,15.57,15.700000000000001,15.57,15.66,5268,8246759.0,0.0,0,15.65,0
20171229,1514476800000,15.58,16.01,15.55,15.790000000000001,17342,27412036.000000004,0.0,0,15.66,0
20180102,1514822400000,15.790000000000001,16.46,15.63,16.05,25996,42052697.0,0.0,0,15.790000000000001,0
20180103,1514908800000,16.05,16.130000000000003,15.71,15.83,27410,43409402.0,0.0,0,16.05,0
20180104,1514995200000,15.8,15.81,15.620000000000001,15.64,11901,18689890.0,0.0,0,15.830000000000002,0
20180105,1515081600000,15.59,15.98,15.55,15.92,15904,25083037.999999996,0.0,0,15.64,0
20180108,1515340800000,15.76,15.979999999999999,15.69,15.719999999999999,9593,15133668.000000002,0.0,0,15.92,0
20180109,1515427200000,15.68,15.88,15.65,15.700000000000001,7718,12123502.000000002,0.0,0,15.72,0
20180110,1515513600000,15.610000000000001,15.73,15.55,15.67,8388,13113279.0,0.0,0,15.700000000000001,0
20180111,1515600000000,15.67,15.74,15.52,15.69,7186,11273844.999999998,0.0,0,15.67,0
20180112,1515686400000,15.73,15.74,15.58,15.62,11644,18203912.0,0.0,0,15.69,0
20180115,1515945600000,15.74,15.74,14.75,14.77,15326,23298880.0,0.0,0,15.62,0
20180116,1516032000000,14.73,14.89,14.57,14.700000000000001,9407,13848204.000000002,0.0,0,14.77,0
20180117,1516118400000,14.65,14.77,14.23,14.700000000000001,13110,18921687.0,0.0,0,14.700000000000001,0
20180118,1516204800000,14.58,14.680000000000001,14.3,14.680000000000001,16774,24298105.0,0.0,0,14.700000000000001,0
20180119,1516291200000,14.59,14.82,14.47,14.64,8401,12331722.0,0.0,0,14.680000000000001,0
20180122,1516550400000,14.43,14.76,14.43,14.59,6884,10047026.0,0.0,0,14.64,0
20180123,1516636800000,14.530000000000001,14.680000000000001,14.530000000000001,14.590000000000002,7411,10814558.0,0.0,0,14.590000000000002,0
20180124,1516723200000,14.64,14.72,14.55,14.64,11070,16216668.0,0.0,0,14.59,0
20180125,1516809600000,15.0,15.020000000000001,14.64,14.700000000000001,17668,26157016.0,0.0,0,14.64,0
20180126,1516896000000,14.61,14.77,14.61,14.68,8207,12061505.000000002,0.0,0,14.7,0
20180129,1517155200000,14.8,14.8,14.41,14.59,7705,11229187.0,0.0,0,14.68,0
20180130,1517241600000,14.52,14.68,14.48,14.59,5710,8316226.0,0.0,0,14.59,0
20180131,1517328000000,15.15,15.15,14.68,14.68,21180,31406782.0,0.0,0,14.59,0
20180201,1517414400000,14.64,14.74,13.98,14.59,16928,24249081.0,0.0,0,14.68,0
20180202,1517500800000,14.51,14.59,14.1,14.59,13075,18749738.0,0.0,0,14.59,0
20180205,1517760000000,14.41,14.59,14.26,14.59,8741,12629251.0,0.0,0,14.59,0
20180206,1517846400000,14.430000000000001,14.430000000000001,13.71,14.370000000000001,17419,24818521.0,0.0,0,14.590000000000002,0
20180207,1517932800000,14.280000000000001,14.49,13.71,14.370000000000001,16848,23848868.999999996,0.0,0,14.370000000000001,0
20180208,1518019200000,14.21,14.370000000000001,14.06,14.370000000000001,13346,19010498.0,0.0,0,14.370000000000001,0
20180209,1518105600000,14.190000000000001,14.370000000000001,13.88,14.370000000000001,16328,23146169.0,0.0,0,14.370000000000001,0
20180212,1518364800000,14.15,14.48,14.15,14.450000000000001,11583,16637944.0,0.0,0,14.370000000000001,0
20180213,1518451200000,14.4,14.46,14.290000000000001,14.340000000000002,11658,16724809.999999998,0.0,0,14.450000000000001,0
20180214,1518537600000,14.27,14.29,14.02,14.29,9422,13330676.0,0.0,0,14.34,0
20180222,1519228800000,14.209999999999999,14.309999999999999,14.19,14.29,9263,13209666.0,0.0,0,14.29,0
20180223,1519315200000,14.290000000000001,14.290000000000001,14.16,14.290000000000001,5729,8157801.0,0.0,0,14.290000000000001,0
20180226,1519574400000,14.280000000000001,14.680000000000001,14.21,14.510000000000002,21217,30615597.000000004,0.0,0,14.290000000000001,0
20180227,1519660800000,14.49,14.69,14.44,14.58,16603,24176688.0,0.0,0,14.51,0
20180228,1519747200000,14.45,15.23,14.42,14.85,44556,66146919.0,0.0,0,14.58,0
20180301,1519833600000,14.68,14.96,14.66,14.94,23755,35340628.00000001,0.0,0,14.85,0
20180302,1519920000000,14.94,14.95,14.77,14.86,17288,25725040.0,0.0,0,14.94,0
20180305,1520179200000,14.780000000000001,16.3,14.780000000000001,15.900000000000002,51423,80174017.0,0.0,0,14.860000000000001,0
20180306,1520265600000,15.9,15.9,15.5,15.6,34504,53985661.00000001,0.0,0,15.9,0
20180307,1520352000000,15.59,15.59,15.36,15.44,17326,26745301.0,0.0,0,15.6,0
20180308,1520438400000,15.44,15.7,15.26,15.629999999999999,19684,30556336.000000004,0.0,0,15.44,0
20180309,1520524800000,15.65,15.8,15.38,15.8,25352,39665336.00000001,0.0,0,15.63,0
20180312,1520784000000,15.950000000000001,16.14,15.65,15.74,27837,44179324.0,0.0,0,15.8,0
20180313,1520870400000,15.68,15.95,15.52,15.639999999999999,18164,28565078.000000004,0.0,0,15.74,0
20180314,1520956800000,15.590000000000002,15.850000000000001,15.450000000000001,15.450000000000001,12234,19096460.0,0.0,0,15.64,0
20180315,1521043200000,15.48,15.57,15.08,15.22,15981,24470891.0,0.0,0,15.45,0
20180316,1521129600000,15.27,15.379999999999999,15.18,15.23,10296,15738563.0,0.0,0,15.219999999999999,0
20180319,1521388800000,15.25,15.55,15.15,15.38,10811,16662022.0,0.0,0,15.23,0
20180320,1521475200000,15.34,15.469999999999999,15.19,15.42,10139,15556698.0,0.0,0,15.379999999999999,0
20180321,1521561600000,15.500000000000002,15.670000000000002,15.120000000000001,15.180000000000001,12788,19740968.0,0.0,0,15.420000000000002,0
20180322,1521648000000,15.12,15.229999999999999,14.86,14.879999999999999,13166,19760187.999999996,0.0,0,15.18,0
20180323,1521734400000,14.3,14.56,13.73,13.91,20962,29602679.0,0.0,0,14.88,0
20180326,1521993600000,13.83,13.9,13.31,13.9,10712,14723038.000000002,0.0,0,13.91,0
20180327,1522080000000,13.99,14.44,13.99,14.28,13636,19458163.0,0.0,0,13.9,0
20180328,1522166400000,14.11,14.84,14.11,14.59,16076,23455118.999999996,0.0,0,14.28,0
20180329,1522252800000,14.709999999999999,14.82,14.44,14.67,10788,15763760.0,0.0,0,14.59,0
20180330,1522339200000,14.76,15.67,14.58,15.58,27082,41264077.0,0.0,0,14.67,0
20180402,1522598400000,16.5,16.830000000000002,15.81,16.150000000000002,66717,108900179.99999999,0.0,0,15.58,0
20180403,1522684800000,16.110000000000003,16.650000000000002,16.01,16.16,32072,52246217.00000001,0.0,0,16.150000000000002,0
20180404,1522771200000,16.5,17.25,16.36,16.759999999999998,60480,102357093.00000001,0.0,0,16.16,0
20180409,1523203200000,16.7,18.44,16.68,18.44,91596,165072476.0,0.0,0,16.759999999999998,0
20180410,1523289600000,18.03,19.26,18.03,18.48,64942,120297409.0,0.0,0,18.44,0
20180411,1523376000000,18.6,19.0,18.16,19.0,43878,81518453.00000001,0.0,0,18.48,0
20180412,1523462400000,18.82,18.880000000000003,18.28,18.64,30825,57348625.0,0.0,0,19.0,0
20180413,1523548800000,18.509999999999998,18.599999999999998,18.02,18.23,25836,47031382.0,0.0,0,18.64,0
20180416,1523808000000,18.25,18.49,18.04,18.34,21269,38937529.0,0.0,0,18.23,0
20180417,1523894400000,18.41,18.6,17.78,18.39,31130,56572847.00000001,0.0,0,18.34,0
20180418,1523980800000,18.36,18.57,17.82,18.31,22361,40642023.00000001,0.0,0,18.39,0
20180419,1524067200000,18.1,18.44,18.03,18.16,20147,36771180.0,0.0,0,18.310000000000002,0
20180420,1524153600000,18.09,18.18,16.88,17.279999999999998,40367,70060316.0,0.0,0,18.16,0
20180423,1524412800000,17.37,17.6,16.830000000000002,17.130000000000003,17119,29444923.0,0.0,0,17.28,0
20180424,1524499200000,17.25,17.98,17.14,17.84,19946,35185239.0,0.0,0,17.13,0
20180425,1524585600000,17.830000000000002,18.5,17.64,17.79,19672,35357178.0,0.0,0,17.84,0
20180426,1524672000000,17.79,18.0,17.5,17.63,17821,31645859.0,0.0,0,17.79,0
20180427,1524758400000,17.73,18.150000000000002,17.62,17.85,16575,29564545.0,0.0,0,17.630000000000003,0
20180502,1525190400000,17.95,19.1,17.84,18.97,43011,80700452.0,0.0,0,17.85,0
20180503,1525276800000,18.96,19.57,18.55,19.25,43016,82187303.0,0.0,0,18.970000000000002,0
20180504,1525363200000,19.020000000000003,19.35,18.650000000000002,19.040000000000003,26994,51241829.0,0.0,0,19.250000000000004,0
20180507,1525622400000,19.14,19.580000000000002,19.07,19.330000000000002,31721,61223654.0,0.0,0,19.04,0
20180508,1525708800000,19.400000000000002,19.400000000000002,18.69,18.75,32120,60934672.0,0.0,0,19.330000000000002,0
20180509,1525795200000,18.810000000000002,19.070000000000004,18.650000000000002,18.900000000000002,29813,56179299.0,0.0,0,18.750000000000004,0
20180510,1525881600000,18.9,18.96,18.41,18.65,31026,57719139.0,0.0,0,18.9,0
20180511,1525968000000,18.56,18.71,18.0,18.09,22432,40915631.0,0.0,0,18.65,0
20180514,1526227200000,18.05,18.55,18.05,18.16,17346,31803260.0,0.0,0,18.09,0
20180515,1526313600000,18.16,18.669999999999998,18.11,18.439999999999998,19207,35476246.0,0.0,0,18.16,0
20180516,1526400000000,18.560000000000002,18.720000000000002,17.96,17.96,32248,59226115.0,0.0,0,18.44,0
20180517,1526486400000,17.95,18.67,17.5,18.57,34939,64253294.0,0.0,0,17.96,0
20180518,1526572800000,18.52,18.96,18.39,18.57,27484,51311562.00000001,0.0,0,18.57,0
20180521,1526832000000,19.19,20.42,18.78,19.01,80079,155496333.0,0.0,0,18.57,0
20180522,1526918400000,19.0,19.09,18.6,18.98,35348,66613356.0,0.0,0,19.01,0
20180523,1527004800000,18.96,18.96,18.23,18.28,38106,70239507.0,0.0,0,18.98,0
20180524,1527091200000,18.330000000000002,18.650000000000002,18.26,18.39,19217,35493814.0,0.0,0,18.28,0
20180525,1527177600000,18.25,18.55,17.53,17.720000000000002,28159,50308365.00000001,0.0,0,18.39,0
20180528,1527436800000,17.8,18.07,17.48,17.72,15789,28154434.000000004,0.0,0,17.72,0
20180529,1527523200000,17.700000000000003,17.96,17.6,17.73,11977,21263627.0,0.0,0,17.720000000000002,0
20180530,1527609600000,17.32,17.73,17.17,17.340000000000003,22966,40002066.0,0.0,0,17.73,0
20180531,1527696000000,17.7,17.75,16.8,17.03,22883,39024173.0,0.0,0,17.34,0
20180601,1527782400000,16.830000000000002,17.16,16.53,16.740000000000002,18487,31157946.0,0.0,0,17.03,0
20180604,1528041600000,16.79,17.4,16.63,17.349999999999998,16728,28617451.0,0.0,0,16.74,0
20180605,1528128000000,17.26,17.740000000000002,17.26,17.610000000000003,14203,24948619.0,0.0,0,17.35,0
20180606,1528214400000,17.5,17.740000000000002,17.42,17.66,9331,16441271.0,0.0,0,17.610000000000003,0
20180607,1528300800000,17.76,17.91,17.5,17.62,8962,15813822.0,0.0,0,17.66,0
20180608,1528387200000,17.599999999999998,17.599999999999998,16.9,16.979999999999997,10583,18113107.0,0.0,0,17.619999999999997,0
20180611,1528646400000,16.96,18.68,16.8,18.57,42169,76827125.0,0.0,0,16.98,0
20180612,1528732800000,18.5,18.560000000000002,17.89,18.28,33116,60228726.0,0.0,0,18.57,0
20180613,1528819200000,18.2,18.2,17.62,17.71,17590,31513407.0,0.0,0,18.28,0
20180614,1528905600000,17.66,18.200000000000003,17.51,17.900000000000002,17812,31976955.0,0.0,0,17.71,0
20180615,1528992000000,17.93,18.02,17.05,17.25,19869,34548677.0,0.0,0,17.900000000000002,0
20180619,1529337600000,16.700000000000003,16.990000000000002,15.530000000000001,15.530000000000001,25265,40659354.00000001,0.0,0,17.25,0
20180620,1529424000000,15.530000000000001,16.16,15.32,15.98,17162,27081461.0,0.0,0,15.42,0
20180621,1529510400000,15.7,16.12,15.68,15.79,13740,21838292.0,0.0,0,15.98,0
20180622,1529596800000,15.66,16.34,15.52,16.11,9169,14708475.0,0.0,0,15.79,0
20180625,1529856000000,16.33,16.55,16.25,16.38,11679,19181317.0,0.0,0,16.11,0
20180626,1529942400000,16.15,16.58,16.02,16.55,8458,13854238.0,0.0,0,16.38,0
20180627,1530028800000,16.509999999999998,16.63,16.31,16.419999999999998,7886,12939588.0,0.0,0,16.549999999999997,0
20180628,1530115200000,16.38,16.66,15.8,15.83,10298,16700630.000000002,0.0,0,16.42,0
20180629,1530201600000,15.98,16.69,15.77,16.62,13275,21883200.0,0.0,0,15.83,0
20180702,1530460800000,16.62,16.67,15.99,16.22,25894,42028339.0,0.0,0,16.62,0
20180703,1530547200000,16.21,16.44,15.8,16.38,20254,32640185.0,0.0,0,16.220000000000002,0
20180704,1530633600000,16.330000000000002,16.330000000000002,15.610000000000001,15.700000000000001,17251,27366937.0,0.0,0,16.380000000000003,0
20180705,1530720000000,15.68,15.959999999999999,15.52,15.76,14388,22660460.0,0.0,0,15.7,0
20180706,1530806400000,15.75,15.76,15.0,15.35,22383,34528555.0,0.0,0,15.76,0
20180709,1531065600000,15.37,16.08,15.34,15.94,14346,22720801.0,0.0,0,15.35,0
20180710,1531152000000,16.1,16.28,15.91,16.24,12472,20135994.0,0.0,0,15.94,0
20180711,1531238400000,16.150000000000002,16.150000000000002,15.63,15.950000000000001,12790,20323620.0,0.0,0,16.240000000000002,0
20180712,1531324800000,15.9,16.59,15.85,16.47,21171,34609717.0,0.0,0,15.95,0
20180713,1531411200000,16.470000000000002,16.950000000000003,16.42,16.770000000000003,19500,32646016.0,0.0,0,16.470000000000002,0
20180716,1531670400000,16.95,16.99,16.45,16.81,23259,38981007.0,0.0,0,16.77,0
20180717,1531756800000,16.83,16.88,16.52,16.83,14419,24099471.0,0.0,0,16.81,0
20180718,1531843200000,16.83,17.4,16.75,17.03,21546,36895390.0,0.0,0,16.83,0
20180719,1531929600000,16.9,17.15,16.54,16.61,14845,24911305.000000004,0.0,0,17.029999999999998,0
20180720,1532016000000,16.61,17.27,16.5,17.06,25121,42816528.0,0.0,0,16.61,0
20180723,1532275200000,17.06,17.99,15.35,17.08,39364,68059373.0,0.0,0,17.06,0
20180724,1532361600000,16.88,17.080000000000002,16.55,17.0,31251,52821531.0,0.0,0,17.080000000000002,0
20180725,1532448000000,17.04,17.29,16.77,16.89,20132,34213865.0,0.0,0,17.0,0
20180726,1532534400000,16.89,17.67,16.89,17.16,36390,62981575.00000001,0.0,0,16.89,0
20180727,1532620800000,17.240000000000002,17.400000000000002,16.71,16.740000000000002,22469,38259424.0,0.0,0,17.16,0
20180730,1532880000000,16.740000000000002,17.1,16.6,16.790000000000003,15706,26442971.0,0.0,0,16.740000000000002,0
20180731,1532966400000,16.79,16.8,16.14,16.18,22230,36346909.0,0.0,0,16.79,0
20180801,1533052800000,16.28,16.35,15.83,15.88,16088,25918564.0,0.0,0,16.18,0
20180802,1533139200000,15.9,16.05,15.22,15.5,18698,29300245.999999996,0.0,0,15.88,0
20180803,1533225600000,15.600000000000001,15.860000000000001,15.38,15.66,10613,16623545.0,0.0,0,15.5,0
20180806,1533484800000,15.6,15.75,15.31,15.4,11289,17496270.0,0.0,0,15.66,0
20180807,1533571200000,15.48,15.69,15.01,15.6,19689,30356494.000000004,0.0,0,15.4,0
20180808,1533657600000,15.59,15.62,15.18,15.19,14580,22413152.0,0.0,0,15.6,0
20180809,1533744000000,15.1,15.66,15.1,15.389999999999999,12811,19812179.000000004,0.0,0,15.19,0
20180810,1533830400000,15.4,15.69,15.33,15.57,11550,17938300.0,0.0,0,15.39,0
20180813,1534089600000,15.500000000000002,15.610000000000001,15.200000000000001,15.57,10990,16894349.0,0.0,0,15.57,0
20180814,1534176000000,15.46,15.8,15.450000000000001,15.55,9230,14423616.0,0.0,0,15.57,0
20180815,1534262400000,15.660000000000002,15.660000000000002,15.200000000000001,15.21,8423,12966939.0,0.0,0,15.55,0
20180816,1534348800000,14.82,15.08,14.71,14.770000000000001,11979,17824296.0,0.0,0,15.21,0
20180817,1534435200000,14.9,15.07,14.47,14.49,8389,12377896.0,0.0,0,14.770000000000001,0
20180820,1534694400000,14.47,14.78,14.42,14.78,6700,9780454.0,0.0,0,14.49,0
20180821,1534780800000,14.8,14.950000000000001,14.71,14.850000000000001,7696,11427786.0,0.0,0,14.780000000000001,0
20180822,1534867200000,14.850000000000001,15.15,14.8,14.870000000000001,8552,12790717.0,0.0,0,14.850000000000001,0
20180823,1534953600000,14.75,15.08,14.75,14.97,10743,16078669.0,0.0,0,14.87,0
20180824,1535040000000,15.06,15.170000000000002,14.870000000000001,15.020000000000001,10564,15860221.0,0.0,0,14.97,0
20180827,1535299200000,15.110000000000001,15.55,15.030000000000001,15.490000000000002,14753,22670950.0,0.0,0,15.020000000000001,0
20180828,1535385600000,15.55,15.67,15.4,15.63,15111,23518398.000000004,0.0,0,15.49,0
20180829,1535472000000,15.46,15.58,15.24,15.24,13672,21002221.0,0.0,0,15.63,0
20180830,1535558400000,15.31,15.4,14.9,15.0,21942,33048767.000000004,0.0,0,15.24,0
20180831,1535644800000,15.06,15.1,14.67,14.7,13980,20814971.0,0.0,0,15.0,0
20180903,1535904000000,14.5,14.8,14.3,14.540000000000001,11727,17022278.999999996,0.0,0,14.700000000000001,0
20180904,1535990400000,14.580000000000002,15.4,14.450000000000001,15.15,22227,33258918.0,0.0,0,14.540000000000001,0
20180905,1536076800000,15.1,15.200000000000001,14.81,14.83,11418,17164031.0,0.0,0,15.15,0
20180906,1536163200000,14.870000000000001,15.090000000000002,14.780000000000001,14.850000000000001,9915,14791099.000000002,0.0,0,14.830000000000002,0
20180907,1536249600000,14.83,15.149999999999999,14.61,14.799999999999999,8777,13070984.999999998,0.0,0,14.85,0
20180910,1536508800000,14.8,14.8,14.4,14.42,12160,17632452.000000004,0.0,0,14.8,0
20180911,1536595200000,14.4,14.43,14.15,14.26,10318,14722750.000000002,0.0,0,14.42,0
20180912,1536681600000,14.37,14.54,14.17,14.37,7136,10247308.0,0.0,0,14.26,0
20180913,1536768000000,14.700000000000001,14.72,14.4,14.5,9761,14144854.0,0.0,0,14.370000000000001,0
20180914,1536854400000,14.629999999999999,14.629999999999999,14.27,14.4,8861,12812616.0,0.0,0,14.5,0
20180917,1537113600000,14.41,14.440000000000001,13.89,13.950000000000001,11326,15917010.000000002,0.0,0,14.4,0
20180918,1537200000000,13.92,14.25,13.8,14.23,9956,13927906.000000002,0.0,0,13.950000000000001,0
20180919,1537286400000,14.23,14.48,14.07,14.370000000000001,11682,16709411.000000002,0.0,0,14.23,0
20180920,1537372800000,14.3,14.4,14.08,14.2,8928,12683359.0,0.0,0,14.37,0
20180921,1537459200000,14.2,14.51,14.09,14.44,13900,19850578.0,0.0,0,14.2,0
20180925,1537804800000,14.42,14.43,13.99,14.11,17594,24916872.0,0.0,0,14.44,0
20180926,1537891200000,14.18,14.46,14.06,14.38,20822,29756458.0,0.0,0,14.110000000000001,0
20180927,1537977600000,14.330000000000002,14.38,13.950000000000001,14.000000000000002,16055,22648961.0,0.0,0,14.38,0
20180928,1538064000000,14.000000000000002,14.120000000000001,13.950000000000001,14.100000000000001,7533,10580391.0,0.0,0,14.000000000000002,0
20181008,1538928000000,13.930000000000001,13.930000000000001,13.370000000000001,13.4,14107,19252763.0,0.0,0,14.100000000000001,0
20181009,1539014400000,13.48,13.680000000000001,13.370000000000001,13.520000000000001,6422,8661852.0,0.0,0,13.4,0
20181010,1539100800000,13.51,13.85,13.4,13.73,9821,13427924.000000002,0.0,0,13.52,0
20181011,1539187200000,13.35,13.41,12.36,12.53,20455,26319700.0,0.0,0,13.73,0
20181012,1539273600000,12.549999999999999,12.709999999999999,12.11,12.709999999999999,12657,15757279.0,0.0,0,12.53,0
20181015,1539532800000,12.8,12.81,12.07,12.08,29260,36178288.00000001,0.0,0,12.71,0
20181016,1539619200000,12.1,12.22,11.66,11.81,18405,21953775.0,0.0,0,12.08,0
20181017,1539705600000,11.93,12.11,11.53,11.87,16008,19013029.0,0.0,0,11.809999999999999,0
20181018,1539792000000,11.89,11.89,11.55,11.73,11074,12965259.0,0.0,0,11.870000000000001,0
20181019,1539878400000,11.43,12.08,11.35,12.02,18698,21939803.0,0.0,0,11.73,0
20181022,1540137600000,12.13,12.75,12.05,12.520000000000001,25892,32231307.0,0.0,0,12.020000000000001,0
20181023,1540224000000,12.5,12.9,12.3,12.450000000000001,21049,26542644.0,0.0,0,12.520000000000001,0
20181024,1540310400000,12.3,12.57,12.200000000000001,12.350000000000001,11261,13958748.0,0.0,0,12.450000000000001,0
20181025,1540396800000,12.010000000000002,12.180000000000001,11.790000000000001,12.090000000000002,13223,15833299.0,0.0,0,12.350000000000001,0
20181026,1540483200000,12.19,12.57,12.19,12.53,18535,23075099.0,0.0,0,12.09,0
20181029,1540742400000,12.370000000000001,12.430000000000001,12.05,12.07,17589,21456601.0,0.0,0,12.530000000000001,0
20181030,1540828800000,11.86,12.25,11.61,12.16,16775,20028412.0,0.0,0,12.07,0
20181031,1540915200000,12.190000000000001,12.38,12.06,12.270000000000001,13209,16186526.000000002,0.0,0,12.16,0
20181101,1541001600000,12.41,12.440000000000001,12.22,12.23,16698,20609834.999999996,0.0,0,12.270000000000001,0
20181102,1541088000000,12.33,12.86,12.33,12.7,24693,30959161.0,0.0,0,12.23,0
20181105,1541347200000,12.65,13.05,12.530000000000001,12.840000000000002,29200,37356993.0,0.0,0,12.700000000000001,0
20181106,1541433600000,12.7,12.71,12.41,12.6,14404,18068136.0,0.0,0,12.84,0
20181107,1541520000000,12.520000000000001,12.74,12.450000000000001,12.580000000000002,17715,22313034.000000004,0.0,0,12.600000000000001,0
20181108,1541606400000,12.66,12.72,12.5,12.5,10828,13642697.0,0.0,0,12.58,0
20181109,1541692800000,12.5,12.61,12.43,12.51,8891,11154119.999999998,0.0,0,12.5,0
20181112,1541952000000,12.5,12.940000000000001,12.4,12.93,20037,25681184.0,0.0,0,12.51,0
20181113,1542038400000,12.700000000000001,13.340000000000002,12.700000000000001,13.200000000000001,29166,38155118.00000001,0.0,0,12.930000000000001,0
20181114,1542124800000,13.129999999999999,13.35,13.01,13.09,20796,27394177.000000004,0.0,0,13.2,0
20181115,1542211200000,13.120000000000001,13.48,12.96,13.41,18799,24935194.0,0.0,0,13.090000000000002,0
20181116,1542297600000,13.479999999999999,13.67,13.36,13.459999999999999,28767,38878076.00000001,0.0,0,13.41,0
20181119,1542556800000,13.54,13.629999999999999,13.27,13.6,20499,27522981.0,0.0,0,13.459999999999999,0
20181120,1542643200000,13.35,13.450000000000001,12.9,12.950000000000001,19656,26001870.0,0.0,0,13.6,0
20181121,1542729600000,12.870000000000001,13.57,12.72,13.39,18403,24206364.0,0.0,0,12.950000000000001,0
20181122,1542816000000,13.51,13.58,13.17,13.23,17789,23703329.000000004,0.0,0,13.39,0
20181123,1542902400000,13.3,13.3,12.3,12.58,22246,28228594.0,0.0,0,13.23,0
20181126,1543161600000,12.450000000000001,12.66,12.39,12.39,13264,16591156.000000002,0.0,0,12.58,0
20181127,1543248000000,12.43,12.65,12.39,12.49,9255,11597994.999999998,0.0,0,12.39,0
20181128,1543334400000,12.450000000000001,12.63,12.15,12.63,14613,18181232.0,0.0,0,12.49,0
20181129,1543420800000,12.72,12.790000000000001,12.22,12.25,14212,17714505.000000004,0.0,0,12.63,0
20181130,1543507200000,12.26,12.44,12.15,12.35,7924,9743374.999999998,0.0,0,12.25,0
20181203,1543766400000,12.72,12.98,12.59,12.76,19481,24887391.0,0.0,0,12.35,0
20181204,1543852800000,12.77,12.89,12.73,12.85,11379,14582951.000000002,0.0,0,12.76,0
20181205,1543939200000,12.700000000000001,12.770000000000001,12.38,12.700000000000001,11750,14873324.0,0.0,0,12.850000000000001,0
20181206,1544025600000,12.68,12.68,12.42,12.459999999999999,11220,14067600.0,0.0,0,12.7,0
20181207,1544112000000,12.459999999999999,12.65,12.43,12.51,9454,11845021.0,0.0,0,12.459999999999999,0
20181210,1544371200000,12.48,12.48,12.17,12.2,12370,15161743.0,0.0,0,12.51,0
20181211,1544457600000,12.209999999999999,12.32,12.19,12.26,8356,10233985.0,0.0,0,12.2,0
20181212,1544544000000,12.3,12.33,12.22,12.26,7072,8688749.0,0.0,0,12.26,0
20181213,1544630400000,12.350000000000001,12.57,12.13,12.46,15758,19568284.000000004,0.0,0,12.260000000000002,0
20181214,1544716800000,12.36,12.58,12.09,12.15,18120,22489697.000000004,0.0,0,12.459999999999999,0
20181217,1544976000000,12.14,12.28,11.93,12.03,12874,15496917.000000002,0.0,0,12.15,0
20181218,1545062400000,11.99,12.06,11.700000000000001,11.830000000000002,13223,15673467.0,0.0,0,12.030000000000001,0
20181219,1545148800000,11.83,11.92,11.73,11.790000000000001,6412,7590014.000000001,0.0,0,11.83,0
20181220,1545235200000,11.79,11.91,11.68,11.85,6417,7577272.000000001,0.0,0,11.79,0
20181221,1545321600000,11.8,12.02,11.73,11.92,9783,11615057.0,0.0,0,11.85,0
20181224,1545580800000,11.71,12.06,11.71,12.020000000000001,8071,9633670.000000002,0.0,0,11.920000000000002,0
20181225,1545667200000,11.9,11.98,11.55,11.850000000000001,9822,11523887.0,0.0,0,12.020000000000001,0
20181226,1545753600000,11.88,12.02,11.83,11.84,5144,6125351.999999999,0.0,0,11.85,0
20181227,1545840000000,12.020000000000001,12.07,11.700000000000001,11.72,6624,7876587.999999999,0.0,0,11.840000000000002,0
20181228,1545926400000,11.65,11.840000000000002,11.540000000000001,11.680000000000001,5946,6961940.000000001,0.0,0,11.72,0
20190102,1546358400000,11.68,11.81,11.5,11.51,7226,8405291.000000002,0.0,0,11.68,0
20190103,1546444800000,11.53,11.73,11.5,11.62,6471,7520295.000000001,0.0,0,11.51,0
20190104,1546531200000,11.55,12.01,11.41,11.97,10731,12665148.0,0.0,0,11.620000000000001,0
20190107,1546790400000,12.01,12.7,11.91,12.38,23375,28748866.0,0.0,0,11.97,0
20190108,1546876800000,12.270000000000001,12.360000000000001,12.13,12.24,10818,13214904.000000002,0.0,0,12.38,0
20190109,1546963200000,12.26,12.41,12.11,12.11,13177,16156397.0,0.0,0,12.24,0
20190110,1547049600000,12.059999999999999,12.26,12.02,12.129999999999999,8983,10883736.0,0.0,0,12.11,0
20190111,1547136000000,12.6,13.09,12.6,12.84,58979,75756850.0,0.0,0,12.129999999999999,0
20190114,1547395200000,12.74,13.48,12.64,13.200000000000001,51766,67854154.0,0.0,0,12.84,0
20190115,1547481600000,13.18,14.52,13.1,14.52,67212,94059435.0,0.0,0,13.2,0
20190116,1547568000000,14.860000000000001,15.200000000000001,14.05,14.05,100962,148435968.00000003,0.0,0,14.520000000000001,0
20190117,1547654400000,14.09,14.290000000000001,13.72,13.88,57720,80992944.0,0.0,0,14.05,0
20190118,1547740800000,13.87,14.01,13.52,13.65,52190,71561520.0,0.0,0,13.879999999999999,0
20190121,1548000000000,13.790000000000001,13.790000000000001,13.49,13.58,35389,48256174.0,0.0,0,13.65,0
20190122,1548086400000,13.6,13.85,13.52,13.66,28178,38479154.0,0.0,0,13.58,0
20190123,1548172800000,13.55,13.9,13.530000000000001,13.82,29539,40646564.0,0.0,0,13.660000000000002,0
20190124,1548259200000,13.8,13.840000000000002,13.63,13.75,20264,27806368.0,0.0,0,13.82,0
20190125,1548345600000,13.8,13.8,13.290000000000001,13.370000000000001,29498,39670035.0,0.0,0,13.750000000000002,0
20190128,1548604800000,13.4,13.610000000000001,13.21,13.260000000000002,24695,33198059.000000004,0.0,0,13.370000000000001,0
20190129,1548691200000,13.38,13.55,13.08,13.48,23050,30872849.0,0.0,0,13.26,0
20190130,1548777600000,13.450000000000001,13.450000000000001,13.14,13.14,15336,20402509.0,0.0,0,13.48,0
20190131,1548864000000,13.28,13.49,13.1,13.32,17851,23768441.0,0.0,0,13.139999999999999,0
20190201,1548950400000,13.57,13.82,13.3,13.770000000000001,19099,26087485.0,0.0,0,13.32,0
20190211,1549814400000,13.71,13.96,13.620000000000001,13.950000000000001,25096,34723252.0,0.0,0,13.770000000000001,0
20190212,1549900800000,14.000000000000002,14.000000000000002,13.780000000000001,13.930000000000001,19846,27556805.000000004,0.0,0,13.950000000000001,0
20190213,1549987200000,13.9,14.13,13.83,14.01,25911,36271126.0,0.0,0,13.93,0
20190214,1550073600000,13.98,14.120000000000001,13.82,13.92,19968,27841034.0,0.0,0,14.01,0
20190215,1550160000000,13.91,14.370000000000001,13.82,14.030000000000001,29483,41655058.0,0.0,0,13.92,0
20190218,1550419200000,14.1,14.46,14.0,14.45,31844,45293712.99999999,0.0,0,14.03,0
20190219,1550505600000,14.43,14.43,13.85,13.959999999999999,35999,50821573.0,0.0,0,14.45,0
20190220,1550592000000,13.99,14.18,13.91,14.01,21593,30330992.000000004,0.0,0,13.96,0
20190221,1550678400000,14.01,14.16,13.82,13.84,27043,37889353.0,0.0,0,14.01,0
20190222,1550764800000,13.799999999999999,14.12,13.68,14.1,30030,41751700.0,0.0,0,13.84,0
20190225,1551024000000,14.18,14.77,14.09,14.7,58585,84341486.0,0.0,0,14.1,0
20190226,1551110400000,14.700000000000001,15.16,14.47,14.950000000000001,60983,90607493.00000001,0.0,0,14.700000000000001,0
20190227,1551196800000,15.01,15.1,14.6,14.7,39215,58298847.00000001,0.0,0,14.95,0
20190228,1551283200000,15.38,15.950000000000001,15.120000000000001,15.39,55477,85735212.0,0.0,0,14.700000000000001,0
20190301,1551369600000,15.440000000000001,15.88,15.31,15.8,44965,70329291.00000001,0.0,0,15.39,0
20190304,1551628800000,16.0,17.38,16.0,16.76,81348,137344358.0,0.0,0,15.8,0
20190305,1551715200000,16.700000000000003,17.400000000000002,16.490000000000002,17.21,46174,77788682.0,0.0,0,16.76,0
20190306,1551801600000,17.099999999999998,17.279999999999998,16.56,16.97,40801,68784098.0,0.0,0,17.209999999999997,0
20190307,1551888000000,16.959999999999997,17.029999999999998,16.56,16.83,48597,81608586.00000001,0.0,0,16.97,0
20190308,1551974400000,16.5,16.75,16.2,16.2,34487,56698560.0,0.0,0,16.83,0
20190311,1552233600000,16.4,17.05,16.18,16.95,40959,67756453.0,0.0,0,16.2,0
20190312,1552320000000,17.099999999999998,17.2,16.65,16.869999999999997,37564,63662986.99999999,0.0,0,16.95,0
20190313,1552406400000,16.75,17.16,16.48,16.580000000000002,31130,52403418.0,0.0,0,16.87,0
20190314,1552492800000,16.45,16.66,15.77,15.94,28033,45099831.0,0.0,0,16.58,0
20190315,1552579200000,16.07,16.48,15.96,16.25,27548,44804900.0,0.0,0,15.940000000000001,0
20190318,1552838400000,16.41,17.349999999999998,16.29,17.18,39826,67466171.0,0.0,0,16.25,0
20190319,1552924800000,17.299999999999997,17.32,16.81,17.049999999999997,26310,44896309.00000001,0.0,0,17.18,0
20190320,1553011200000,17.12,17.82,16.95,17.68,37874,66141241.0,0.0,0,17.05,0
20190321,1553097600000,17.78,17.8,17.53,17.62,27387,48305042.00000001,0.0,0,17.68,0
20190322,1553184000000,17.68,18.48,17.64,18.29,45512,82866715.0,0.0,0,17.62,0
20190325,1553443200000,17.91,18.580000000000002,17.91,18.18,35652,65329473.99999999,0.0,0,18.29,0
20190326,1553529600000,18.240000000000002,18.46,17.6,17.720000000000002,31747,57325883.00000001,0.0,0,18.18,0
20190327,1553616000000,17.84,18.16,17.61,17.98,29714,53264586.0,0.0,0,17.72,0
20190328,1553702400000,17.73,18.230000000000004,17.400000000000002,17.42,26855,48081746.0,0.0,0,17.98,0
20190329,1553788800000,15.68,16.28,15.68,16.1,144869,228361198.0,0.0,0,17.419999999999998,0
20190401,1554048000000,15.71,16.31,15.58,16.3,98713,157782945.0,0.0,0,16.1,0
20190402,1554134400000,16.2,16.77,16.13,16.33,73252,120896905.0,0.0,0,16.3,0
20190403,1554220800000,16.44,16.47,16.16,16.37,45649,74430912.0,0.0,0,16.330000000000002,0
20190404,1554307200000,16.57,16.57,16.15,16.279999999999998,31164,50733331.0,0.0,0,16.369999999999997,0
20190408,1554652800000,16.48,16.75,16.18,16.49,53208,87600641.0,0.0,0,16.28,0
20190409,1554739200000,16.45,16.45,15.9,16.25,34127,55319415.0,0.0,0,16.490000000000002,0
20190410,1554825600000,16.25,16.25,15.98,16.2,25059,40429049.0,0.0,0,16.25,0
20190411,1554912000000,16.240000000000002,16.27,15.74,15.77,27855,44493105.00000001,0.0,0,16.2,0
20190412,1554998400000,15.799999999999999,16.0,15.68,15.91,22128,35003292.0,0.0,0,15.77,0
20190415,1555257600000,16.03,16.19,15.9,15.950000000000001,20047,32152605.999999996,0.0,0,15.91,0
20190416,1555344000000,15.790000000000001,16.130000000000003,15.71,16.05,21536,34303953.0,0.0,0,15.950000000000001,0
20190417,1555430400000,16.080000000000002,16.310000000000002,15.97,16.150000000000002,25691,41639155.00000001,0.0,0,16.05,0
20190418,1555516800000,16.17,16.3,15.81,15.85,23510,37595778.0,0.0,0,16.150000000000002,0
20190419,1555603200000,15.860000000000001,16.01,15.790000000000001,15.99,12032,19150543.0,0.0,0,15.850000000000001,0
20190422,1555862400000,15.99,15.99,15.57,15.67,26356,41368285.0,0.0,0,15.99,0
20190423,1555948800000,15.600000000000001,15.67,15.06,15.1,26547,40597074.00000001,0.0,0,15.67,0
20190424,1556035200000,15.16,15.370000000000001,14.98,15.34,26171,39766437.0,0.0,0,15.1,0
20190425,1556121600000,15.35,15.62,14.85,14.86,30199,46009554.0,0.0,0,15.34,0
20190426,1556208000000,14.87,15.06,13.84,13.959999999999999,43931,62313182.0,0.0,0,14.86,0
20190429,1556467200000,13.98,13.99,13.35,13.379999999999999,26634,36264115.0,0.0,0,13.959999999999999,0
20190430,1556553600000,13.26,13.62,13.26,13.5,17933,24238032.000000004,0.0,0,13.379999999999999,0
20190506,1557072000000,13.22,13.22,12.23,12.610000000000001,21537,27490814.000000004,0.0,0,13.5,0
20190507,1557158400000,12.61,13.149999999999999,12.61,13.139999999999999,24723,31925124.000000004,0.0,0,12.61,0
20190508,1557244800000,13.000000000000002,13.06,12.700000000000001,12.74,16483,21200932.0,0.0,0,13.14,0
20190509,1557331200000,12.700000000000001,12.950000000000001,12.700000000000001,12.81,11142,14288231.0,0.0,0,12.74,0
20190510,1557417600000,13.08,13.22,12.73,13.15,24454,31975285.999999996,0.0,0,12.81,0
20190513,1557676800000,12.930000000000001,12.930000000000001,12.450000000000001,12.610000000000001,22639,28681389.0,0.0,0,12.920000000000002,0
20190514,1557763200000,12.4,12.61,12.33,12.45,12723,15876591.0,0.0,0,12.61,0
20190515,1557849600000,12.49,12.65,12.41,12.58,18925,23715059.0,0.0,0,12.45,0
20190516,1557936000000,12.58,12.68,12.52,12.66,18361,23155758.000000004,0.0,0,12.58,0
20190517,1558022400000,12.65,12.81,12.040000000000001,12.08,24667,30481182.0,0.0,0,12.66,0
20190520,1558281600000,12.0,12.19,11.83,12.18,16573,19906491.0,0.0,0,12.08,0
20190521,1558368000000,12.23,12.4,12.1,12.31,16877,20665062.000000004,0.0,0,12.18,0
20190522,1558454400000,12.31,12.32,11.98,12.030000000000001,16030,19429435.0,0.0,0,12.31,0
20190523,1558540800000,12.040000000000001,12.05,11.63,11.680000000000001,19537,23035794.000000004,0.0,0,12.030000000000001,0
20190524,1558627200000,11.690000000000001,11.870000000000001,11.63,11.75,11160,13092672.0,0.0,0,11.680000000000001,0
20190527,1558886400000,11.75,12.13,11.66,12.08,13719,16379430.0,0.0,0,11.75,0
20190528,1558972800000,12.08,12.24,11.96,11.97,16632,20155786.0,0.0,0,12.08,0
20190529,1559059200000,12.15,12.26,11.98,12.190000000000001,15104,18404522.0,0.0,0,11.97,0
20190530,1559145600000,12.110000000000001,12.160000000000002,11.950000000000001,12.120000000000001,11441,13756331.0,0.0,0,12.190000000000001,0
20190531,1559232000000,12.06,12.190000000000001,11.98,11.99,12046,14548294.0,0.0,0,12.120000000000001,0
20190603,1559491200000,12.010000000000002,12.110000000000001,11.8,11.870000000000001,18520,22112532.0,0.0,0,11.99,0
20190604,1559577600000,11.86,11.95,11.69,11.799999999999999,12686,14967339.0,0.0,0,11.87,0
20190605,1559664000000,11.83,11.9,11.66,11.7,13891,16373940.0,0.0,0,11.8,0
20190606,1559750400000,11.709999999999999,11.729999999999999,11.36,11.389999999999999,13685,15660087.0,0.0,0,11.7,0
20190610,1560096000000,11.48,11.58,11.35,11.52,6831,7831320.000000001,0.0,0,11.389999999999999,0
20190611,1560182400000,11.57,11.92,11.4,11.860000000000001,21255,24994037.0,0.0,0,11.52,0
20190612,1560268800000,11.850000000000001,11.9,11.72,11.72,12988,15337806.999999998,0.0,0,11.860000000000001,0
20190613,1560355200000,11.71,11.91,11.66,11.89,14418,17029536.0,0.0,0,11.72,0
20190614,1560441600000,11.88,11.9,11.620000000000001,11.65,11031,12983983.0,0.0,0,11.89,0
20190617,1560700800000,11.799999999999999,12.15,11.76,12.049999999999999,23185,27563494.0,0.0,0,11.65,0
20190618,1560787200000,11.969999999999999,12.01,11.6,11.69,27216,31993751.000000004,0.0,0,12.049999999999999,0
20190619,1560873600000,11.82,11.940000000000001,11.73,11.9,43016,50898243.0,0.0,0,11.690000000000001,0
20190620,1560960000000,11.91,12.48,11.85,12.42,67648,83190008.0,0.0,0,11.9,0
20190621,1561046400000,13.100000000000001,13.100000000000001,12.39,12.520000000000001,60520,76455437.0,0.0,0,12.42,0
20190624,1561305600000,12.47,12.690000000000001,12.23,12.31,42395,52631712.99999999,0.0,0,12.52,0
20190625,1561392000000,12.290000000000001,12.290000000000001,11.91,12.03,38277,45998582.0,0.0,0,12.31,0
20190626,1561478400000,11.879999999999999,12.08,11.85,12.0,18089,21713586.0,0.0,0,12.03,0
20190627,1561564800000,12.0,12.11,11.99,12.040000000000001,23624,28478586.0,0.0,0,12.0,0
20190628,1561651200000,12.110000000000001,12.110000000000001,11.620000000000001,11.860000000000001,29634,35065731.00000001,0.0,0,12.040000000000001,0
20190701,1561910400000,12.0,12.35,11.94,12.34,47487,58069495.0,0.0,0,11.86,0
20190702,1561996800000,12.26,13.11,12.17,12.59,74811,94427811.0,0.0,0,12.34,0
20190703,1562083200000,12.6,13.85,12.35,13.85,76740,104428783.99999999,0.0,0,12.59,0
20190704,1562169600000,14.040000000000001,14.9,13.89,14.01,205010,294238163.0,0.0,0,13.850000000000001,0
20190705,1562256000000,13.36,13.639999999999999,13.11,13.2,109934,146527987.99999997,0.0,0,14.01,0
20190708,1562515200000,13.53,13.81,13.0,13.29,100269,134436487.0,0.0,0,13.2,0
20190709,1562601600000,13.02,13.18,12.65,12.950000000000001,73081,93960290.0,0.0,0,13.290000000000001,0
20190710,1562688000000,12.85,12.98,12.51,12.76,56460,71876337.0,0.0,0,12.95,0
20190711,1562774400000,12.62,12.879999999999999,12.35,12.43,55570,70139679.00000001,0.0,0,12.76,0
20190712,1562860800000,12.51,12.74,12.43,12.7,42144,53190779.0,0.0,0,12.43,0
20190715,1563120000000,12.690000000000001,12.99,12.22,12.860000000000001,48865,62041426.00000001,0.0,0,12.700000000000001,0
20190716,1563206400000,12.75,13.17,12.61,12.969999999999999,47642,61593426.0,0.0,0,12.86,0
20190717,1563292800000,12.91,13.55,12.9,13.18,59222,78007255.0,0.0,0,12.97,0
20190718,1563379200000,13.2,13.57,13.01,13.049999999999999,78461,104150967.0,0.0,0,13.18,0
20190719,1563465600000,13.1,13.27,12.75,12.76,48342,62609979.00000001,0.0,0,13.05,0
20190722,1563724800000,12.58,12.79,11.77,11.84,61259,74734370.0,0.0,0,12.76,0
20190723,1563811200000,11.91,12.350000000000001,11.870000000000001,12.260000000000002,53345,65036764.00000001,0.0,0,11.840000000000002,0
20190724,1563897600000,12.29,12.45,12.17,12.24,34167,42105144.0,0.0,0,12.26,0
20190725,1563984000000,12.24,12.33,11.96,12.040000000000001,33135,40046100.0,0.0,0,12.24,0
20190726,1564070400000,12.0,12.08,11.9,12.030000000000001,25111,30117054.0,0.0,0,12.040000000000001,0
20190729,1564329600000,12.06,12.06,11.82,11.9,25981,30938887.0,0.0,0,12.030000000000001,0
20190730,1564416000000,11.91,12.14,11.9,12.0,23695,28477408.0,0.0,0,11.9,0
20190731,1564502400000,11.969999999999999,11.969999999999999,11.77,11.889999999999999,26975,31936965.0,0.0,0,12.0,0
20190801,1564588800000,11.850000000000001,11.850000000000001,11.64,11.700000000000001,20503,24033722.0,0.0,0,11.89,0
20190802,1564675200000,11.46,11.55,11.38,11.49,21403,24535611.000000004,0.0,0,11.700000000000001,0
20190805,1564934400000,11.500000000000002,11.690000000000001,11.450000000000001,11.49,16431,18969464.0,0.0,0,11.49,0
20190806,1565020800000,11.049999999999999,11.17,10.68,10.83,36728,40023635.00000001,0.0,0,11.49,0
20190807,1565107200000,10.82,11.08,10.790000000000001,10.89,19141,20851721.999999996,0.0,0,10.83,0
20190808,1565193600000,10.88,11.190000000000001,10.790000000000001,11.110000000000001,21937,24071182.0,0.0,15,10.89,0
20190809,1565280000000,11.01,11.07,10.53,10.53,37290,40128172.00000001,0.0,15,11.11,0
20190812,1565539200000,10.559999999999999,10.87,10.52,10.799999999999999,28349,30312557.000000004,0.0,15,10.53,0
20190813,1565625600000,10.65,10.870000000000001,10.65,10.780000000000001,15147,16329333.0,0.0,15,10.8,0
20190814,1565712000000,10.940000000000001,11.030000000000001,10.8,10.860000000000001,16850,18376185.0,0.0,15,10.780000000000001,0
20190815,1565798400000,10.61,10.899999999999999,10.53,10.879999999999999,20471,21956713.0,0.0,15,10.86,0
20190816,1565884800000,10.930000000000001,10.940000000000001,10.8,10.83,17629,19170069.0,0.0,15,10.88,0
20190819,1566144000000,10.84,11.12,10.84,11.12,23587,25966256.0,0.0,15,10.83,0
20190820,1566230400000,11.100000000000001,11.23,11.040000000000001,11.120000000000001,23078,25685769.0,0.0,15,11.120000000000001,0
20190821,1566316800000,11.03,11.149999999999999,11.03,11.129999999999999,20812,23090491.0,0.0,15,11.12,0
20190822,1566403200000,10.950000000000001,11.1,10.9,11.05,24020,26419482.000000004,0.0,15,11.13,0
20190823,1566489600000,11.05,11.11,10.92,10.99,16620,18284422.000000004,0.0,15,11.05,0
20190826,1566748800000,10.719999999999999,10.83,10.68,10.709999999999999,21575,23152153.0,0.0,15,10.99,0
20190827,1566835200000,10.83,11.05,10.72,10.940000000000001,21333,23293482.000000004,0.0,15,10.71,0
20190828,1566921600000,10.94,11.120000000000001,10.91,11.03,23973,26486824.0,0.0,15,10.94,0
20190829,1567008000000,11.0,11.11,10.93,10.99,20763,22885204.0,0.0,15,11.03,0
20190830,1567094400000,11.01,11.06,10.59,10.7,32580,35284027.0,0.0,15,10.99,0
20190902,1567353600000,10.8,11.000000000000002,10.700000000000001,10.920000000000002,27431,29768966.0,0.0,15,10.700000000000001,0
20190903,1567440000000,10.95,11.1,10.86,11.07,28270,31130014.0,0.0,15,10.92,0
20190904,1567526400000,11.03,11.35,11.01,11.33,38179,42705443.0,0.0,15,11.07,0
20190905,1567612800000,11.37,11.44,11.25,11.32,40147,45565071.00000001,0.0,15,11.33,0
20190906,1567699200000,11.29,11.44,11.28,11.399999999999999,23662,26828904.000000004,0.0,15,11.319999999999999,0
20190909,1567958400000,11.48,11.56,11.38,11.55,27852,31957699.999999996,0.0,15,11.4,0
20190910,1568044800000,11.87,11.879999999999999,11.51,11.6,33277,38640669.0,0.0,15,11.549999999999999,0
20190911,1568131200000,11.63,11.75,11.41,11.43,31245,35948978.0,0.0,15,11.6,0
20190912,1568217600000,11.450000000000001,11.64,11.4,11.63,32595,37569882.0,0.0,15,11.43,0
20190916,1568563200000,11.69,12.58,11.65,12.34,109985,133781400.00000003,0.0,15,11.63,0
20190917,1568649600000,12.190000000000001,13.49,12.05,12.74,154780,196442688.0,0.0,15,12.34,0
20190918,1568736000000,12.56,12.940000000000001,12.21,12.420000000000002,103206,128803232.99999999,0.0,15,12.74,0
20190919,1568822400000,12.3,12.98,11.9,12.120000000000001,101305,123019712.00000001,0.0,15,12.42,0
20190920,1568908800000,12.1,12.2,11.91,11.95,58223,69918930.00000001,0.0,15,12.120000000000001,0
20190923,1569168000000,11.92,11.92,11.48,11.63,53729,62493505.0,0.0,15,11.950000000000001,0
20190924,1569254400000,11.620000000000001,11.73,11.55,11.64,30553,35539525.0,0.0,15,11.63,0
20190925,1569340800000,11.56,11.59,11.39,11.4,30450,34852997.0,0.0,15,11.64,0
20190926,1569427200000,11.39,11.53,11.18,11.18,24019,27186812.0,0.0,15,11.4,0
20190927,1569513600000,11.2,11.33,11.16,11.25,19409,21833123.0,0.0,15,11.18,0
20190930,1569772800000,11.26,11.31,11.14,11.16,11093,12457104.0,0.0,15,11.25,0
20191008,1570464000000,11.16,11.26,11.08,11.1,12933,14440670.0,0.0,15,11.16,0
20191009,1570550400000,11.09,11.17,10.98,11.16,13408,14851011.0,0.0,15,11.1,0
20191010,1570636800000,11.17,11.290000000000001,11.14,11.270000000000001,14050,15789474.0,0.0,15,11.16,0
20191011,1570723200000,11.270000000000001,11.32,11.120000000000001,11.260000000000002,14623,16408162.999999998,0.0,15,11.270000000000001,0
20191014,1570982400000,11.35,11.54,11.28,11.45,24592,28085000.000000004,0.0,15,11.26,0
20191015,1571068800000,11.49,11.52,11.25,11.38,20674,23509651.0,0.0,15,11.45,0
20191016,1571155200000,11.5,11.64,11.41,11.41,35044,40435818.99999999,0.0,15,11.38,0
20191017,1571241600000,11.33,11.360000000000001,11.21,11.3,17750,20043986.0,0.0,15,11.41,0
20191018,1571328000000,11.3,11.34,11.05,11.09,21222,23699725.0,0.0,15,11.3,0
20191021,1571587200000,10.8,11.05,10.8,10.98,14536,15888177.0,0.0,15,11.09,0
20191022,1571673600000,11.05,11.16,10.98,11.08,10652,11790379.0,0.0,15,10.98,0
20191023,1571760000000,11.08,11.25,10.99,11.03,21358,23732510.0,0.0,15,11.08,0
20191024,1571846400000,11.18,11.280000000000001,10.98,11.01,18940,20995784.0,0.0,15,11.030000000000001,0
20191025,1571932800000,10.959999999999999,11.09,10.84,11.05,21003,22997949.0,0.0,15,11.01,0
20191028,1572192000000,11.01,11.15,10.9,11.06,28624,31632255.000000004,0.0,15,11.05,0
20191029,1572278400000,11.040000000000001,11.1,10.81,10.81,30406,33227877.0,0.0,15,11.06,0
20191030,1572364800000,10.8,10.82,10.57,10.63,19502,20776481.0,0.0,15,10.81,0
20191031,1572451200000,10.700000000000001,10.700000000000001,10.540000000000001,10.55,10555,11175324.0,0.0,15,10.63,0
20191101,1572537600000,10.57,10.590000000000002,10.370000000000001,10.590000000000002,12122,12727569.0,0.0,15,10.55,0
20191104,1572796800000,10.629999999999999,10.67,10.53,10.54,9611,10181684.0,0.0,15,10.59,0
20191105,1572883200000,10.549999999999999,10.549999999999999,10.43,10.48,10968,11492969.0,0.0,15,10.54,0
20191106,1572969600000,10.479999999999999,10.559999999999999,10.44,10.49,8900,9352109.0,0.0,15,10.479999999999999,0
20191107,1573056000000,10.450000000000001,10.600000000000001,10.450000000000001,10.580000000000002,8760,9255548.000000002,0.0,15,10.49,0
20191108,1573142400000,10.58,10.65,10.56,10.56,10989,11662396.0,0.0,15,10.58,0
20191111,1573401600000,10.53,10.54,10.02,10.07,24689,25214023.0,0.0,15,10.559999999999999,0
20191112,1573488000000,10.07,10.15,9.93,10.12,11880,11941470.0,0.0,15,10.07,0
20191113,1573574400000,10.15,10.15,9.97,10.05,6245,6261172.000000001,0.0,15,10.120000000000001,0
20191114,1573660800000,10.0,10.1,10.0,10.05,6184,6225150.000000001,0.0,15,10.05,0
20191115,1573747200000,10.07,10.1,9.94,9.95,7525,7530506.0,0.0,15,10.049999999999999,0
20191118,1574006400000,9.94,10.08,9.94,10.07,6505,6523796.999999999,0.0,15,9.95,0
20191119,1574092800000,10.049999999999999,10.34,10.03,10.29,13187,13463915.0,0.0,15,10.069999999999999,0
20191120,1574179200000,10.340000000000002,10.360000000000001,10.120000000000001,10.170000000000002,11386,11610442.0,0.0,15,10.290000000000001,0
20191121,1574265600000,10.19,10.23,10.1,10.139999999999999,7339,7450459.0,0.0,15,10.17,0
20191122,1574352000000,10.19,10.28,10.03,10.09,8956,9075426.0,0.0,15,10.139999999999999,0
20191125,1574611200000,10.1,10.139999999999999,10.02,10.12,6000,6053742.0,0.0,15,10.09,0
20191126,1574697600000,10.13,10.19,10.08,10.18,7259,7365245.000000001,0.0,15,10.12,0
20191127,1574784000000,10.209999999999999,10.209999999999999,10.03,10.069999999999999,7403,7479483.0,0.0,15,10.18,0
20191128,1574870400000,10.11,10.129999999999999,10.01,10.08,5759,5800737.0,0.0,15,10.07,0
20191129,1574956800000,10.08,10.08,9.98,10.05,8651,8668825.0,0.0,15,10.08,0
20191202,1575216000000,10.049999999999999,10.129999999999999,10.02,10.03,5880,5926183.0,0.0,15,10.049999999999999,0
20191203,1575302400000,10.01,10.190000000000001,9.98,10.17,10571,10678361.000000002,0.0,15,10.030000000000001,0
20191204,1575388800000,10.17,10.17,10.1,10.17,6273,6358206.000000001,0.0,15,10.17,0
20191205,1575475200000,10.17,10.290000000000001,10.15,10.25,9347,9563839.0,0.0,15,10.17,0
20191206,1575561600000,10.21,10.340000000000002,10.21,10.280000000000001,9081,9327724.0,0.0,15,10.25,0
20191209,1575820800000,10.29,10.36,10.28,10.33,10170,10501627.000000002,0.0,15,10.28,0
20191210,1575907200000,10.31,10.33,10.24,10.3,7740,7958111.0,0.0,15,10.33,0
20191211,1575993600000,10.260000000000002,10.32,10.21,10.22,7025,7199511.0,0.0,15,10.3,0
20191212,1576080000000,10.209999999999999,10.25,10.17,10.19,7111,7259708.0,0.0,15,10.22,0
20191213,1576166400000,10.280000000000001,10.4,10.21,10.360000000000001,13561,13976765.000000002,0.0,15,10.190000000000001,0
20191216,1576425600000,10.39,10.49,10.32,10.49,13045,13610641.0,0.0,15,10.36,0
20191217,1576512000000,10.49,10.620000000000001,10.46,10.56,18079,19047288.0,0.0,15,10.49,0
20191218,1576598400000,10.55,10.59,10.47,10.49,13765,14482108.0,0.0,15,10.56,0
20191219,1576684800000,10.56,10.600000000000001,10.47,10.600000000000001,14331,15103944.0,0.0,15,10.49,0
20191220,1576771200000,10.600000000000001,10.64,10.450000000000001,10.450000000000001,19013,20043005.0,0.0,15,10.600000000000001,0
20191223,1577030400000,10.4,10.44,10.07,10.07,29852,30590828.999999996,0.0,15,10.450000000000001,0
20191224,1577116800000,10.129999999999999,10.25,10.1,10.23,13251,13469591.0,0.0,15,10.07,0
20191225,1577203200000,10.2,10.299999999999999,10.18,10.23,11946,12248837.000000002,0.0,15,10.23,0
20191226,1577289600000,10.200000000000001,10.370000000000001,10.200000000000001,10.350000000000001,12901,13262203.999999998,0.0,15,10.23,0
20191227,1577376000000,10.39,10.46,10.24,10.27,16377,16996134.0,0.0,15,10.35,0
20191230,1577635200000,10.2,10.43,10.1,10.43,20604,21224946.0,0.0,15,10.27,0
20191231,1577721600000,10.43,10.53,10.35,10.45,14124,14734448.000000002,0.0,15,10.43,0
20200102,1577894400000,10.55,10.620000000000001,10.46,10.58,23009,24290710.0,0.0,15,10.450000000000001,0
20200103,1577980800000,10.58,10.66,10.53,10.639999999999999,26652,28263220.0,0.0,15,10.58,0
20200106,1578240000000,10.66,10.760000000000002,10.55,10.610000000000001,27122,28865764.000000004,0.0,15,10.64,0
20200107,1578326400000,10.62,10.73,10.6,10.719999999999999,22972,24544345.0,0.0,15,10.61,0
20200108,1578412800000,10.64,10.690000000000001,10.48,10.52,26802,28377525.0,0.0,15,10.72,0
20200109,1578499200000,10.56,10.81,10.55,10.75,30972,33191749.000000004,0.0,15,10.520000000000001,0
20200110,1578585600000,10.73,10.8,10.58,10.6,21614,23040004.000000004,0.0,15,10.75,0
20200113,1578844800000,10.65,10.77,10.52,10.75,19683,20968196.0,0.0,15,10.6,0
20200114,1578931200000,10.700000000000001,11.010000000000002,10.700000000000001,10.940000000000001,46555,50632420.0,0.0,15,10.750000000000002,0
20200115,1579017600000,10.87,10.87,10.58,10.66,33627,35976935.0,0.0,15,10.94,0
20200116,1579104000000,10.68,10.69,10.43,10.459999999999999,37942,39989807.0,0.0,15,10.66,0
20200117,1579190400000,10.479999999999999,10.559999999999999,10.44,10.459999999999999,15376,16127137.0,0.0,15,10.459999999999999,0
20200120,1579449600000,10.48,10.520000000000001,10.370000000000001,10.520000000000001,19018,19847463.0,0.0,15,10.46,0
20200121,1579536000000,10.5,10.5,10.3,10.32,20157,20939637.0,0.0,15,10.520000000000001,0
20200122,1579622400000,10.34,10.34,10.15,10.22,24254,24759167.0,0.0,15,10.32,0
20200123,1579708800000,10.11,10.2,9.77,9.84,36228,36144511.0,0.0,15,10.219999999999999,0
20200203,1580659200000,8.86,8.889999999999999,8.86,8.86,22271,19735167.0,0.0,15,9.84,0
20200204,1580745600000,8.66,8.870000000000001,8.66,8.8,32177,28220648.0,0.0,15,8.86,0
20200205,1580832000000,8.819999999999999,9.1,8.78,9.03,31358,28156197.0,0.0,15,8.799999999999999,0
20200206,1580918400000,9.010000000000002,9.930000000000001,8.950000000000001,9.930000000000001,46053,43564140.0,0.0,15,9.030000000000001,0
20200207,1581004800000,10.9,10.92,10.5,10.92,178422,193704688.0,0.0,15,9.93,0
20200210,1581264000000,11.5,12.01,10.6,12.01,249914,286372796.0,0.0,15,10.92,0
20200211,1581350400000,11.55,11.68,10.81,10.96,176990,194369768.0,0.0,15,12.01,0
20200212,1581436800000,10.7,10.799999999999999,10.19,10.6,128734,135146001.0,0.0,15,10.959999999999999,0
20200213,1581523200000,10.450000000000001,10.950000000000001,10.21,10.72,118552,124786397.99999999,0.0,15,10.600000000000001,0
20200214,1581609600000,10.52,10.67,10.41,10.44,73100,76817633.0,0.0,15,10.72,0
20200217,1581868800000,10.36,11.26,10.32,11.08,119401,129056244.0,0.0,15,10.44,0
20200218,1581955200000,11.06,11.75,10.85,11.64,126044,142492456.0,0.0,15,11.08,0
20200219,1582041600000,11.49,12.68,11.1,11.64,123462,144256905.00000003,0.0,15,11.64,0
20200220,1582128000000,11.55,11.9,11.42,11.6,65755,76578682.00000001,0.0,15,11.64,0
20200221,1582214400000,11.52,11.61,11.28,11.45,66783,76155882.00000001,0.0,15,11.6,0
20200224,1582473600000,11.370000000000001,11.73,11.16,11.48,53038,60809587.0,0.0,15,11.45,0
20200225,1582560000000,11.13,11.36,10.91,11.21,60701,67772709.0,0.0,15,11.48,0
20200226,1582646400000,11.0,11.55,10.97,11.16,50614,56795329.0,0.0,15,11.21,0
20200227,1582732800000,11.16,12.27,11.16,11.88,97510,114507878.0,0.0,15,11.16,0
20200228,1582819200000,11.58,11.799999999999999,11.02,11.049999999999999,59652,68213313.99999999,0.0,15,11.879999999999999,0
20200302,1583078400000,11.18,12.06,11.18,11.969999999999999,68285,80290286.00000001,0.0,15,11.049999999999999,0
20200303,1583164800000,12.03,12.35,11.77,11.99,78119,94058782.0,0.0,15,11.969999999999999,0
20200304,1583251200000,12.040000000000001,12.35,11.91,12.290000000000001,60680,73556978.00000001,0.0,15,11.99,0
20200305,1583337600000,12.26,12.39,11.98,12.16,71523,86664365.00000001,0.0,15,12.290000000000001,0
20200306,1583424000000,12.05,12.05,11.71,11.74,42236,50047802.0,0.0,15,12.16,0
20200309,1583683200000,11.45,11.57,11.18,11.459999999999999,36429,41371910.00000001,0.0,15,11.74,0
20200310,1583769600000,11.33,11.64,11.07,11.59,27272,31043568.000000004,0.0,15,11.46,0
20200311,1583856000000,11.6,11.8,11.33,11.35,30561,35361158.0,0.0,15,11.59,0
20200312,1583942400000,11.26,11.26,11.03,11.209999999999999,23734,26479460.0,0.0,15,11.35,0
20200313,1584028800000,10.600000000000001,10.940000000000001,10.450000000000001,10.74,26126,27873150.999999996,0.0,15,11.21,0
20200316,1584288000000,10.85,10.94,10.28,10.36,24379,25987446.999999996,0.0,15,10.74,0
20200317,1584374400000,10.34,10.48,9.93,10.129999999999999,32739,33084531.0,0.0,15,10.36,0
20200318,1584460800000,10.28,10.37,9.94,9.95,22019,22404422.0,0.0,15,10.129999999999999,0
20200319,1584547200000,9.910000000000002,10.100000000000001,9.700000000000001,10.05,21904,21750111.0,0.0,15,9.950000000000001,0
20200320,1584633600000,10.17,10.27,10.1,10.23,14221,14492032.000000002,0.0,15,10.049999999999999,0
20200323,1584892800000,10.02,10.15,9.83,9.93,14098,14116987.999999998,0.0,15,10.23,0
20200324,1584979200000,10.1,10.18,9.94,10.18,12383,12499205.0,0.0,15,9.93,0
20200325,1585065600000,10.309999999999999,10.59,10.28,10.35,16877,17558661.0,0.0,15,10.18,0
20200326,1585152000000,10.340000000000002,10.4,10.21,10.350000000000001,11570,11935661.0,0.0,15,10.350000000000001,0
20200327,1585238400000,10.47,10.55,10.3,10.31,13046,13602637.0,0.0,15,10.350000000000001,0
20200330,1585497600000,10.200000000000001,10.22,9.700000000000001,9.81,23876,23660832.0,0.0,15,10.31,0
20200331,1585584000000,9.99,9.99,9.77,9.82,7962,7869680.000000001,0.0,15,9.809999999999999,0
20200401,1585670400000,9.83,9.959999999999999,9.76,9.79,9219,9094240.0,0.0,15,9.82,0
20200402,1585756800000,9.74,9.99,9.72,9.99,7813,7717188.999999999,0.0,15,9.790000000000001,0
20200403,1585843200000,9.98,10.05,9.790000000000001,9.82,10995,10907230.0,0.0,15,9.99,0
20200407,1586188800000,9.959999999999999,10.19,9.92,10.1,14063,14125976.0,0.0,15,9.82,0
20200408,1586275200000,10.069999999999999,10.26,10.03,10.18,12705,12898789.0,0.0,15,10.1,0
20200409,1586361600000,10.22,10.24,10.06,10.08,17690,17939764.0,0.0,15,10.18,0
20200410,1586448000000,10.129999999999999,10.129999999999999,9.77,9.809999999999999,13087,12946525.0,0.0,15,10.08,0
20200413,1586707200000,9.77,9.78,9.5,9.63,11425,11064586.0,0.0,15,9.81,0
20200414,1586793600000,9.64,9.850000000000001,9.64,9.82,8209,8027185.0,0.0,15,9.63,0
20200415,1586880000000,9.84,9.940000000000001,9.72,9.75,11308,11125047.0,0.0,15,9.82,0
20200416,1586966400000,9.79,9.83,9.67,9.79,9407,9189019.0,0.0,15,9.75,0
20200417,1587052800000,9.88,9.930000000000001,9.8,9.870000000000001,10829,10684533.0,0.0,15,9.790000000000001,0
20200420,1587312000000,9.8,10.14,9.71,10.040000000000001,16568,16577197.0,0.0,15,9.870000000000001,0
20200421,1587398400000,10.02,10.04,9.84,9.92,15423,15278072.999999998,0.0,15,10.04,0
20200422,1587484800000,9.950000000000001,10.5,9.81,10.5,35141,35837614.00000001,0.0,15,9.92,0
20200423,1587571200000,10.5,10.79,10.36,10.729999999999999,37427,39636941.0,0.0,15,10.5,0
20200424,1587657600000,10.63,10.91,10.5,10.61,29252,31284332.999999996,0.0,15,10.73,0
20200427,1587916800000,10.600000000000001,10.680000000000001,10.13,10.200000000000001,18778,19476755.0,0.0,15,10.610000000000001,0
20200428,1588003200000,10.23,10.260000000000002,9.71,9.940000000000001,16418,16312160.0,0.0,15,10.200000000000001,0
20200429,1588089600000,9.93,10.22,9.84,10.08,12168,12219989.000000002,0.0,15,9.94,0
20200430,1588176000000,10.08,10.4,10.05,10.31,13447,13783842.0,0.0,15,10.08,0
20200506,1588694400000,10.2,10.41,10.16,10.36,14948,15369392.0,0.0,15,10.31,0
20200507,1588780800000,10.32,10.4,10.200000000000001,10.24,10688,10977202.0,0.0,15,10.360000000000001,0
20200508,1588867200000,10.26,10.42,10.26,10.39,9253,9581738.0,0.0,15,10.24,0
20200511,1589126400000,10.399999999999999,10.459999999999999,10.28,10.29,11398,11802363.000000002,0.0,15,10.389999999999999,0
20200512,1589212800000,10.31,10.31,10.1,10.23,8035,8187098.000000001,0.0,15,10.29,0
20200513,1589299200000,10.200000000000001,10.3,10.15,10.290000000000001,7510,7680362.000000001,0.0,15,10.23,0
20200514,1589385600000,10.2,10.24,10.08,10.09,6519,6612439.0,0.0,15,10.290000000000001,0
20200515,1589472000000,10.110000000000001,10.17,10.05,10.08,5894,5950195.999999999,0.0,15,10.09,0
20200518,1589731200000,10.08,10.12,10.01,10.01,6928,6964631.0,0.0,15,10.08,0
20200519,1589817600000,10.07,10.13,10.040000000000001,10.100000000000001,7647,7709423.0,0.0,15,10.010000000000002,0
20200520,1589904000000,10.120000000000001,10.120000000000001,9.88,9.96,7520,7506230.0,0.0,15,10.100000000000001,0
20200521,1589990400000,10.09,10.09,9.89,9.9,6532,6513538.0,0.0,15,9.96,0
20200522,1590076800000,9.86,9.870000000000001,9.66,9.71,7665,7487328.000000001,0.0,15,9.9,0
20200525,1590336000000,9.68,9.81,9.66,9.71,4496,4378232.0,0.0,15,9.71,0
20200526,1590422400000,9.79,10.01,9.78,9.979999999999999,7841,7797969.999999999,0.0,15,9.709999999999999,0
20200527,1590508800000,9.98,10.01,9.9,9.93,5012,4986646.0,0.0,15,9.98,0
20200528,1590595200000,9.84,10.040000000000001,9.8,9.9,6475,6422662.0,0.0,15,9.930000000000001,0
20200529,1590681600000,9.9,10.03,9.83,10.0,7105,7083795.0,0.0,15,9.9,0
20200601,1590940800000,10.02,10.219999999999999,10.02,10.19,11493,11676083.0,0.0,15,10.0,0
20200602,1591027200000,10.16,10.22,10.13,10.200000000000001,7864,8003527.0,0.0,15,10.190000000000001,0
20200603,1591113600000,10.22,10.33,10.13,10.14,9454,9654349.0,0.0,15,10.200000000000001,0
20200604,1591200000000,10.26,10.26,10.14,10.24,7626,7775905.0,0.0,15,10.14,0
20200605,1591286400000,10.26,10.270000000000001,10.14,10.22,6428,6567180.0,0.0,15,10.24,0
20200608,1591545600000,10.22,10.27,10.0,10.12,9791,9925954.0,0.0,15,10.22,0
20200609,1591632000000,10.18,10.18,10.06,10.13,5760,5821198.0,0.0,15,10.120000000000001,0
20200610,1591718400000,10.190000000000001,10.190000000000001,10.040000000000001,10.13,5228,5272488.0,0.0,15,10.13,0
20200611,1591804800000,10.1,10.24,10.0,10.08,10422,10565533.0,0.0,15,10.13,0
20200612,1591891200000,9.99,10.11,9.92,10.01,7162,7173160.000000001,0.0,15,10.08,0
20200615,1592150400000,9.899999999999999,10.059999999999999,9.86,9.93,7833,7811032.0,0.0,15,9.899999999999999,0
20200616,1592236800000,9.98,10.15,9.97,10.14,10151,10215133.0,0.0,15,9.930000000000001,0
20200617,1592323200000,10.190000000000001,10.32,10.05,10.270000000000001,15827,16132491.000000002,0.0,15,10.14,0
20200618,1592409600000,10.28,10.6,10.26,10.29,23311,24216189.000000004,0.0,15,10.27,0
20200619,1592496000000,10.4,10.43,10.18,10.2,17002,17457915.0,0.0,15,10.29,0
20200622,1592755200000,10.25,10.290000000000001,10.14,10.200000000000001,12713,12991253.0,0.0,15,10.200000000000001,0
20200623,1592841600000,10.120000000000001,10.21,10.06,10.15,8394,8488440.0,0.0,15,10.200000000000001,0
20200624,1592928000000,10.180000000000001,10.200000000000001,10.040000000000001,10.110000000000001,9037,9136969.0,0.0,15,10.15,0
20200629,1593360000000,10.06,10.22,10.01,10.1,8181,8284911.0,0.0,15,10.11,0
20200630,1593446400000,10.1,10.32,10.07,10.3,13646,13985269.0,0.0,15,10.1,0
20200701,1593532800000,10.3,10.350000000000001,10.14,10.270000000000001,10605,10878041.0,0.0,15,10.3,0
20200702,1593619200000,10.23,10.38,10.23,10.360000000000001,19004,19604669.999999996,0.0,15,10.27,0
20200703,1593705600000,10.389999999999999,10.56,10.35,10.459999999999999,16977,17739706.0,0.0,15,10.36,0
20200706,1593964800000,10.49,10.77,10.48,10.74,27440,29284669.000000004,0.0,15,10.46,0
20200707,1594051200000,10.74,10.87,10.59,10.79,31291,33746056.0,0.0,15,10.74,0
20200708,1594137600000,10.74,10.99,10.67,10.97,28260,30612874.0,0.0,15,10.79,0
20200709,1594224000000,11.040000000000001,11.24,10.9,11.17,34982,38855799.0,0.0,15,10.97,0
20200710,1594310400000,11.16,11.21,10.88,10.950000000000001,26478,29248064.000000004,0.0,15,11.17,0
20200713,1594569600000,10.98,11.370000000000001,10.96,11.280000000000001,30112,33802268.0,0.0,15,10.950000000000001,0
20200714,1594656000000,11.18,11.32,10.9,11.06,33694,37357980.0,0.0,15,11.280000000000001,0
20200715,1594742400000,11.040000000000001,11.16,10.71,10.83,25819,28228131.0,0.0,15,11.06,0
20200716,1594828800000,10.870000000000001,11.15,10.55,10.56,29327,31910971.0,0.0,15,10.83,0
20200717,1594915200000,10.61,10.85,10.6,10.65,20238,21637017.0,0.0,15,10.56,0
20200720,1595174400000,10.72,11.26,10.65,11.13,35262,39169382.0,0.0,15,10.65,0
20200721,1595260800000,11.07,11.350000000000001,11.05,11.200000000000001,32064,35954944.0,0.0,15,11.13,0
20200722,1595347200000,11.16,11.2,10.92,10.94,33353,36913541.0,0.0,15,11.2,0
20200723,1595433600000,10.9,10.91,10.52,10.799999999999999,31316,33611612.00000001,0.0,15,10.94,0
20200724,1595520000000,10.79,11.14,10.51,10.549999999999999,33807,36578078.0,0.0,15,10.799999999999999,0
20200727,1595779200000,10.549999999999999,10.7,10.28,10.319999999999999,21471,22288366.000000004,0.0,15,10.549999999999999,0
20200728,1595865600000,10.290000000000001,10.55,10.290000000000001,10.420000000000002,13092,13647648.000000002,0.0,15,10.32,0
20200729,1595952000000,10.350000000000001,10.64,10.21,10.610000000000001,22641,23683575.0,0.0,15,10.420000000000002,0
20200730,1596038400000,10.629999999999999,10.79,10.59,10.709999999999999,20769,22206045.0,0.0,15,10.61,0
20200731,1596124800000,10.7,10.879999999999999,10.52,10.719999999999999,18627,19995592.0,0.0,15,10.709999999999999,0
20200803,1596384000000,10.72,11.09,10.72,11.0,17356,19010229.0,0.0,15,10.72,0
20200804,1596470400000,11.080000000000002,11.180000000000001,10.950000000000001,11.040000000000001,27422,30329926.000000004,0.0,15,11.000000000000002,0
20200805,1596556800000,11.05,11.25,10.97,11.17,26992,30066564.000000004,0.0,15,11.040000000000001,0
20200806,1596643200000,11.2,11.22,10.84,11.01,20107,22102526.0,0.0,15,11.17,0
20200807,1596729600000,10.99,11.09,10.68,10.89,21873,23728115.000000004,0.0,15,11.01,0
20200810,1596988800000,10.850000000000001,11.15,10.8,11.08,21889,24176751.0,0.0,15,10.89,0
20200811,1597075200000,11.13,11.200000000000001,10.700000000000001,10.780000000000001,23015,25167463.0,0.0,15,11.080000000000002,0
20200812,1597161600000,10.73,10.94,10.58,10.92,21464,23093868.000000004,0.0,15,10.78,0
20200813,1597248000000,10.930000000000001,11.25,10.88,11.120000000000001,27842,30925882.0,0.0,15,10.92,0
20200814,1597334400000,11.12,11.27,11.02,11.27,21932,24481422.0,0.0,15,11.12,0
20200817,1597593600000,11.360000000000001,11.49,11.21,11.370000000000001,29129,33041600.0,0.0,15,11.270000000000001,0
20200818,1597680000000,11.36,11.42,11.18,11.209999999999999,18349,20679821.000000004,0.0,15,11.37,0
20200819,1597766400000,11.190000000000001,11.600000000000001,11.06,11.5,43294,49480230.0,0.0,15,11.21,0
20200820,1597852800000,11.53,11.57,10.94,11.0,50883,56735336.0,0.0,15,11.5,0
20200821,1597939200000,11.06,11.790000000000001,10.99,11.31,42186,47994370.00000001,0.0,15,11.0,0
20200824,1598198400000,11.39,11.67,11.08,11.43,40038,45623497.0,0.0,15,11.31,0
20200825,1598284800000,11.61,11.979999999999999,11.36,11.93,63351,74700975.0,0.0,15,11.43,0
20200826,1598371200000,11.75,12.790000000000001,11.72,12.180000000000001,116115,143278138.00000003,0.0,15,11.930000000000001,0
20200827,1598457600000,12.09,12.879999999999999,11.69,12.649999999999999,102376,125895409.0,0.0,15,12.18,0
20200828,1598544000000,12.459999999999999,12.459999999999999,12.1,12.16,61069,74838342.0,0.0,15,12.65,0
20200831,1598803200000,12.18,12.22,11.82,11.93,46033,55035766.99999999,0.0,15,12.16,0
20200901,1598889600000,12.05,12.16,11.82,12.13,40781,48936227.0,0.0,15,11.93,0
20200902,1598976000000,12.030000000000001,12.860000000000001,11.950000000000001,12.420000000000002,88010,109280203.0,0.0,15,12.13,0
20200903,1599062400000,12.4,12.4,11.67,11.76,69847,83900136.0,0.0,15,12.42,0
20200904,1599148800000,11.52,12.09,11.43,12.02,56981,67747480.0,0.0,15,11.76,0
20200907,1599408000000,12.02,12.58,11.91,12.09,76494,94167076.0,0.0,15,12.02,0
20200908,1599494400000,12.19,12.98,12.16,12.870000000000001,109210,137553536.99999997,0.0,15,12.09,0
20200909,1599580800000,12.700000000000001,13.780000000000001,12.56,12.950000000000001,147122,193900975.0,0.0,15,12.870000000000001,0
20200910,1599667200000,12.99,13.280000000000001,11.24,11.33,111362,134028097.00000001,0.0,15,12.95,0
20200911,1599753600000,11.0,11.49,10.93,11.39,57252,64448561.0,0.0,15,11.33,0
20200914,1600012800000,11.4,12.4,11.33,11.99,79387,94513721.0,0.0,15,11.39,0
20200915,1600099200000,12.1,12.17,11.6,11.79,54288,64506364.0,0.0,15,11.99,0
20200916,1600185600000,11.73,11.92,11.4,11.6,46137,53714926.0,0.0,15,11.790000000000001,0
20200917,1600272000000,11.55,12.46,11.48,12.360000000000001,90677,109921896.0,0.0,15,11.6,0
20200918,1600358400000,12.35,12.41,12.0,12.25,59581,72338609.00000001,0.0,15,12.36,0
20200921,1600617600000,12.100000000000001,12.21,11.72,12.01,58668,69977037.0,0.0,15,12.25,0
20200922,1600704000000,11.87,11.95,11.52,11.629999999999999,39774,46763082.0,0.0,15,12.01,0
20200923,1600790400000,11.700000000000001,12.85,11.57,12.67,125446,155474188.0,0.0,15,11.63,0
20200924,1600876800000,12.48,12.740000000000002,12.030000000000001,12.190000000000001,62537,76808900.0,0.0,15,12.670000000000002,0
20200925,1600963200000,12.260000000000002,12.34,11.8,11.930000000000001,49152,59010931.0,0.0,15,12.190000000000001,0
20200928,1601222400000,11.93,13.0,11.82,12.64,102567,128332066.0,0.0,15,11.93,0
20200929,1601308800000,12.53,13.15,12.43,13.07,142373,182039630.0,0.0,15,12.64,0
20200930,1601395200000,12.92,12.969999999999999,12.36,12.649999999999999,89477,113128872.0,0.0,15,13.07,0
20201009,1602172800000,12.7,13.25,12.69,13.23,107223,139320916.0,0.0,15,12.65,0
20201012,1602432000000,13.08,13.73,13.0,13.64,158651,212440962.0,0.0,15,13.23,0
20201013,1602518400000,13.450000000000001,15.900000000000002,13.280000000000001,14.950000000000001,232355,339691446.0,0.0,15,13.64,0
20201014,1602604800000,14.67,15.35,14.18,14.459999999999999,178504,258978365.0,0.0,15,14.95,0
20201015,1602691200000,14.17,14.34,13.76,13.99,114511,160651156.00000003,0.0,15,14.459999999999999,0
20201016,1602777600000,13.79,14.29,13.67,14.1,83345,116574567.0,0.0,15,13.99,0
20201019,1603036800000,14.010000000000002,14.260000000000002,13.3,13.46,94168,130241963.00000001,0.0,15,14.100000000000001,0
20201020,1603123200000,13.37,13.87,13.11,13.77,75549,102349012.0,0.0,15,13.459999999999999,0
20201021,1603209600000,13.68,13.72,13.09,13.19,69439,92536543.0,0.0,15,13.77,0
20201022,1603296000000,13.200000000000001,13.360000000000001,12.9,13.27,54074,71139365.0,0.0,15,13.19,0
20201023,1603382400000,13.200000000000001,13.590000000000002,13.120000000000001,13.440000000000001,65692,88101569.0,0.0,15,13.270000000000001,0
20201026,1603641600000,13.31,13.74,13.22,13.72,73503,99917813.0,0.0,15,13.440000000000001,0
20201027,1603728000000,13.5,13.66,12.61,13.01,108957,142840484.99999997,0.0,15,13.719999999999999,0
20201028,1603814400000,12.99,13.28,12.61,13.18,69939,91019208.0,0.0,15,13.01,0
20201029,1603900800000,12.9,13.5,12.75,13.3,54674,72244717.0,0.0,15,13.18,0
20201030,1603987200000,13.23,13.42,12.59,12.59,53360,69088551.00000001,0.0,15,13.3,0
20201102,1604246400000,12.54,12.91,12.36,12.83,36836,46859924.0,0.0,15,12.59,0
20201103,1604332800000,12.8,13.21,12.73,13.1,39794,51929435.0,0.0,15,12.83,0
20201104,1604419200000,13.1,13.24,12.76,12.9,29206,37752030.00000001,0.0,15,13.1,0
20201105,1604505600000,13.0,13.09,12.85,13.049999999999999,38144,49616559.0,0.0,15,12.9,0
20201106,1604592000000,13.090000000000002,13.090000000000002,12.46,12.48,41757,52754026.99999999,0.0,15,13.05,0
20201109,1604851200000,12.52,12.85,12.52,12.799999999999999,38249,48724531.00000001,0.0,15,12.48,0
20201110,1604937600000,12.81,13.270000000000001,12.63,13.21,71549,92940223.0,0.0,15,12.8,0
20201111,1605024000000,13.06,13.75,12.88,13.680000000000001,110363,148454916.00000003,0.0,15,13.21,0
20201112,1605110400000,13.52,13.95,13.41,13.69,73352,99929224.0,0.0,15,13.68,0
20201113,1605196800000,13.700000000000001,13.740000000000002,13.200000000000001,13.700000000000001,71741,96788315.0,0.0,15,13.690000000000001,0
20201116,1605456000000,13.61,14.39,13.5,14.12,113482,158040007.0,0.0,15,13.7,0
20201117,1605542400000,13.93,14.23,13.33,13.540000000000001,92057,126210199.0,0.0,15,14.120000000000001,0
20201118,1605628800000,13.52,14.32,13.4,14.25,145482,205180006.0,0.0,15,13.540000000000001,0
20201119,1605715200000,14.1,14.16,13.61,14.04,90071,124730584.00000001,0.0,15,14.25,0
20201120,1605801600000,13.9,13.96,13.4,13.52,83465,113474949.0,0.0,15,14.040000000000001,0
20201123,1606060800000,13.51,13.6,12.17,12.22,143644,180993695.0,0.0,15,13.52,0
20201124,1606147200000,12.23,12.33,11.89,12.040000000000001,67576,81583313.0,0.0,15,12.22,0
20201125,1606233600000,12.02,12.03,11.53,11.549999999999999,67955,79482714.0,0.0,15,12.04,0
20201126,1606320000000,11.56,11.65,11.33,11.58,43976,50593484.0,0.0,15,11.55,0
20201127,1606406400000,11.55,11.58,11.15,11.280000000000001,48119,54491865.0,0.0,15,11.58,0
20201130,1606665600000,11.26,11.4,11.16,11.21,37846,42666223.99999999,0.0,15,11.28,0
20201201,1606752000000,11.25,11.389999999999999,11.19,11.29,33274,37592373.0,0.0,15,11.209999999999999,0
20201202,1606838400000,11.31,11.34,11.16,11.18,34385,38596497.00000001,0.0,15,11.290000000000001,0
20201203,1606924800000,11.22,11.340000000000002,10.950000000000001,11.290000000000001,46154,51551649.00000001,0.0,15,11.180000000000001,0
20201204,1607011200000,11.2,11.35,11.19,11.28,28186,31826444.0,0.0,15,11.29,0
20201207,1607270400000,11.3,11.350000000000001,11.200000000000001,11.250000000000002,18481,20813594.0,0.0,15,11.280000000000001,0
20201208,1607356800000,11.26,11.26,11.0,11.01,30573,33972250.0,0.0,15,11.25,0
20201209,1607443200000,11.020000000000001,11.05,10.540000000000001,10.58,49976,53815570.0,0.0,15,11.010000000000002,0
20201210,1607529600000,10.49,10.81,10.450000000000001,10.65,20145,21457773.000000004,0.0,15,10.580000000000002,0
20201211,1607616000000,10.68,10.68,10.24,10.290000000000001,26274,27260747.0,0.0,15,10.65,0
20201214,1607875200000,10.31,10.63,10.25,10.61,25297,26545397.0,0.0,15,10.29,0
20201215,1607961600000,10.61,10.7,10.5,10.55,13009,13786509.0,0.0,15,10.61,0
20201216,1608048000000,10.52,10.58,10.17,10.2,23153,23860354.0,0.0,15,10.55,0
20201217,1608134400000,10.23,10.57,10.05,10.55,29065,30096699.000000004,0.0,15,10.200000000000001,0
20201218,1608220800000,10.5,10.59,10.26,10.299999999999999,19739,20531915.000000004,0.0,15,10.549999999999999,0
20201221,1608480000000,10.280000000000001,10.48,10.23,10.34,19780,20524581.000000004,0.0,15,10.3,0
20201222,1608566400000,10.36,10.469999999999999,10.1,10.15,26153,26928444.000000004,0.0,15,10.34,0
20201223,1608652800000,10.18,10.32,10.1,10.2,17882,18228516.0,0.0,15,10.15,0
20201224,1608739200000,10.1,10.139999999999999,9.86,9.979999999999999,27612,27569862.0,0.0,15,10.2,0
20201225,1608825600000,9.93,10.22,9.92,10.02,21751,21933653.0,0.0,15,9.98,0
20201228,1609084800000,10.01,10.02,9.6,9.7,31675,30818657.0,0.0,15,10.02,0
20201229,1609171200000,9.69,9.979999999999999,9.69,9.75,23774,23342111.0,0.0,15,9.7,0
20201230,1609257600000,9.65,9.860000000000001,9.65,9.72,19836,19414919.000000004,0.0,15,9.75,0
20201231,1609344000000,9.72,10.0,9.72,9.96,30120,29784449.0,0.0,15,9.72,0
20210104,1609689600000,9.88,10.200000000000001,9.870000000000001,10.080000000000002,23840,23975838.0,0.0,15,9.96,0
20210105,1609776000000,10.100000000000001,10.100000000000001,9.8,9.9,30075,29831020.0,0.0,15,10.08,0
20210106,1609862400000,9.82,9.97,9.58,9.66,29714,28787566.0,0.0,15,9.9,0
20210107,1609948800000,9.66,9.66,9.040000000000001,9.190000000000001,44131,40896363.0,0.0,15,9.66,0
20210108,1610035200000,9.09,9.66,8.92,9.66,53577,50630311.0,0.0,15,9.19,0
20210111,1610294400000,9.49,9.68,9.41,9.51,21259,20250817.0,0.0,15,9.66,0
20210112,1610380800000,9.42,9.5,9.03,9.19,44397,40882119.00000001,0.0,15,9.51,0
20210113,1610467200000,9.1,9.12,8.76,8.81,32147,28563713.000000004,0.0,15,9.19,0
20210114,1610553600000,8.780000000000001,9.05,8.71,8.91,15170,13492056.0,0.0,15,8.81,0
20210115,1610640000000,8.899999999999999,9.28,8.86,9.19,22082,20127236.0,0.0,15,8.91,0
20210118,1610899200000,9.09,9.379999999999999,9.09,9.26,20516,19039449.0,0.0,15,9.19,0
20210119,1610985600000,9.27,9.44,9.24,9.35,18990,17752124.000000004,0.0,15,9.26,0
20210120,1611072000000,9.35,9.38,9.15,9.24,14959,13834335.0,0.0,15,9.35,0
20210121,1611158400000,9.3,9.49,9.17,9.28,18876,17593481.0,0.0,15,9.24,0
20210122,1611244800000,9.2,9.299999999999999,9.01,9.01,29085,26536635.0,0.0,15,9.28,0
20210125,1611504000000,9.03,9.129999999999999,8.85,8.86,19880,17737066.0,0.0,15,9.01,0
20210126,1611590400000,8.86,8.959999999999999,8.78,8.879999999999999,16743,14832648.000000002,0.0,15,8.86,0
20210127,1611676800000,8.879999999999999,8.95,8.76,8.79,16730,14772510.000000002,0.0,15,8.879999999999999,0
20210128,1611763200000,8.790000000000001,8.870000000000001,8.72,8.76,12647,11126510.0,0.0,15,8.790000000000001,0
20210129,1611849600000,8.200000000000001,8.200000000000001,7.0600000000000005,7.3100000000000005,120090,89185710.0,0.0,15,8.76,0
20210201,1612108800000,7.12,7.49,7.11,7.25,60233,44092917.0,0.0,15,7.3100000000000005,0
20210202,1612195200000,7.250000000000001,7.36,7.0600000000000005,7.170000000000001,45605,32715533.0,0.0,15,7.250000000000001,0
20210203,1612281600000,7.08,7.23,6.95,6.98,35499,25023873.000000004,0.0,15,7.17,0
20210204,1612368000000,6.96,7.01,6.66,6.78,38295,26037088.0,0.0,15,6.98,0
20210205,1612454400000,6.79,7.01,6.7,6.73,24661,16913044.0,0.0,15,6.78,0
20210208,1612713600000,6.89,7.04,6.72,6.95,28953,19969959.000000004,0.0,15,6.7299999999999995,0
20210209,1612800000000,7.0,7.19,6.99,7.16,26613,18946196.0,0.0,15,6.95,0
20210210,1612886400000,7.170000000000001,7.290000000000001,7.0600000000000005,7.090000000000001,22595,16130622.000000002,0.0,15,7.16,0
20210218,1613577600000,7.2,7.44,7.19,7.3500000000000005,29736,21854354.0,0.0,15,7.090000000000001,0
20210219,1613664000000,7.3100000000000005,7.7700000000000005,7.3100000000000005,7.73,24799,18823213.000000004,0.0,15,7.3500000000000005,0
20210222,1613923200000,7.73,8.32,7.7,8.05,51146,41191857.00000001,0.0,15,7.73,0
20210223,1614009600000,8.13,8.13,7.8500000000000005,7.920000000000001,24553,19540770.000000004,0.0,15,8.05,0
20210224,1614096000000,7.87,8.15,7.87,8.01,21009,16881428.0,0.0,15,7.92,0
20210225,1614182400000,8.09,8.14,7.92,7.96,19029,15213205.999999998,0.0,15,8.01,0
20210226,1614268800000,7.8999999999999995,8.24,7.84,8.06,29680,24036866.0,0.0,15,7.96,0
20210301,1614528000000,8.1,8.62,8.1,8.56,43115,36538661.00000001,0.0,15,8.06,0
20210302,1614614400000,8.5,8.68,8.4,8.530000000000001,21721,18490252.0,0.0,15,8.56,0
20210303,1614700800000,8.49,8.66,8.44,8.52,19754,16823565.999999996,0.0,15,8.53,0
20210304,1614787200000,8.5,8.57,8.38,8.42,17810,15069820.0,0.0,15,8.520000000000001,0
20210305,1614873600000,8.430000000000001,8.59,8.3,8.520000000000001,14294,12138886.0,0.0,15,8.42,0
20210308,1615132800000,8.5,8.65,8.48,8.57,20219,17315683.0,0.0,15,8.52,0
20210309,1615219200000,8.52,8.59,8.02,8.309999999999999,25746,21607236.0,0.0,15,8.57,0
20210310,1615305600000,8.38,8.51,8.06,8.06,19578,16006599.0,0.0,15,8.31,0
20210311,1615392000000,8.05,8.17,7.95,8.17,15153,12242442.0,0.0,15,8.06,0
20210312,1615478400000,8.280000000000001,8.350000000000001,8.05,8.25,18052,14819895.0,0.0,15,8.17,0
20210315,1615737600000,8.16,8.450000000000001,8.15,8.27,17386,14459481.000000002,0.0,15,8.25,0
20210316,1615824000000,8.3,8.66,8.25,8.65,32741,27785635.000000004,0.0,15,8.27,0
20210317,1615910400000,8.65,8.98,8.4,8.59,40946,35312328.00000001,0.0,15,8.65,0
20210318,1615996800000,8.5,8.7,8.45,8.479999999999999,26523,22673209.0,0.0,15,8.59,0
20210319,1616083200000,8.370000000000001,8.610000000000001,8.370000000000001,8.4,18918,16065092.000000002,0.0,15,8.48,0
20210322,1616342400000,8.459999999999999,9.049999999999999,8.36,8.75,54994,47945125.00000001,0.0,15,8.399999999999999,0
20210323,1616428800000,8.71,8.8,8.3,8.33,49316,41746822.0,0.0,15,8.75,0
20210324,1616515200000,8.25,8.68,8.25,8.39,40716,34564850.0,0.0,15,8.33,0
20210325,1616601600000,8.39,8.48,7.99,7.99,39864,32329356.0,0.0,15,8.39,0
20210326,1616688000000,8.03,8.129999999999999,7.97,8.08,16577,13361473.000000002,0.0,15,7.989999999999999,0
20210329,1616947200000,8.1,8.17,7.86,7.88,23445,18667705.0,0.0,15,8.08,0
20210330,1617033600000,7.86,7.890000000000001,7.6000000000000005,7.630000000000001,19618,15118259.0,0.0,15,7.880000000000001,0
20210331,1617120000000,7.73,8.15,7.640000000000001,8.07,27307,21659966.0,0.0,15,7.630000000000001,0
20210401,1617206400000,8.049999999999999,8.06,7.76,7.83,20553,16120576.0,0.0,15,8.07,0
20210402,1617292800000,7.76,7.87,7.7,7.75,14662,11387705.0,0.0,15,7.83,0
20210406,1617638400000,7.72,8.02,7.71,7.9,20236,15981105.0,0.0,15,7.75,0
20210407,1617724800000,7.91,8.09,7.8500000000000005,8.020000000000001,18353,14681276.0,0.0,15,7.9,0
20210408,1617811200000,8.02,8.08,7.75,7.77,20539,16200064.000000002,0.0,15,8.02,0
20210409,1617897600000,7.800000000000001,7.840000000000001,7.73,7.8100000000000005,9823,7655649.0,0.0,15,7.7700000000000005,0
20210412,1618156800000,7.99,8.18,7.86,7.890000000000001,39342,31570171.000000004,0.0,15,7.8100000000000005,0
20210413,1618243200000,7.6899999999999995,9.47,7.59,9.47,158061,140920160.00000003,0.0,15,7.89,0
20210414,1618329600000,9.51,11.36,9.51,11.36,368273,384949816.0,0.0,15,9.47,0
20210415,1618416000000,10.709999999999999,11.1,9.69,9.729999999999999,294795,304577694.0,0.0,15,11.36,0
20210416,1618502400000,9.6,10.1,9.6,9.67,207141,202715238.99999997,0.0,15,9.73,0
20210419,1618761600000,9.459999999999999,9.67,9.27,9.27,175647,164376938.0,0.0,15,9.67,0
20210420,1618848000000,9.43,9.559999999999999,9.27,9.35,145500,136922577.0,0.0,15,9.27,0
20210421,1618934400000,9.280000000000001,9.3,8.950000000000001,9.080000000000002,118781,107954949.0,0.0,15,9.350000000000001,0
20210422,1619020800000,9.0,9.14,8.92,8.959999999999999,76574,68882369.0,0.0,15,9.08,0
20210423,1619107200000,9.02,9.36,8.77,9.27,163451,148687858.0,0.0,15,8.959999999999999,0
20210426,1619366400000,9.149999999999999,9.149999999999999,8.61,8.61,113513,100326404.0,0.0,15,9.27,0
20210427,1619452800000,8.3,8.36,7.91,8.26,118288,96070053.00000001,0.0,15,8.61,0
20210428,1619539200000,8.26,8.26,7.98,8.01,71364,57711209.0,0.0,15,8.26,0
20210429,1619625600000,7.98,8.24,7.9,7.9,76949,62218296.0,0.0,15,8.01,0
20210430,1619712000000,7.8500000000000005,8.110000000000001,7.8500000000000005,8.01,52172,41726106.00000001,0.0,15,7.9,0
20210506,1620230400000,7.9799999999999995,8.08,7.84,7.97,46109,36706625.00000001,0.0,15,8.01,0
20210507,1620316800000,7.97,8.12,7.92,7.96,42493,34065902.0,0.0,15,7.97,0
20210510,1620576000000,7.97,8.08,7.75,7.79,50914,40257284.0,0.0,15,7.96,0
20210511,1620662400000,7.83,8.1,7.72,8.1,74224,59132881.0,0.0,15,7.79,0
20210512,1620748800000,8.11,9.389999999999999,8.11,8.7,155042,136339747.0,0.0,15,8.1,0
20210513,1620835200000,8.73,8.97,8.41,8.78,124871,108684410.0,0.0,15,8.7,0
20210514,1620921600000,8.66,9.3,8.66,8.8,134692,120997290.0,0.0,15,8.78,0
20210517,1621180800000,8.76,8.8,8.32,8.41,94521,80333839.0,0.0,15,8.8,0
20210518,1621267200000,8.47,8.540000000000001,8.31,8.540000000000001,53125,44917905.0,0.0,15,8.41,0
20210519,1621353600000,8.67,9.08,8.61,8.74,100569,88716497.00000001,0.0,15,8.54,0
20210520,1621440000000,8.63,8.83,8.49,8.49,68445,58830301.0,0.0,15,8.74,0
20210521,1621526400000,8.45,8.62,8.28,8.36,55048,46472132.0,0.0,15,8.49,0
20210524,1621785600000,8.52,8.87,8.34,8.87,86873,75167385.0,0.0,15,8.36,0
20210525,1621872000000,8.709999999999999,8.85,8.6,8.84,64327,56011640.0,0.0,15,8.87,0
20210526,1621958400000,8.75,8.89,8.67,8.69,53911,47272711.0,0.0,15,8.84,0
20210527,1622044800000,8.73,8.81,8.63,8.65,42955,37367016.00000001,0.0,15,8.690000000000001,0
20210528,1622131200000,8.75,9.290000000000001,8.56,9.190000000000001,116696,104147938.0,0.0,15,8.65,0
20210531,1622390400000,9.17,9.26,8.91,9.05,99341,89793636.0,0.0,15,9.19,0
20210601,1622476800000,8.95,9.68,8.76,9.31,109644,100484401.00000001,0.0,15,9.049999999999999,0
20210602,1622563200000,9.200000000000001,9.24,8.99,9.13,71848,65380200.0,0.0,15,9.31,0
20210603,1622649600000,9.04,9.12,8.92,8.97,44995,40549132.0,0.0,15,9.13,0
20210604,1622736000000,8.92,9.07,8.74,8.77,41156,36686103.0,0.0,15,8.97,0
20210607,1622995200000,8.84,9.13,8.75,9.08,50795,45541053.0,0.0,15,8.77,0
20210608,1623081600000,9.02,9.14,8.82,8.91,37389,33422293.0,0.0,15,9.08,0
20210609,1623168000000,8.99,9.17,8.84,9.01,47461,42881513.0,0.0,15,8.91,0
20210610,1623254400000,9.03,9.09,8.85,8.889999999999999,38052,33911716.99999999,0.0,15,9.01,0
20210611,1623340800000,8.950000000000001,9.05,8.870000000000001,8.870000000000001,30946,27705649.0,0.0,15,8.89,0
20210615,1623686400000,8.95,9.0,8.45,8.469999999999999,48799,42162525.0,0.0,15,8.87,0
20210616,1623772800000,8.55,8.55,8.25,8.28,31764,26664613.999999996,0.0,15,8.47,0
20210617,1623859200000,8.26,8.530000000000001,8.23,8.51,29968,25102130.0,0.0,15,8.280000000000001,0
20210618,1623945600000,8.399999999999999,8.469999999999999,8.2,8.41,36297,30328716.000000004,0.0,15,8.51,0
20210621,1624204800000,8.4,8.520000000000001,8.3,8.5,23822,20139708.0,0.0,15,8.41,0
20210622,1624291200000,8.5,8.729999999999999,8.44,8.7,32657,28153277.0,0.0,15,8.5,0
20210623,1624377600000,8.62,8.979999999999999,8.61,8.67,37777,33102069.0,0.0,15,8.7,0
20210624,1624464000000,8.600000000000001,9.090000000000002,8.540000000000001,9.05,72501,64314106.0,0.0,15,8.670000000000002,0
20210625,1624550400000,8.98,9.120000000000001,8.8,9.100000000000001,66009,59192620.00000001,0.0,15,9.05,0
20210628,1624809600000,9.01,9.03,8.76,8.79,52282,46501025.00000001,0.0,15,9.1,0
20210629,1624896000000,8.850000000000001,9.200000000000001,8.700000000000001,8.910000000000002,58443,52545871.00000001,0.0,15,8.790000000000001,0
20210630,1624982400000,8.86,9.27,8.85,9.18,70486,64161799.0,0.0,15,8.91,0
20210701,1625068800000,9.11,9.18,8.75,8.77,51833,46508229.00000001,0.0,15,9.18,0
20210702,1625155200000,8.770000000000001,9.100000000000001,8.72,8.860000000000001,42764,38177471.0,0.0,15,8.770000000000001,0
20210705,1625414400000,8.86,9.18,8.86,9.16,58691,53425678.0,0.0,15,8.86,0
20210706,1625500800000,9.200000000000001,9.21,8.96,9.120000000000001,44452,40334877.0,0.0,15,9.16,0
20210707,1625587200000,9.049999999999999,9.45,9.03,9.11,54037,49702052.0,0.0,15,9.12,0
20210708,1625673600000,9.110000000000001,9.27,8.9,8.9,48451,43812187.0,0.0,15,9.110000000000001,0
20210709,1625760000000,8.88,9.360000000000001,8.8,9.25,65470,59988149.00000001,0.0,15,8.9,0
20210712,1626019200000,9.4,9.58,9.26,9.28,77094,72564623.0,0.0,15,9.25,0
20210713,1626105600000,9.46,9.56,9.23,9.5,60080,56659398.00000001,0.0,15,9.280000000000001,0
20210714,1626192000000,9.5,9.52,9.18,9.18,47042,43708973.00000001,0.0,15,9.5,0
20210715,1626278400000,9.15,9.23,8.75,8.9,51798,46182447.0,0.0,15,9.18,0
20210716,1626364800000,8.89,8.93,8.66,8.69,45923,40370635.0,0.0,15,8.9,0
20210719,1626624000000,8.69,8.729999999999999,8.45,8.6,31816,27188577.0,0.0,15,8.69,0
20210720,1626710400000,8.600000000000001,8.680000000000001,8.46,8.66,23731,20364613.0,0.0,15,8.600000000000001,0
20210721,1626796800000,9.129999999999999,10.389999999999999,9.03,10.389999999999999,288826,292187437.00000006,0.0,15,8.66,0
20210722,1626883200000,10.3,10.3,9.65,9.790000000000001,263562,260501119.99999997,0.0,15,10.39,0
20210723,1626969600000,10.040000000000001,10.090000000000002,9.46,9.590000000000002,149817,145186264.0,0.0,15,9.790000000000001,0
20210726,1627228800000,9.51,9.85,9.4,9.55,119150,114170884.0,0.0,15,9.59,0
20210727,1627315200000,9.64,9.700000000000001,9.05,9.100000000000001,93302,87076312.99999999,0.0,15,9.55,0
20210728,1627401600000,9.0,9.09,8.45,8.53,83267,72053736.0,0.0,15,9.1,0
20210729,1627488000000,8.57,8.91,8.57,8.84,66383,58158888.0,0.0,15,8.530000000000001,0
20210730,1627574400000,8.76,9.42,8.74,9.17,84361,77038905.0,0.0,15,8.84,0
20210802,1627833600000,9.13,9.44,9.07,9.370000000000001,63869,59371176.0,0.0,15,9.17,0
20210803,1627920000000,9.370000000000001,9.450000000000001,9.21,9.38,56149,52434720.0,0.0,15,9.370000000000001,0
20210804,1628006400000,9.379999999999999,9.54,9.27,9.4,43003,40297090.0,0.0,15,9.379999999999999,0
20210805,1628092800000,9.39,9.57,9.15,9.48,58687,54937808.0,0.0,15,9.4,0
20210806,1628179200000,9.46,9.47,9.15,9.280000000000001,46464,43101538.0,0.0,15,9.48,0
20210809,1628438400000,9.21,9.580000000000002,9.200000000000001,9.580000000000002,59458,56304721.00000001,0.0,15,9.280000000000001,0
20210810,1628524800000,9.52,9.75,9.48,9.6,59361,57166451.0,0.0,15,9.58,0
20210811,1628611200000,9.52,9.75,9.52,9.66,42421,40902992.00000001,0.0,15,9.6,0
20210812,1628697600000,9.66,9.879999999999999,9.53,9.85,63384,61757791.0,0.0,15,9.66,0
20210813,1628784000000,9.76,9.83,9.64,9.72,40413,39297809.0,0.0,15,9.850000000000001,0
20210816,1629043200000,9.69,9.709999999999999,9.51,9.59,37121,35579960.0,0.0,15,9.72,0
20210817,1629129600000,9.64,9.680000000000001,9.22,9.24,43131,40907385.0,0.0,15,9.59,0
20210818,1629216000000,9.21,9.82,9.21,9.74,68644,65934233.0,0.0,15,9.24,0
20210819,1629302400000,9.71,9.81,9.33,9.46,46733,44384452.0,0.0,15,9.74,0
20210820,1629388800000,9.4,9.42,9.01,9.36,35301,32625585.0,0.0,15,9.459999999999999,0
20210823,1629648000000,9.34,9.84,9.31,9.75,48615,47112256.0,0.0,15,9.360000000000001,0
20210824,1629734400000,9.6,9.61,8.66,8.9,134188,121244574.00000001,0.0,15,9.75,0
20210825,1629820800000,8.76,9.299999999999999,8.69,9.12,82141,74249680.0,0.0,15,8.9,0
20210826,1629907200000,9.21,9.42,9.05,9.08,51158,47054708.0,0.0,15,9.120000000000001,0
20210827,1629993600000,9.12,9.24,8.85,8.92,46996,42305640.0,0.0,15,9.08,0
20210830,1630252800000,8.92,9.74,8.8,9.63,118811,110419177.00000001,0.0,15,8.92,0
20210831,1630339200000,10.01,11.53,10.01,10.47,270973,289240144.0,0.0,15,9.629999999999999,0
20210901,1630425600000,10.49,10.75,9.88,9.940000000000001,210742,217655534.0,0.0,15,10.47,0
20210902,1630512000000,10.01,10.91,10.01,10.49,185654,193575085.0,0.0,15,9.94,0
20210903,1630598400000,10.54,10.799999999999999,10.11,10.17,128306,132880185.99999999,0.0,15,10.49,0
20210906,1630857600000,10.110000000000001,10.280000000000001,9.81,10.05,88618,88869069.00000001,0.0,15,10.17,0
20210907,1630944000000,10.06,10.440000000000001,9.96,10.33,79566,81432593.0,0.0,15,10.05,0
20210908,1631030400000,10.37,10.4,10.1,10.209999999999999,66743,68283837.0,0.0,15,10.33,0
20210909,1631116800000,10.23,12.25,10.16,12.25,234385,267951158.0,0.0,15,10.21,0
20210910,1631203200000,12.93,14.02,11.56,13.98,404294,515327209.0,0.0,15,12.25,0
20210913,1631462400000,14.450000000000001,16.78,14.450000000000001,16.78,144278,229757720.0,0.0,15,13.98,0
20210914,1631548800000,20.0,20.14,18.1,20.14,300836,585161290.0,0.0,15,16.78,0
20210915,1631635200000,21.1,24.17,19.6,24.17,492867,1111884836.0,0.0,15,20.14,0
20210916,1631721600000,24.5,25.1,23.1,24.48,451614,1096033721.0,0.0,15,24.17,0
20210917,1631808000000,24.349999999999998,27.2,23.77,25.39,418976,1069491482.0000001,0.0,15,24.48,0
20210922,1632240000000,25.39,25.39,25.39,25.39,0,0.0,0.0,0,25.39,1
20210923,1632326400000,25.39,25.39,25.39,25.39,0,0.0,0.0,0,25.39,1
20210924,1632412800000,25.39,25.39,25.39,25.39,0,0.0,0.0,0,25.39,1
20210927,1632672000000,25.39,25.39,25.39,25.39,0,0.0,0.0,0,25.39,1
20210928,1632758400000,25.39,25.39,25.39,25.39,0,0.0,0.0,0,25.39,1
20210929,1632844800000,21.759999999999998,23.099999999999998,20.31,20.31,309917,665334694.0,0.0,15,25.39,0
20210930,1632931200000,19.18,21.4,18.88,19.81,348348,692845704.0,0.0,15,20.31,0
20211008,1633622400000,20.51,22.880000000000003,20.51,21.470000000000002,337801,726559631.0,0.0,15,19.810000000000002,0
20211011,1633881600000,19.5,19.99,17.63,18.05,373249,695461992.0,0.0,15,21.47,0
20211012,1633968000000,18.06,18.259999999999998,16.34,17.29,338695,578744412.0,0.0,15,18.05,0
20211013,1634054400000,17.08,17.08,16.2,16.68,230003,382363905.0,0.0,15,17.29,0
20211014,1634140800000,16.57,17.3,15.9,17.12,277693,463910856.99999994,0.0,15,16.68,0
20211015,1634227200000,17.25,17.67,15.96,16.0,262035,434063744.99999994,0.0,15,17.12,0
20211018,1634486400000,16.19,17.07,15.91,16.89,238820,396221376.0,0.0,15,16.0,0
20211019,1634572800000,17.2,18.22,16.9,17.88,367225,646660535.0,0.0,15,16.889999999999997,0
20211020,1634659200000,17.28,21.46,17.0,21.46,352273,695222940.0,0.0,15,17.88,0
20211021,1634745600000,22.2,25.75,22.2,25.75,302683,720852487.9999999,0.0,15,21.46,0
20211022,1634832000000,26.500000000000004,30.900000000000002,26.080000000000002,28.400000000000002,481597,1375236983.0,0.0,15,25.750000000000004,0
20211025,1635091200000,29.009999999999998,34.08,27.72,34.08,389834,1221818001.0,0.0,15,28.4,0
20211026,1635177600000,35.74,36.18,32.21,33.39,376270,1269553837.0,0.0,15,34.08,0
20211027,1635264000000,33.35,34.88,31.86,34.28,370825,1242118055.0,0.0,15,33.39,0
20211028,1635350400000,34.7,34.980000000000004,31.14,31.85,343175,1119847302.0,0.0,15,34.28,0
20211029,1635436800000,32.63,35.38,32.1,33.18,362937,1214050882.0,0.0,15,31.85,0
20211101,1635696000000,31.12,32.800000000000004,29.85,32.300000000000004,297922,942986466.0000001,0.0,15,33.18,0
20211102,1635782400000,32.64,32.9,27.19,28.09,397471,1162395261.0,0.0,15,32.300000000000004,0
20211103,1635868800000,28.09,30.5,27.8,29.7,373652,1094914519.0,0.0,15,28.09,0
20211104,1635955200000,29.51,35.64,28.46,35.64,360544,1160929908.0000002,0.0,15,29.7,0
20211105,1636041600000,37.57,42.77,37.57,42.77,491412,2025686115.0,0.0,15,35.64,0
20211108,1636300800000,45.18,46.2,40.88,42.59,383961,1672078239.0,0.0,15,42.77,0
20211109,1636387200000,43.8,44.1,39.4,42.69,313785,1314526413.0,0.0,15,42.589999999999996,0
20211110,1636473600000,41.900000000000006,51.230000000000004,40.63,51.230000000000004,432600,1984369794.0,0.0,15,42.690000000000005,0
20211111,1636560000000,51.2,51.230000000000004,40.980000000000004,40.980000000000004,574268,2650926044.0000005,0.0,15,51.230000000000004,0
20211112,1636646400000,36.26,39.519999999999996,36.26,37.94,511280,1930934545.0000002,0.0,15,40.98,0
20211115,1636905600000,36.980000000000004,41.0,35.6,38.0,439820,1700924254.9999998,0.0,15,37.94,0
20211116,1636992000000,38.120000000000005,39.800000000000004,36.13,38.95,362295,1382901654.0,0.0,15,38.0,0
20211117,1637078400000,38.0,44.78,37.9,41.9,476357,1985289981.0,0.0,15,38.949999999999996,0
20211118,1637164800000,41.879999999999995,42.769999999999996,37.72,38.269999999999996,404288,1597258270.0,0.0,15,41.9,0
20211119,1637251200000,37.06,40.0,36.5,38.38,327818,1256251788.0,0.0,15,38.27,0
20211122,1637510400000,38.68,40.88,37.5,39.72,321563,1269767887.0000002,0.0,15,38.38,0
20211123,1637596800000,39.0,39.46,36.0,36.94,391020,1464728738.0,0.0,15,39.72,0
20211124,1637683200000,36.61,39.98,35.69,37.699999999999996,352869,1330331235.0,0.0,15,36.94,0
20211125,1637769600000,37.9,38.3,34.93,35.22,308620,1118668839.0,0.0,15,37.7,0
20211126,1637856000000,34.82,40.6,34.68,37.32,465988,1763182452.0,0.0,15,35.22,0
20211129,1638115200000,35.849999999999994,41.78,35.62,39.53,474567,1824876307.0,0.0,15,37.32,0
20211130,1638201600000,39.38,40.7,37.550000000000004,38.2,369982,1439764195.0000002,0.0,15,39.53,0
20211201,1638288000000,37.33,38.6,36.0,37.69,306546,1138825919.0,0.0,15,38.2,0
20211202,1638374400000,37.17,39.18,37.17,37.36,344519,1318576679.0,0.0,15,37.690000000000005,0
20211203,1638460800000,36.0,36.65,32.4,32.5,454165,1542436574.0000002,0.0,15,37.36,0
20211206,1638720000000,32.55,32.83,30.8,31.17,242839,761889466.0,0.0,15,32.5,0
20211207,1638806400000,31.6,31.720000000000002,30.8,31.2,147124,458161367.0,0.0,15,31.17,0
20211208,1638892800000,31.5,31.98,30.92,31.400000000000002,176974,555471770.0,0.0,15,31.200000000000003,0
20211209,1638979200000,31.740000000000002,31.740000000000002,30.400000000000002,30.590000000000003,185552,570726039.0,0.0,15,31.400000000000002,0
20211210,1639065600000,30.3,31.8,30.240000000000002,31.700000000000003,234243,732301355.0,0.0,15,30.590000000000003,0
20211213,1639324800000,32.0,33.300000000000004,31.42,32.730000000000004,278395,899324094.0000001,0.0,15,31.700000000000003,0
20211214,1639411200000,32.25,32.64,31.0,31.11,231000,732930637.0,0.0,15,32.73,0
20211215,1639497600000,31.06,31.66,30.34,30.46,183324,566424226.0,0.0,15,31.11,0
20211216,1639584000000,30.21,30.7,29.66,30.23,176268,530706771.0,0.0,15,30.46,0
20211217,1639670400000,29.96,30.330000000000002,28.3,28.35,220279,638186387.0,0.0,15,30.23,0
20211220,1639929600000,28.11,28.69,27.5,27.53,168177,469721905.0,0.0,15,28.35,0
20211221,1640016000000,27.87,28.64,27.68,28.04,130817,367905833.0,0.0,15,27.53,0
20211222,1640102400000,27.8,28.57,27.66,27.76,130671,366240347.0,0.0,15,28.04,0
20211223,1640188800000,27.72,28.08,27.5,27.5,118339,328418161.0,0.0,15,27.76,0
20211224,1640275200000,27.32,29.96,26.62,28.0,333211,946755377.0000001,0.0,15,27.5,0
20211227,1640534400000,27.349999999999998,29.49,25.22,28.9,314372,869651902.0,0.0,15,28.0,0
20211228,1640620800000,28.51,30.5,28.25,29.89,310750,922550996.0,0.0,15,28.9,0
20211229,1640707200000,29.41,30.88,27.86,28.009999999999998,267354,781063086.0,0.0,15,29.89,0
20211230,1640793600000,27.8,28.71,26.95,27.099999999999998,218093,601312751.0,0.0,15,28.009999999999998,0
20211231,1640880000000,26.82,27.34,26.25,26.57,181854,487141995.0,0.0,15,27.1,0
20220104,1641225600000,26.57,26.85,25.82,25.89,153886,403422672.00000006,0.0,15,26.57,0
20220105,1641312000000,25.94,27.1,25.39,26.87,230098,601981834.0,0.0,15,25.89,0
20220106,1641398400000,26.3,27.5,25.63,26.689999999999998,195960,520949490.00000006,0.0,15,26.869999999999997,0
20220107,1641484800000,26.5,26.9,24.54,24.54,192338,493112107.00000006,0.0,15,26.689999999999998,0
20220110,1641744000000,24.3,25.299999999999997,24.13,24.599999999999998,103287,254287047.00000003,0.0,15,24.54,0
20220111,1641830400000,25.65,29.52,25.13,28.799999999999997,574744,1620965110.0000002,0.0,15,24.599999999999998,0
20220112,1641916800000,28.21,28.21,26.44,26.94,403767,1093579971.0,0.0,15,28.8,0
20220113,1642003200000,26.880000000000003,26.880000000000003,25.37,25.560000000000002,267743,691607168.0,0.0,15,26.94,0
20220114,1642089600000,26.2,27.17,25.5,25.5,256293,675023464.0,0.0,15,25.56,0
20220117,1642348800000,25.28,26.79,24.59,26.03,206510,532860304.99999994,0.0,15,25.5,0
20220118,1642435200000,25.76,26.17,24.71,24.79,191423,484418645.0,0.0,15,26.03,0
20220119,1642521600000,24.85,25.5,24.330000000000002,25.05,136977,339949335.0,0.0,15,24.790000000000003,0
20220120,1642608000000,24.79,24.85,22.21,22.53,234658,548655944.0,0.0,15,25.05,0
20220121,1642694400000,22.330000000000002,22.88,22.14,22.38,106662,239823108.00000003,0.0,15,22.53,0
20220124,1642953600000,22.05,23.66,22.0,22.82,129068,295559377.0,0.0,15,22.38,0
20220125,1643040000000,22.5,23.07,21.6,21.6,119927,266490507.0,0.0,15,22.82,0
20220126,1643126400000,21.72,22.3,21.38,21.669999999999998,90237,196559633.0,0.0,15,21.599999999999998,0
20220127,1643212800000,21.59,21.75,20.86,20.89,102730,217805515.0,0.0,15,21.669999999999998,0
20220128,1643299200000,21.2,21.46,20.66,20.99,93048,196512747.0,0.0,15,20.89,0
20220207,1644163200000,21.28,21.87,21.18,21.48,89987,193254249.0,0.0,15,20.99,0
20220208,1644249600000,21.36,21.78,20.93,21.68,103197,221026450.0,0.0,15,21.48,0
20220209,1644336000000,21.4,22.16,21.32,22.16,112613,246306618.00000003,0.0,15,21.68,0
20220210,1644422400000,23.990000000000002,25.0,22.51,22.8,298050,709364815.0,0.0,15,22.16,0
20220211,1644508800000,22.060000000000002,22.700000000000003,21.1,21.150000000000002,182547,395394608.00000006,0.0,15,22.8,0
20220214,1644768000000,20.380000000000003,21.44,20.150000000000002,20.8,111515,233456986.00000003,0.0,15,21.150000000000002,0
20220215,1644854400000,21.11,21.299999999999997,20.47,21.07,90199,188205516.0,0.0,15,20.799999999999997,0
20220216,1644940800000,21.1,22.1,20.85,21.46,135582,291791751.99999994,0.0,15,21.07,0
20220217,1645027200000,21.61,25.75,21.61,25.75,477854,1166873318.0,0.0,15,21.46,0
20220218,1645113600000,26.0,27.939999999999998,25.45,26.54,629334,1679965005.0000002,0.0,15,25.75,0
20220221,1645372800000,25.76,26.36,24.96,26.05,374450,962879669.0,0.0,15,26.54,0
20220222,1645459200000,25.700000000000003,27.500000000000004,25.310000000000002,27.290000000000003,447793,1192558419.0,0.0,15,26.05,0
20220223,1645545600000,26.66,31.45,26.25,28.38,489033,1381729599.0,0.0,15,27.29,0
20220224,1645632000000,27.7,30.2,26.3,26.67,421176,1184300817.0,0.0,15,28.380000000000003,0
20220225,1645718400000,27.080000000000002,28.0,26.07,26.88,280488,756954964.0,0.0,15,26.67,0
20220228,1645977600000,26.09,27.68,26.02,26.7,232506,624985789.0,0.0,15,26.88,0
20220301,1646064000000,26.71,27.05,26.1,26.87,210296,559363140.0,0.0,15,26.700000000000003,0
20220302,1646150400000,26.349999999999998,26.75,26.13,26.619999999999997,166280,440299203.0,0.0,15,26.869999999999997,0
20220303,1646236800000,27.91,29.68,27.0,27.65,388966,1099463404.0,0.0,15,26.62,0
20220304,1646323200000,27.13,27.97,25.39,25.580000000000002,267796,710591609.0,0.0,15,27.650000000000002,0
20220307,1646582400000,25.220000000000002,26.05,25.080000000000002,25.76,145814,373964582.00000006,0.0,15,25.580000000000002,0
20220308,1646668800000,25.7,25.79,23.11,23.56,216278,522389109.00000006,0.0,15,25.759999999999998,0
20220309,1646755200000,23.66,24.24,22.25,23.82,158057,372024527.0,0.0,15,23.56,0
20220310,1646841600000,24.44,25.540000000000003,23.85,24.830000000000002,199380,493003473.0,0.0,15,23.82,0
20220311,1646928000000,24.45,25.4,23.34,24.61,196687,475745541.0,0.0,15,24.83,0
20220314,1647187200000,24.09,24.09,22.94,22.94,149003,350417732.0,0.0,15,24.61,0
20220315,1647273600000,23.0,23.44,21.98,22.0,127694,291589026.0,0.0,15,22.94,0
20220316,1647360000000,22.53,22.99,21.5,22.78,155989,348657004.00000006,0.0,15,22.0,0
20220317,1647446400000,23.06,23.66,22.79,23.02,159926,371370694.0,0.0,15,22.779999999999998,0
20220318,1647532800000,22.8,23.39,22.6,23.19,116995,269759175.0,0.0,15,23.020000000000003,0
20220321,1647792000000,23.009999999999998,23.81,22.81,23.779999999999998,142936,335407028.0,0.0,15,23.189999999999998,0
20220322,1647878400000,24.0,25.0,23.28,24.3,211569,508576153.00000006,0.0,15,23.78,0
20220323,1647964800000,23.930000000000003,24.200000000000003,23.080000000000002,23.12,143883,340643958.0,0.0,15,24.3,0
20220324,1648051200000,22.61,25.39,22.22,24.209999999999997,260478,624908552.0,0.0,15,23.119999999999997,0
20220325,1648137600000,24.21,25.560000000000002,24.19,24.450000000000003,268755,671953067.0,0.0,15,24.21,0
20220328,1648396800000,23.8,24.16,22.57,22.77,192273,449532537.0,0.0,15,24.45,0
20220329,1648483200000,22.8,24.75,22.42,24.380000000000003,248311,591627001.0,0.0,15,22.770000000000003,0
20220330,1648569600000,23.65,24.35,23.5,24.13,166625,398163345.0,0.0,15,24.38,0
20220331,1648656000000,24.45,25.25,23.5,23.61,188705,459542488.0,0.0,15,24.13,0
20220401,1648742400000,22.939999999999998,24.36,22.88,23.54,123442,292312272.0,0.0,15,23.61,0
20220406,1649174400000,23.2,24.12,23.0,23.43,104832,246329105.99999997,0.0,15,23.54,0
20220407,1649260800000,23.3,23.32,22.25,22.49,130340,296748806.00000006,0.0,15,23.43,0
20220408,1649347200000,22.45,26.09,22.31,24.58,340964,829017222.9999999,0.0,15,22.49,0
20220411,1649606400000,25.32,26.96,25.3,25.580000000000002,388727,1017646770.0,0.0,15,24.580000000000002,0
20220412,1649692800000,25.380000000000003,26.67,24.87,26.200000000000003,300710,774900397.0,0.0,15,25.580000000000002,0
20220413,1649779200000,25.490000000000002,28.28,25.26,27.32,388585,1057598498.9999999,0.0,15,26.200000000000003,0
20220414,1649865600000,27.2,27.86,25.77,27.0,316432,843709360.0,0.0,15,27.32,0
20220415,1649952000000,26.5,26.73,24.25,24.66,264355,668062309.0,0.0,15,27.0,0
20220418,1650211200000,23.82,24.45,23.0,23.5,164421,390011781.0,0.0,15,24.66,0
20220419,1650297600000,23.180000000000003,24.660000000000004,23.150000000000002,24.080000000000002,165176,398862521.0,0.0,15,23.500000000000004,0
20220420,1650384000000,24.0,24.360000000000003,23.01,23.1,142644,336226877.00000006,0.0,15,24.080000000000002,0
20220421,1650470400000,22.79,23.27,20.91,21.02,180971,395093890.0,0.0,15,23.1,0
20220422,1650556800000,20.98,21.3,19.5,20.33,138990,284317843.0,0.0,15,20.92,0
20220425,1650816000000,19.8,19.8,17.71,17.86,160380,299497883.0,0.0,15,20.330000000000002,0
20220426,1650902400000,18.51,18.76,17.35,17.66,134332,241516866.99999997,0.0,15,17.860000000000003,0
20220427,1650988800000,17.099999999999998,19.31,17.02,19.189999999999998,191943,352257312.00000006,0.0,15,17.66,0
20220428,1651075200000,18.89,19.17,18.25,18.52,157610,294363576.00000006,0.0,15,19.19,0
20220429,1651161600000,19.05,19.28,18.5,19.15,138888,263749717.00000003,0.0,15,18.52,0
20220505,1651680000000,18.98,20.11,18.81,19.64,153521,300955832.0,0.0,15,19.15,0
20220506,1651766400000,18.88,19.77,18.72,19.58,120716,233290564.0,0.0,15,19.64,0
20220509,1652025600000,20.1,20.360000000000003,19.580000000000002,20.000000000000004,125505,249909270.99999997,0.0,15,19.580000000000002,0
20220510,1652112000000,19.490000000000002,20.44,19.35,20.21,123836,248467399.00000003,0.0,15,20.0,0
20220511,1652198400000,20.25,21.14,20.0,20.0,189534,390787803.0,0.0,15,20.21,0
20220512,1652284800000,20.0,20.46,19.64,20.42,139868,280835737.0,0.0,15,20.0,0
20220513,1652371200000,20.44,21.560000000000002,20.44,20.73,192492,403804278.00000006,0.0,15,20.42,0
20220516,1652630400000,20.74,21.35,20.41,21.0,145911,304719801.0,0.0,15,20.73,0
20220517,1652716800000,20.86,21.25,20.18,20.99,138557,287128819.0,0.0,15,21.0,0
20220518,1652803200000,21.0,21.16,20.29,20.32,124276,255730184.0,0.0,15,20.99,0
20220519,1652889600000,19.82,20.560000000000002,19.76,20.32,108274,218849370.0,0.0,15,20.32,0
20220520,1652976000000,20.51,21.29,20.46,20.7,122462,254708802.0,0.0,15,20.32,0
20220523,1653235200000,20.6,21.41,20.53,21.26,141544,298948739.0,0.0,15,20.700000000000003,0
20220524,1653321600000,21.14,21.27,19.5,19.53,151499,309249443.0,0.0,15,21.26,0
20220525,1653408000000,19.52,19.92,19.21,19.880000000000003,88437,173801174.0,0.0,15,19.53,0
20220526,1653494400000,19.72,20.049999999999997,19.06,19.639999999999997,95728,187450873.0,0.0,15,19.88,0
20220527,1653580800000,19.849999999999998,20.049999999999997,19.31,19.529999999999998,83894,165456585.0,0.0,15,19.639999999999997,0
20220530,1653840000000,19.56,19.79,19.13,19.22,62887,121568905.0,0.0,15,19.529999999999998,0
20220531,1653926400000,19.380000000000003,19.5,18.53,19.240000000000002,90407,171374660.0,0.0,15,19.220000000000002,0
20220601,1654012800000,19.16,19.78,19.12,19.37,75804,147283083.99999997,0.0,15,19.240000000000002,0
20220602,1654099200000,19.32,19.45,18.82,19.07,72133,137755775.0,0.0,15,19.37,0
20220606,1654444800000,19.080000000000002,20.330000000000002,19.05,20.22,159613,318555089.00000006,0.0,15,19.07,0
20220607,1654531200000,20.09,20.950000000000003,19.62,20.42,194885,394961704.00000006,0.0,15,20.220000000000002,0
20220608,1654617600000,20.26,20.75,19.73,20.43,163542,331283289.0,0.0,15,20.42,0
20220609,1654704000000,20.360000000000003,24.380000000000003,19.92,22.96,418179,929329130.0,0.0,15,20.430000000000003,0
20220610,1654790400000,22.32,22.97,21.84,22.63,286166,641228467.0,0.0,15,22.96,0
20220613,1655049600000,22.189999999999998,24.18,22.13,23.05,310071,719656015.0,0.0,15,22.63,0
20220614,1655136000000,22.5,24.98,22.5,24.47,347810,832859012.0,0.0,15,23.05,0
20220615,1655222400000,24.21,24.529999999999998,22.79,22.869999999999997,302463,712904132.0,0.0,15,24.47,0
20220616,1655308800000,22.880000000000003,23.880000000000003,22.740000000000002,23.090000000000003,198562,461896317.00000006,0.0,15,22.87,0
20220617,1655395200000,22.51,23.700000000000003,22.51,23.3,190208,442807983.99999994,0.0,15,23.09,0
20220620,1655654400000,23.5,23.790000000000003,22.85,23.400000000000002,184117,429693555.00000006,0.0,15,23.3,0
20220621,1655740800000,23.08,23.3,22.5,22.97,146934,336549055.0,0.0,15,23.4,0
20220622,1655827200000,23.03,24.200000000000003,22.76,23.12,204983,482744016.0,0.0,15,22.970000000000002,0
20220623,1655913600000,22.8,22.990000000000002,22.07,22.91,165354,373062382.0,0.0,15,23.12,0
20220624,1656000000000,22.8,23.85,22.77,23.43,168168,392520977.0,0.0,15,22.91,0
20220627,1656259200000,23.900000000000002,24.44,23.240000000000002,24.12,247454,593574132.0,0.0,15,23.430000000000003,0
20220628,1656345600000,24.31,25.48,24.23,24.87,286251,711911733.0000001,0.0,15,24.12,0
20220629,1656432000000,25.4,27.87,25.11,25.189999999999998,355035,935323494.0,0.0,15,24.87,0
20220630,1656518400000,24.930000000000003,25.39,23.830000000000002,24.240000000000002,277096,680204142.0,0.0,15,25.19,0
20220701,1656604800000,24.2,25.73,23.8,24.990000000000002,242764,602868651.0,0.0,15,24.240000000000002,0
20220704,1656864000000,25.490000000000002,25.94,24.92,25.180000000000003,197179,498746277.0,0.0,15,24.990000000000002,0
20220705,1656950400000,25.17,27.5,24.76,26.630000000000003,321833,845754600.9999999,0.0,15,25.180000000000003,0
20220706,1657036800000,26.000000000000004,26.200000000000003,24.650000000000002,24.820000000000004,238592,604305707.0,0.0,15,26.630000000000003,0
20220707,1657123200000,25.0,25.450000000000003,24.67,25.270000000000003,143916,360938930.0,0.0,15,24.82,0
20220708,1657209600000,25.37,25.73,24.17,24.180000000000003,150328,370865088.0,0.0,15,25.270000000000003,0
20220711,1657468800000,23.75,23.78,23.0,23.28,118127,275781601.0,0.0,15,24.18,0
20220712,1657555200000,23.28,23.76,22.6,22.66,106203,247478713.0,0.0,15,23.28,0
20220713,1657641600000,22.59,23.18,22.5,23.17,93193,213210778.0,0.0,15,22.66,0
20220714,1657728000000,23.0,23.5,22.62,23.450000000000003,100939,233740557.0,0.0,15,23.17,0
20220715,1657814400000,23.69,24.8,23.400000000000002,23.990000000000002,174408,421004714.0,0.0,15,23.450000000000003,0
20220718,1658073600000,23.72,24.759999999999998,23.68,24.44,141330,345128382.0,0.0,15,23.99,0
20220719,1658160000000,24.4,25.0,24.0,24.77,149785,367585432.00000006,0.0,15,24.44,0
20220720,1658246400000,24.779999999999998,24.99,24.2,24.31,102701,250429032.0,0.0,15,24.77,0
20220721,1658332800000,24.3,24.3,23.18,23.18,122930,289547252.0,0.0,15,24.31,0
20220722,1658419200000,23.04,23.82,23.04,23.439999999999998,85721,200826666.0,0.0,15,23.18,0
20220725,1658678400000,23.38,23.75,22.88,22.95,69292,160678828.0,0.0,15,23.439999999999998,0
20220726,1658764800000,23.08,23.56,22.75,23.5,69612,161387037.0,0.0,15,22.95,0
20220727,1658851200000,23.330000000000002,23.59,23.03,23.14,62623,145798985.0,0.0,15,23.5,0
20220728,1658937600000,23.34,23.43,22.8,22.87,66532,153698117.00000003,0.0,15,23.14,0
20220729,1659024000000,22.87,23.1,22.51,22.950000000000003,70617,161228718.0,0.0,15,22.87,0
20220801,1659283200000,22.95,23.65,22.66,23.64,94380,219900611.00000003,0.0,15,22.95,0
20220802,1659369600000,23.42,23.42,21.34,21.49,129010,287349620.00000006,0.0,15,23.64,0
20220803,1659456000000,21.5,22.11,20.61,20.81,87416,187626937.0,0.0,15,21.49,0
20220804,1659542400000,20.93,21.330000000000002,20.73,21.32,64199,135537002.0,0.0,15,20.81,0
20220805,1659628800000,21.299999999999997,21.529999999999998,21.06,21.47,56120,119646493.00000001,0.0,15,21.32,0
20220808,1659888000000,21.599999999999998,21.81,21.36,21.58,46022,99454198.0,0.0,15,21.47,0
20220809,1659974400000,21.52,21.849999999999998,21.47,21.65,58383,126646611.0,0.0,15,21.58,0
20220810,1660060800000,21.509999999999998,21.82,21.2,21.31,59464,127305253.0,0.0,15,21.65,0
20220811,1660147200000,21.36,22.0,21.36,21.97,77844,169468064.00000003,0.0,15,21.31,0
20220812,1660233600000,21.96,22.26,21.75,21.91,58444,128694751.00000001,0.0,15,21.97,0
20220815,1660492800000,21.92,22.37,21.830000000000002,22.3,66465,147019267.0,0.0,15,21.91,0
20220816,1660579200000,22.0,24.63,21.57,23.39,212787,487653970.0,0.0,15,22.3,0
20220817,1660665600000,23.42,23.68,22.78,22.98,133404,307073672.0,0.0,15,23.39,0
20220818,1660752000000,23.0,23.16,22.68,22.68,85131,194692443.00000003,0.0,15,22.98,0
20220819,1660838400000,22.55,23.080000000000002,22.41,22.53,77571,176386595.0,0.0,15,22.68,0
20220822,1661097600000,22.130000000000003,22.69,21.71,22.51,65733,146038881.00000003,0.0,15,22.53,0
20220823,1661184000000,22.4,22.55,22.02,22.25,60139,133898764.0,0.0,15,22.509999999999998,0
20220824,1661270400000,22.1,22.44,21.03,21.03,76560,166013504.0,0.0,15,22.25,0
20220825,1661356800000,21.220000000000002,21.35,20.35,20.62,69648,144127983.0,0.0,15,21.03,0
20220826,1661443200000,20.75,21.12,20.44,20.470000000000002,45451,94412658.0,0.0,15,20.62,0
20220829,1661702400000,20.150000000000002,20.6,19.900000000000002,20.46,36208,73560351.0,0.0,15,20.470000000000002,0
20220830,1661788800000,20.41,20.560000000000002,20.080000000000002,20.200000000000003,42601,86460972.0,0.0,15,20.46,0
20220831,1661875200000,20.1,20.25,19.46,19.5,54204,106798389.99999999,0.0,15,20.2,0
20220901,1661961600000,19.53,19.75,19.3,19.3,32731,63929454.0,0.0,15,19.5,0
20220902,1662048000000,19.51,19.69,19.41,19.6,32387,63323151.0,0.0,15,19.3,0
20220905,1662307200000,19.68,19.95,19.54,19.7,36900,72792009.0,0.0,15,19.599999999999998,0
20220906,1662393600000,19.73,20.5,19.66,20.47,70316,142484810.0,0.0,15,19.7,0
20220907,1662480000000,20.450000000000003,20.5,20.1,20.360000000000003,51062,103622877.0,0.0,15,20.470000000000002,0
20220908,1662566400000,20.35,20.35,19.75,19.75,43882,87722291.0,0.0,15,20.36,0
20220909,1662652800000,19.78,20.13,19.75,19.76,28323,56251459.00000001,0.0,15,19.75,0
20220913,1662998400000,19.810000000000002,19.96,19.37,19.52,32619,64215136.0,0.0,15,19.76,0
20220914,1663084800000,19.0,19.34,18.91,19.17,42246,80684864.0,0.0,15,19.52,0
20220915,1663171200000,19.2,19.35,18.07,18.41,61099,113589793.0,0.0,15,19.17,0
20220916,1663257600000,18.42,18.44,17.64,17.64,44520,79927683.99999999,0.0,15,18.41,0
20220919,1663516800000,17.500000000000004,17.840000000000003,17.400000000000002,17.71,30046,53143213.0,0.0,15,17.64,0
20220920,1663603200000,17.89,18.14,17.76,18.080000000000002,31670,57080989.0,0.0,15,17.71,0
20220921,1663689600000,18.0,18.189999999999998,17.7,18.07,25803,46406504.00000001,0.0,15,18.08,0
20220922,1663776000000,17.95,18.56,17.95,18.14,37281,68148105.0,0.0,15,18.07,0
20220923,1663862400000,18.14,18.28,17.39,17.51,41936,74508688.0,0.0,15,18.14,0
20220926,1664121600000,17.39,17.58,17.09,17.11,31593,54675174.00000001,0.0,15,17.51,0
20220927,1664208000000,17.25,17.44,17.02,17.419999999999998,31111,53640586.00000001,0.0,15,17.11,0
20220928,1664294400000,17.43,17.48,16.66,16.66,42894,72791531.0,0.0,15,17.42,0
20220929,1664380800000,16.98,17.040000000000003,16.490000000000002,16.560000000000002,35674,59903563.0,0.0,15,16.660000000000004,0
20220930,1664467200000,16.650000000000002,17.0,16.44,16.44,32794,54559315.0,0.0,15,16.560000000000002,0
20221010,1665331200000,16.61,16.63,15.82,15.92,36147,58590802.00000001,0.0,15,16.44,0
20221011,1665417600000,16.02,16.42,15.9,16.42,40331,65317712.0,0.0,15,15.92,0
20221012,1665504000000,16.26,16.98,16.25,16.96,41161,68173922.0,0.0,15,16.42,0
20221013,1665590400000,16.849999999999998,17.189999999999998,16.79,16.97,40154,68327057.00000001,0.0,15,16.96,0
20221014,1665676800000,17.1,17.35,17.01,17.35,39540,68180678.0,0.0,15,16.970000000000002,0
20221017,1665936000000,17.0,17.509999999999998,16.93,17.49,44746,77509993.0,0.0,15,17.35,0
20221018,1666022400000,17.49,17.63,17.36,17.4,40239,70254161.0,0.0,15,17.49,0
20221019,1666108800000,17.48,17.540000000000003,17.1,17.110000000000003,35190,60787580.00000001,0.0,15,17.400000000000002,0
20221020,1666195200000,17.220000000000002,17.23,16.71,17.02,36767,62498649.00000001,0.0,15,17.11,0
20221021,1666281600000,17.12,17.15,16.75,16.81,27843,47071669.00000001,0.0,15,17.02,0
20221024,1666540800000,16.95,17.240000000000002,16.41,16.56,37619,63527801.0,0.0,15,16.81,0
20221025,1666627200000,16.709999999999997,16.77,16.15,16.549999999999997,33650,55291629.0,0.0,15,16.56,0
20221026,1666713600000,16.7,16.990000000000002,16.62,16.96,37371,62983137.99999999,0.0,15,16.55,0
20221027,1666800000000,17.07,17.19,16.71,16.71,37749,64016841.0,0.0,15,16.96,0
20221028,1666886400000,16.68,16.71,15.65,15.69,55885,89963952.0,0.0,15,16.71,0
20221031,1667145600000,15.7,16.05,15.58,15.88,33353,52818990.0,0.0,15,15.69,0
20221101,1667232000000,16.01,16.84,15.9,16.82,66354,109437226.0,0.0,15,15.88,0
20221102,1667318400000,16.82,17.1,16.67,17.03,54755,92882642.0,0.0,15,16.82,0
20221103,1667404800000,17.0,17.29,16.89,17.2,47039,80683802.0,0.0,15,17.03,0
20221104,1667491200000,17.54,18.94,17.48,18.21,162356,296407393.0,0.0,15,17.2,0
20221107,1667750400000,18.31,18.9,18.02,18.44,117149,215936215.0,0.0,15,18.21,0
20221108,1667836800000,18.3,18.490000000000002,18.03,18.16,74947,136188529.0,0.0,15,18.44,0
20221109,1667923200000,18.16,18.35,18.07,18.09,47749,86842725.0,0.0,15,18.16,0
20221110,1668009600000,18.0,21.71,17.8,21.71,281373,563144300.0,0.0,15,18.09,0
20221111,1668096000000,22.3,23.310000000000002,20.51,20.51,353929,776253100.0,0.0,15,21.71,0
20221114,1668355200000,20.51,21.990000000000002,19.91,21.32,264339,549729017.9999999,0.0,15,20.51,0
20221115,1668441600000,20.85,21.400000000000002,20.51,21.14,168205,352309409.99999994,0.0,15,21.32,0
20221116,1668528000000,21.080000000000002,22.330000000000002,20.8,20.810000000000002,170427,366522748.99999994,0.0,15,21.14,0
20221117,1668614400000,20.68,21.23,19.91,20.36,143410,291959423.00000006,0.0,15,20.81,0
20221118,1668700800000,20.41,20.5,19.5,19.51,119783,238005379.0,0.0,15,20.36,0
20221121,1668960000000,19.51,20.240000000000002,19.28,19.91,93503,185466326.0,0.0,15,19.51,0
20221122,1669046400000,19.98,20.62,19.7,20.189999999999998,115959,234600474.0,0.0,15,19.91,0
20221123,1669132800000,20.020000000000003,20.07,19.080000000000002,19.3,95143,184801122.0,0.0,15,20.19,0
20221124,1669219200000,19.45,19.93,19.11,19.41,67349,131144699.0,0.0,15,19.3,0
20221125,1669305600000,19.21,19.46,18.89,19.02,59265,113336777.0,0.0,15,19.41,0
20221128,1669564800000,18.61,19.189999999999998,18.61,18.88,38181,72238322.0,0.0,15,19.02,0
20221129,1669651200000,19.05,20.18,19.0,19.72,104012,204334724.0,0.0,15,18.88,0
20221130,1669737600000,19.56,19.89,19.34,19.68,72259,141881248.0,0.0,15,19.72,0
20221201,1669824000000,19.71,20.06,19.52,19.91,85233,168627142.0,0.0,15,19.68,0
20221202,1669910400000,20.09,20.84,20.09,20.16,102351,208300222.0,0.0,15,19.91,0
20221205,1670169600000,20.27,20.35,19.8,20.02,56256,112587038.00000001,0.0,15,20.16,0
20221206,1670256000000,20.099999999999998,20.869999999999997,19.45,20.68,142140,287521494.0,0.0,15,20.02,0
20221207,1670342400000,20.37,20.55,20.03,20.05,78881,160063516.0,0.0,15,20.68,0
20221208,1670428800000,20.05,21.25,20.05,20.400000000000002,137905,286110068.0,0.0,15,20.05,0
20221209,1670515200000,20.2,20.3,19.7,19.7,94990,189267405.0,0.0,15,20.4,0
20221212,1670774400000,19.88,19.88,19.14,19.22,67041,129502313.99999999,0.0,15,19.7,0
20221213,1670860800000,19.25,19.54,19.0,19.08,51554,99235395.0,0.0,15,19.22,0
20221214,1670947200000,19.080000000000002,19.680000000000003,18.900000000000002,19.220000000000002,54689,105445847.99999999,0.0,15,19.080000000000002,0
20221215,1671033600000,19.05,19.290000000000003,19.03,19.11,38486,73639810.0,0.0,15,19.220000000000002,0
20221216,1671120000000,19.1,19.1,18.5,18.51,64674,120969164.0,0.0,15,19.11,0
20221219,1671379200000,18.56,18.85,18.09,18.22,45669,84036037.0,0.0,15,18.51,0
20221220,1671465600000,18.06,18.82,17.98,18.5,52974,98018917.0,0.0,15,18.22,0
20221221,1671552000000,18.450000000000003,19.34,18.19,19.17,85962,162098516.0,0.0,15,18.5,0
20221222,1671638400000,18.900000000000002,19.17,18.330000000000002,18.39,61319,115250491.00000001,0.0,15,19.17,0
20221223,1671724800000,18.3,18.42,17.28,17.37,81943,144905837.0,0.0,15,18.39,0
20221226,1671984000000,17.37,18.240000000000002,17.37,18.11,64698,116444685.0,0.0,15,17.37,0
20221227,1672070400000,18.11,18.369999999999997,17.79,18.16,44844,80968955.0,0.0,15,18.11,0
20221228,1672156800000,18.0,18.099999999999998,17.7,17.7,35745,63796248.99999999,0.0,15,18.16,0
20221229,1672243200000,17.61,17.84,17.38,17.43,37483,65973893.0,0.0,15,17.7,0
20221230,1672329600000,17.6,17.61,17.18,17.2,38447,66668383.00000001,0.0,15,17.43,0
20230103,1672675200000,17.21,17.740000000000002,17.05,17.64,40237,70360396.0,0.0,15,17.2,0
20230104,1672761600000,17.8,17.83,17.36,17.48,35262,61953819.0,0.0,15,17.64,0
20230105,1672848000000,17.41,17.8,17.41,17.69,37717,66589274.0,0.0,15,17.48,0
20230106,1672934400000,17.61,18.07,17.61,17.86,47718,85456450.0,0.0,15,17.689999999999998,0
20230109,1673193600000,17.95,18.099999999999998,17.77,17.9,35629,63848143.00000001,0.0,15,17.86,0
20230110,1673280000000,17.95,17.95,17.56,17.74,30106,53242356.0,0.0,15,17.9,0
20230111,1673366400000,17.64,18.400000000000002,17.64,18.17,79655,144074921.00000003,0.0,15,17.740000000000002,0
20230112,1673452800000,18.03,18.080000000000002,17.71,17.740000000000002,47351,84468727.0,0.0,15,18.17,0
20230113,1673539200000,17.75,17.97,17.63,17.689999999999998,29184,51841889.00000001,0.0,15,17.74,0
20230116,1673798400000,17.75,18.05,17.62,17.8,32927,58690904.99999999,0.0,15,17.69,0
20230117,1673884800000,17.73,17.96,17.650000000000002,17.680000000000003,27683,49195466.0,0.0,15,17.8,0
20230118,1673971200000,17.67,17.78,17.580000000000002,17.610000000000003,24441,43168851.0,0.0,15,17.680000000000003,0
20230119,1674057600000,17.57,17.790000000000003,17.53,17.64,24219,42748812.0,0.0,15,17.61,0
20230120,1674144000000,17.68,18.12,17.68,18.12,50626,91084724.0,0.0,15,17.64,0
20230130,1675008000000,18.48,18.66,18.35,18.400000000000002,58757,108569928.00000001,0.0,15,18.12,0
20230131,1675094400000,18.46,18.89,18.28,18.810000000000002,64167,119746819.99999999,0.0,15,18.400000000000002,0
20230201,1675180800000,18.2,18.6,18.05,18.580000000000002,101556,185914537.0,0.0,15,18.810000000000002,0
20230202,1675267200000,18.4,18.99,18.34,18.94,98579,184268139.0,0.0,15,18.58,0
20230203,1675353600000,19.07,19.37,18.64,18.82,88438,167533071.0,0.0,15,18.94,0
20230206,1675612800000,18.52,18.74,18.45,18.509999999999998,45625,84634662.0,0.0,15,18.82,0
20230207,1675699200000,18.5,18.830000000000002,18.42,18.78,47918,89252664.0,0.0,15,18.51,0
20230208,1675785600000,18.81,18.94,18.48,18.52,46374,86777411.0,0.0,15,18.78,0
20230209,1675872000000,18.419999999999998,18.72,18.36,18.63,41679,77394943.0,0.0,15,18.52,0
20230210,1675958400000,18.61,19.01,18.59,18.99,71221,134284575.0,0.0,15,18.63,0
20230213,1676217600000,19.090000000000003,19.470000000000002,19.080000000000002,19.19,83131,159984355.00000003,0.0,15,18.990000000000002,0
20230214,1676304000000,19.12,19.46,18.900000000000002,19.42,76728,147543920.0,0.0,15,19.19,0
20230215,1676390400000,19.42,19.46,19.07,19.18,56562,108455586.0,0.0,15,19.42,0
20230216,1676476800000,19.36,19.36,18.2,18.49,68901,129570383.0,0.0,15,19.18,0
20230217,1676563200000,18.41,18.66,18.38,18.38,35087,64928717.0,0.0,15,18.49,0
20230220,1676822400000,18.35,18.560000000000002,18.1,18.560000000000002,30050,55211622.0,0.0,15,18.380000000000003,0
20230221,1676908800000,18.56,19.14,18.52,18.77,48124,90719687.0,0.0,15,18.56,0
20230222,1676995200000,18.72,18.89,18.54,18.689999999999998,31037,58122554.0,0.0,15,18.77,0
20230223,1677081600000,18.69,18.810000000000002,18.28,18.400000000000002,33414,61859423.99999999,0.0,15,18.69,0
20230224,1677168000000,18.400000000000002,18.48,18.1,18.23,28682,52293569.0,0.0,15,18.400000000000002,0
20230227,1677427200000,18.29,18.57,18.07,18.21,31235,57360569.0,0.0,15,18.23,0
20230228,1677513600000,18.11,18.46,18.11,18.39,23149,42250956.0,0.0,15,18.21,0
20230301,1677600000000,18.27,18.47,18.25,18.41,25343,46550850.0,0.0,15,18.39,0
20230302,1677686400000,18.39,18.57,18.32,18.32,31195,57501619.0,0.0,15,18.41,0
20230303,1677772800000,18.35,18.44,18.05,18.13,36769,66774888.0,0.0,15,18.32,0
20230306,1678032000000,18.14,18.5,17.97,18.23,28833,52557499.99999999,0.0,15,18.13,0
20230307,1678118400000,18.26,18.37,17.73,17.8,32951,59382265.0,0.0,15,18.23,0
20230308,1678204800000,17.68,18.36,17.63,18.18,36083,65088424.0,0.0,15,17.8,0
20230309,1678291200000,18.1,20.73,18.0,19.31,191983,373376820.99999994,0.0,15,18.18,0
20230310,1678377600000,19.27,19.55,18.73,18.79,117920,225140642.0,0.0,15,19.31,0
20230313,1678636800000,18.560000000000002,18.76,18.150000000000002,18.3,66950,122897246.0,0.0,15,18.790000000000003,0
20230314,1678723200000,18.29,18.529999999999998,17.88,18.209999999999997,56090,101990479.0,0.0,15,18.3,0
20230315,1678809600000,18.26,18.42,18.12,18.240000000000002,44533,81412378.99999999,0.0,15,18.21,0
20230316,1678896000000,18.01,18.1,17.5,17.55,58428,103947069.99999999,0.0,15,18.24,0
20230317,1678982400000,17.700000000000003,18.23,17.53,17.94,54252,97005294.0,0.0,15,17.55,0
20230320,1679241600000,18.0,18.0,17.6,17.62,37860,67117950.0,0.0,15,17.94,0
20230321,1679328000000,17.7,17.91,17.66,17.9,25361,45219261.0,0.0,15,17.62,0
20230322,1679414400000,17.95,18.05,17.77,18.009999999999998,30828,55196772.00000001,0.0,15,17.9,0
20230323,1679500800000,18.009999999999998,18.009999999999998,17.68,17.8,32578,57999001.00000001,0.0,15,18.009999999999998,0
20230324,1679587200000,17.810000000000002,17.91,17.53,17.6,37170,65892400.0,0.0,15,17.8,0
20230327,1679846400000,17.509999999999998,17.54,17.18,17.23,48227,83568749.0,0.0,15,17.6,0
20230328,1679932800000,17.23,18.1,17.17,18.03,85858,152465565.0,0.0,15,17.23,0
20230329,1680019200000,17.81,18.009999999999998,17.43,17.509999999999998,52231,92483512.00000001,0.0,15,18.03,0
20230330,1680105600000,17.42,17.42,16.330000000000002,16.470000000000002,79722,133264687.0,0.0,15,17.51,0
20230331,1680192000000,16.47,16.73,16.45,16.509999999999998,31250,51714467.0,0.0,15,16.47,0
20230403,1680451200000,16.5,16.62,16.37,16.52,29881,49297681.0,0.0,15,16.51,0
20230404,1680537600000,16.58,16.58,15.84,15.959999999999999,63189,101683728.0,0.0,15,16.52,0
20230406,1680710400000,15.75,16.1,15.75,15.92,28617,45677788.0,0.0,15,15.96,0
20230407,1680796800000,16.009999999999998,16.169999999999998,15.94,16.08,23757,38219454.0,0.0,15,15.92,0
20230410,1681056000000,16.05,16.900000000000002,15.81,16.52,64708,105795187.0,0.0,15,16.080000000000002,0
20230411,1681142400000,16.25,16.45,16.18,16.23,35543,57803337.0,0.0,15,16.52,0
20230412,1681228800000,16.19,16.3,15.98,16.0,28603,45971661.00000001,0.0,15,16.23,0
20230413,1681315200000,16.0,16.400000000000002,15.860000000000001,16.23,34967,56556888.00000001,0.0,15,16.0,0
20230414,1681401600000,16.21,16.32,16.11,16.11,28082,45476387.0,0.0,15,16.23,0
20230417,1681660800000,16.11,16.18,16.06,16.07,19228,30970578.0,0.0,15,16.11,0
20230418,1681747200000,16.07,16.16,15.82,15.82,26927,42825535.0,0.0,15,16.07,0
20230419,1681833600000,15.9,15.92,15.48,15.48,32389,50612307.0,0.0,15,15.82,0
20230420,1681920000000,15.5,15.59,14.92,15.04,42022,63474685.00000001,0.0,15,15.48,0
20230421,1682006400000,15.0,15.08,13.85,13.86,81357,116190427.0,0.0,15,15.04,0
20230424,1682265600000,13.920000000000002,14.100000000000001,13.540000000000001,13.870000000000001,37868,52368347.0,0.0,15,13.860000000000001,0
20230425,1682352000000,13.7,13.7,13.02,13.26,63003,84017202.99999999,0.0,15,13.87,0
20230426,1682438400000,13.39,13.870000000000001,13.200000000000001,13.72,49000,66669037.0,0.0,15,13.260000000000002,0
20230427,1682524800000,13.73,13.76,13.48,13.52,27080,36750602.00000001,0.0,15,13.72,0
20230428,1682611200000,13.59,13.98,13.56,13.98,33019,45563666.0,0.0,15,13.520000000000001,0
20230504,1683129600000,13.9,14.120000000000001,13.82,13.91,23477,32742715.0,0.0,15,13.98,0
20230505,1683216000000,13.91,14.0,13.66,13.71,23152,31860398.0,0.0,15,13.91,0
20230508,1683475200000,13.81,14.13,13.72,13.870000000000001,28654,39776894.00000001,0.0,15,13.71,0
20230509,1683561600000,13.95,13.95,13.58,13.58,26855,36784014.0,0.0,15,13.87,0
20230510,1683648000000,13.590000000000002,13.940000000000001,13.46,13.75,26678,36774331.0,0.0,15,13.58,0
20230511,1683734400000,13.75,14.18,13.74,14.03,41455,58140989.00000001,0.0,15,13.75,0
20230512,1683820800000,14.01,14.17,13.68,13.68,28132,38936004.0,0.0,15,14.03,0
20230515,1684080000000,13.58,13.9,13.56,13.82,21770,29963427.000000004,0.0,15,13.68,0
20230516,1684166400000,13.81,13.82,13.64,13.66,20814,28517851.0,0.0,15,13.82,0
20230517,1684252800000,13.65,13.83,13.56,13.81,22540,30969762.0,0.0,15,13.66,0
20230518,1684339200000,13.81,13.930000000000001,13.620000000000001,13.73,22908,31415758.0,0.0,15,13.81,0
20230519,1684425600000,13.73,13.73,13.43,13.6,20640,28058371.0,0.0,15,13.73,0
20230522,1684684800000,13.57,13.9,13.55,13.9,29084,39965181.0,0.0,15,13.600000000000001,0
20230523,1684771200000,13.9,15.360000000000001,13.72,14.700000000000001,135877,198574172.99999997,0.0,15,13.9,0
20230524,1684857600000,14.459999999999999,14.49,14.19,14.33,68838,98795853.0,0.0,15,14.7,0
20230525,1684944000000,14.430000000000001,14.430000000000001,13.8,14.0,55663,78223270.0,0.0,15,14.33,0
20230526,1685030400000,14.120000000000001,14.850000000000001,14.120000000000001,14.57,90737,132235044.0,0.0,15,14.000000000000002,0
20230529,1685289600000,14.3,14.56,14.24,14.35,47538,68192880.0,0.0,15,14.57,0
20230530,1685376000000,14.24,14.530000000000001,14.14,14.280000000000001,37355,53454694.0,0.0,15,14.350000000000001,0
20230531,1685462400000,14.31,14.31,13.97,13.98,35941,50554987.00000001,0.0,15,14.280000000000001,0
20230601,1685548800000,13.98,14.16,13.6,13.99,36256,50457674.0,0.0,15,13.98,0
20230602,1685635200000,14.08,14.67,14.05,14.540000000000001,58852,84922870.0,0.0,15,13.99,0
20230605,1685894400000,14.47,14.65,14.34,14.37,33992,49175405.0,0.0,15,14.54,0
20230606,1685980800000,14.23,14.43,14.0,14.02,31608,44749767.0,0.0,15,14.37,0
20230607,1686067200000,13.96,14.100000000000001,13.72,13.780000000000001,30162,41868945.0,0.0,15,14.020000000000001,0
20230608,1686153600000,13.83,14.38,13.81,13.950000000000001,36184,50751243.0,0.0,15,13.780000000000001,0
20230609,1686240000000,13.930000000000001,14.010000000000002,13.540000000000001,13.600000000000001,38067,51993157.0,0.0,15,13.950000000000001,0
20230612,1686499200000,13.49,13.889999999999999,13.36,13.84,33563,45813251.0,0.0,15,13.6,0
20230613,1686585600000,13.75,13.940000000000001,13.73,13.85,23788,32951844.0,0.0,15,13.84,0
20230614,1686672000000,13.9,14.850000000000001,13.72,14.280000000000001,83094,120318945.0,0.0,15,13.850000000000001,0
20230615,1686758400000,14.209999999999999,14.47,14.17,14.32,47879,68506756.00000001,0.0,15,14.28,0
20230616,1686844800000,14.25,14.399999999999999,14.11,14.229999999999999,37173,52858844.0,0.0,15,14.32,0
20230619,1687104000000,14.24,14.48,14.22,14.23,25824,36947793.0,0.0,15,14.23,0
20230620,1687190400000,14.14,14.450000000000001,14.040000000000001,14.290000000000001,38985,55289754.00000001,0.0,15,14.23,0
20230621,1687276800000,14.3,14.33,13.82,13.82,28455,39931094.00000001,0.0,15,14.290000000000001,0
20230626,1687708800000,13.8,13.88,13.58,13.59,24867,34089903.0,0.0,15,13.82,0
20230627,1687795200000,13.6,13.91,13.6,13.879999999999999,20655,28556908.0,0.0,15,13.59,0
20230628,1687881600000,13.99,13.99,13.47,13.65,21769,29712282.0,0.0,15,13.88,0
20230629,1687968000000,13.58,13.790000000000001,13.58,13.63,17191,23544503.0,0.0,15,13.65,0
20230630,1688054400000,13.64,14.290000000000001,13.63,14.110000000000001,50379,70812195.0,0.0,15,13.63,0
20230703,1688313600000,14.19,14.67,14.18,14.31,51362,74197389.0,0.0,15,14.11,0
20230704,1688400000000,14.41,14.51,14.25,14.3,28147,40332790.0,0.0,15,14.31,0
20230705,1688486400000,14.24,14.43,14.18,14.19,23453,33558559.0,0.0,15,14.299999999999999,0
20230706,1688572800000,14.11,14.42,14.07,14.26,34877,49649091.99999999,0.0,15,14.19,0
20230707,1688659200000,14.15,14.26,14.0,14.15,22121,31249496.0,0.0,15,14.26,0
20230710,1688918400000,14.16,15.120000000000001,14.16,14.6,75704,110806047.99999999,0.0,15,14.15,0
20230711,1689004800000,14.57,14.62,14.33,14.41,42684,61587766.0,0.0,15,14.6,0
20230712,1689091200000,14.33,14.92,14.33,14.66,74778,109641717.0,0.0,15,14.41,0
20230713,1689177600000,14.5,14.89,14.5,14.67,57911,85328234.0,0.0,15,14.66,0
20230714,1689264000000,14.66,14.74,14.49,14.53,39680,57934174.0,0.0,15,14.67,0
20230717,1689523200000,14.59,14.78,14.49,14.620000000000001,37920,55457746.0,0.0,15,14.53,0
20230718,1689609600000,14.55,15.47,14.4,15.27,128337,193207940.00000003,0.0,15,14.620000000000001,0
20230719,1689696000000,15.05,15.98,14.99,15.33,142917,221661231.0,0.0,15,15.27,0
20230720,1689782400000,15.27,15.78,15.02,15.04,95277,146332252.0,0.0,15,15.33,0
20230721,1689868800000,15.120000000000001,15.33,14.82,14.89,64847,97567418.0,0.0,15,15.040000000000001,0
20230724,1690128000000,14.89,14.89,14.4,14.47,53368,77618555.0,0.0,15,14.89,0
20230725,1690214400000,14.61,14.93,14.57,14.72,43875,64535999.0,0.0,15,14.47,0
20230726,1690300800000,14.84,17.5,14.76,16.89,321728,522860508.0,0.0,15,14.72,0
20230727,1690387200000,16.03,16.41,15.97,16.16,199141,321761709.0,0.0,15,16.89,0
20230728,1690473600000,16.15,16.56,15.6,15.77,158465,252284328.0,0.0,15,16.16,0
20230731,1690732800000,15.680000000000001,16.5,15.540000000000001,16.35,171763,275322220.00000006,0.0,15,15.770000000000001,0
20230801,1690819200000,16.080000000000002,16.130000000000003,15.700000000000001,15.73,104186,165292616.0,0.0,15,16.35,0
20230802,1690905600000,15.89,15.950000000000001,15.290000000000001,15.32,86024,133160317.0,0.0,15,15.73,0
20230803,1690992000000,15.32,15.860000000000001,15.14,15.75,93720,145436287.0,0.0,15,15.32,0
20230804,1691078400000,15.9,16.05,15.41,15.44,74704,116596298.99999999,0.0,15,15.75,0
20230807,1691337600000,15.440000000000001,15.670000000000002,15.200000000000001,15.670000000000002,55511,85666688.0,0.0,15,15.440000000000001,0
20230808,1691424000000,15.629999999999999,16.54,15.51,16.11,115557,185798749.0,0.0,15,15.67,0
20230809,1691510400000,15.9,16.34,15.68,15.68,81514,129922784.99999999,0.0,15,16.11,0
20230810,1691596800000,15.54,15.799999999999999,15.43,15.43,61236,95583535.0,0.0,15,15.68,0
20230811,1691683200000,15.32,15.35,14.67,14.72,77293,115343584.00000001,0.0,15,15.43,0
20230814,1691942400000,14.590000000000002,14.840000000000002,14.530000000000001,14.740000000000002,31769,46661046.0,0.0,15,14.72,0
20230815,1692028800000,14.67,14.73,13.99,14.18,57461,81797178.0,0.0,15,14.74,0
20230816,1692115200000,13.81,13.88,13.33,13.58,67285,91419199.0,0.0,15,14.18,0
20230817,1692201600000,13.4,13.71,13.200000000000001,13.590000000000002,39508,53188109.0,0.0,15,13.580000000000002,0
20230818,1692288000000,13.600000000000001,14.59,13.55,13.99,84075,118731960.0,0.0,15,13.59,0
20230821,1692547200000,13.85,14.43,13.81,14.020000000000001,59271,83670233.0,0.0,15,13.99,0
20230822,1692633600000,14.05,14.100000000000001,13.540000000000001,13.8,50139,68913733.0,0.0,15,14.020000000000001,0
20230823,1692720000000,13.860000000000001,15.0,13.73,14.440000000000001,122490,178049506.00000003,0.0,15,13.8,0
20230824,1692806400000,14.22,16.5,14.01,15.65,209138,317307818.0,0.0,15,14.44,0
20230825,1692892800000,15.430000000000001,16.78,15.200000000000001,15.39,229634,367876940.00000006,0.0,15,15.65,0
20230828,1693152000000,15.98,16.28,15.4,15.63,160864,254068070.00000003,0.0,15,15.39,0
20230829,1693238400000,15.74,15.75,15.07,15.4,134128,205620976.0,0.0,15,15.63,0
20230830,1693324800000,15.280000000000001,15.450000000000001,14.950000000000001,15.170000000000002,99496,150656949.00000003,0.0,15,15.4,0
20230831,1693411200000,15.010000000000002,15.290000000000001,14.71,14.860000000000001,70248,104671868.0,0.0,15,15.170000000000002,0
20230901,1693497600000,14.809999999999999,14.93,14.44,14.45,59301,86155526.0,0.0,15,14.86,0
20230904,1693756800000,14.47,14.75,14.47,14.64,50760,74244518.00000001,0.0,15,14.450000000000001,0
20230905,1693843200000,14.59,14.68,14.25,14.31,47917,68916253.0,0.0,15,14.64,0
20230906,1693929600000,14.450000000000001,14.47,14.05,14.17,35356,50045423.0,0.0,15,14.31,0
20230907,1694016000000,14.120000000000001,14.22,13.9,13.9,30966,43445077.0,0.0,15,14.17,0
20230908,1694102400000,13.9,14.09,13.85,13.9,25010,34930600.99999999,0.0,15,13.9,0
20230911,1694361600000,13.9,14.13,13.89,14.09,35411,49748233.0,0.0,15,13.9,0
20230912,1694448000000,14.1,14.14,13.9,13.950000000000001,31278,43752065.00000001,0.0,15,14.09,0
20230913,1694534400000,14.0,14.08,13.82,13.9,39936,55620637.0,0.0,15,13.950000000000001,0
20230914,1694620800000,13.9,13.99,13.51,13.57,34049,46371240.0,0.0,15,13.9,0
20230915,1694707200000,13.66,13.75,13.5,13.56,20589,28032489.0,0.0,15,13.57,0
20230918,1694966400000,13.56,13.780000000000001,13.450000000000001,13.63,26054,35526058.0,0.0,15,13.56,0
20230919,1695052800000,13.620000000000001,13.71,13.39,13.4,20021,27040786.0,0.0,15,13.63,0
20230920,1695139200000,13.4,13.57,13.3,13.31,19906,26705612.0,0.0,15,13.4,0
20230921,1695225600000,13.31,13.47,13.23,13.23,17934,23926704.0,0.0,15,13.31,0
20230922,1695312000000,13.19,13.5,13.19,13.49,25502,34155032.00000001,0.0,15,13.229999999999999,0
20230925,1695571200000,13.42,13.63,13.4,13.51,23811,32161680.000000004,0.0,15,13.49,0
20230926,1695657600000,13.56,13.57,13.34,13.35,14593,19605944.0,0.0,15,13.51,0
20230927,1695744000000,13.350000000000001,13.580000000000002,13.280000000000001,13.4,21970,29594155.0,0.0,15,13.350000000000001,0
20230928,1695830400000,13.4,13.610000000000001,13.4,13.49,19227,25971117.0,0.0,15,13.4,0
20231009,1696780800000,13.549999999999999,13.61,13.35,13.379999999999999,20301,27222599.0,0.0,15,13.49,0
20231010,1696867200000,13.35,13.6,13.35,13.48,18471,24921073.0,0.0,15,13.379999999999999,0
20231011,1696953600000,13.49,13.59,13.32,13.370000000000001,19251,25786607.0,0.0,15,13.48,0
20231012,1697040000000,13.44,13.58,13.33,13.52,25017,33699825.0,0.0,15,13.37,0
20231013,1697126400000,13.450000000000001,13.510000000000002,13.13,13.17,31131,41333282.0,0.0,15,13.520000000000001,0
20231016,1697385600000,13.17,13.280000000000001,12.55,12.64,44399,56666754.0,0.0,15,13.17,0
20231017,1697472000000,12.6,12.73,12.52,12.61,19522,24627852.0,0.0,15,12.639999999999999,0
20231018,1697558400000,12.639999999999999,12.639999999999999,12.02,12.02,43233,52689576.99999999,0.0,15,12.61,0
20231019,1697644800000,12.01,12.360000000000001,11.9,12.09,30879,37622318.0,0.0,15,12.02,0
20231020,1697731200000,12.23,12.26,11.99,12.1,23237,28138966.0,0.0,15,12.09,0
20231023,1697990400000,12.290000000000001,12.290000000000001,11.63,11.72,31142,36796962.0,0.0,15,12.100000000000001,0
20231024,1698076800000,11.95,12.18,11.76,12.14,33411,40291623.0,0.0,15,11.72,0
20231025,1698163200000,12.3,12.64,12.3,12.48,32012,40000764.0,0.0,15,12.14,0
20231026,1698249600000,12.24,12.51,12.09,12.26,31133,38082207.0,0.0,15,12.48,0
20231027,1698336000000,12.11,12.53,12.11,12.49,31795,39451778.0,0.0,15,12.26,0
20231030,1698595200000,12.5,12.65,12.44,12.6,25883,32601886.0,0.0,15,12.49,0
20231031,1698681600000,12.63,12.73,12.4,12.56,21166,26542748.0,0.0,15,12.6,0
20231101,1698768000000,12.53,12.67,12.51,12.58,15353,19331064.000000004,0.0,15,12.56,0
20231102,1698854400000,12.66,12.66,12.44,12.459999999999999,16517,20663288.0,0.0,15,12.58,0
20231103,1698940800000,12.6,12.68,12.41,12.620000000000001,18816,23760823.0,0.0,15,12.46,0
20231106,1699200000000,12.63,12.930000000000001,12.63,12.92,26202,33611009.0,0.0,15,12.620000000000001,0
20231107,1699286400000,12.92,13.05,12.8,13.020000000000001,28647,37051972.00000001,0.0,15,12.92,0
20231108,1699372800000,13.08,13.12,12.86,12.969999999999999,24906,32229686.0,0.0,15,13.02,0
20231109,1699459200000,12.97,13.16,12.92,12.95,23714,30902636.0,0.0,15,12.97,0
20231110,1699545600000,12.93,13.0,12.84,12.92,20162,26076669.0,0.0,15,12.95,0
20231113,1699804800000,13.0,13.09,12.82,13.06,18794,24472666.0,0.0,15,12.92,0
20231114,1699891200000,13.06,13.14,12.96,13.010000000000002,16675,21707125.0,0.0,15,13.06,0
20231115,1699977600000,13.05,13.23,13.05,13.14,18986,24966079.0,0.0,15,13.010000000000002,0
20231116,1700064000000,13.110000000000001,13.180000000000001,12.950000000000001,12.96,17286,22531423.000000004,0.0,15,13.14,0
20231117,1700150400000,12.96,13.08,12.9,13.01,14636,19042248.0,0.0,15,12.96,0
20231120,1700409600000,13.0,13.219999999999999,12.93,13.15,24208,31664483.0,0.0,15,13.01,0
20231121,1700496000000,13.190000000000001,13.270000000000001,13.06,13.09,15655,20586151.000000004,0.0,15,13.15,0
20231122,1700582400000,13.090000000000002,13.16,12.88,12.89,19634,25495829.0,0.0,15,13.090000000000002,0
20231123,1700668800000,12.879999999999999,13.02,12.86,12.959999999999999,17041,22063641.0,0.0,15,12.889999999999999,0
20231124,1700755200000,13.010000000000002,13.020000000000001,12.700000000000001,12.750000000000002,21981,28159475.0,0.0,15,12.96,0
20231127,1701014400000,12.75,12.88,12.57,12.66,21614,27392289.0,0.0,15,12.75,0
20231128,1701100800000,12.66,12.88,12.540000000000001,12.870000000000001,18074,23106952.000000004,0.0,15,12.66,0
20231129,1701187200000,12.870000000000001,12.950000000000001,12.65,12.66,17720,22533183.000000004,0.0,15,12.870000000000001,0
20231130,1701273600000,12.68,12.700000000000001,12.4,12.46,24193,30227497.000000004,0.0,15,12.66,0
20231201,1701360000000,12.51,12.629999999999999,12.43,12.54,16670,20870035.000000004,0.0,15,12.459999999999999,0
20231204,1701619200000,12.610000000000001,12.72,12.48,12.56,15566,19552645.999999996,0.0,15,12.540000000000001,0
20231205,1701705600000,12.57,12.58,12.18,12.18,16211,20049727.0,0.0,15,12.56,0
20231206,1701792000000,12.19,12.49,12.16,12.35,21831,27061097.0,0.0,15,12.18,0
20231207,1701878400000,12.44,12.49,12.09,12.19,23490,28660536.0,0.0,15,12.35,0
20231208,1701964800000,12.2,12.37,12.0,12.0,24118,29241723.0,0.0,15,12.19,0
20231211,1702224000000,11.87,12.1,11.77,11.99,31080,37107250.0,0.0,15,12.0,0
20231212,1702310400000,12.0,12.07,11.83,12.0,19275,23032557.0,0.0,15,11.99,0
20231213,1702396800000,12.0,12.0,11.83,11.83,15060,17957094.0,0.0,15,12.0,0
20231214,1702483200000,11.87,12.0,11.78,11.78,16353,19444397.0,0.0,15,11.83,0
20231215,1702569600000,11.870000000000001,12.0,11.82,11.870000000000001,16450,19585305.0,0.0,15,11.780000000000001,0
20231218,1702828800000,11.870000000000001,11.88,11.55,11.57,22653,26441308.0,0.0,15,11.870000000000001,0
20231219,1702915200000,11.700000000000001,11.700000000000001,11.49,11.61,19844,22994403.0,0.0,15,11.57,0
20231220,1703001600000,11.639999999999999,11.969999999999999,11.61,11.61,27186,32064812.000000004,0.0,15,11.61,0
20231221,1703088000000,11.72,11.8,11.39,11.74,29753,34508224.0,0.0,15,11.610000000000001,0
20231222,1703174400000,11.799999999999999,11.799999999999999,11.52,11.559999999999999,21026,24428799.0,0.0,15,11.74,0
20231225,1703433600000,11.6,11.67,11.32,11.370000000000001,22500,25689443.0,0.0,15,11.56,0
20231226,1703520000000,11.41,12.879999999999999,11.34,12.41,145637,179204580.00000003,0.0,15,11.37,0
20231227,1703606400000,12.030000000000001,12.15,11.540000000000001,11.81,125804,148028256.0,0.0,15,12.41,0
20231228,1703692800000,11.5,12.8,11.46,12.56,157760,193402034.0,0.0,15,11.81,0
20231229,1703779200000,12.53,13.02,12.43,12.57,132412,167651907.0,0.0,15,12.56,0
20240102,1704124800000,12.63,12.840000000000002,12.450000000000001,12.63,76803,97293230.99999999,0.0,15,12.57,0
20240103,1704211200000,12.5,13.76,12.43,13.23,187855,249799342.0,0.0,15,12.629999999999999,0
20240104,1704297600000,13.01,14.3,13.01,13.299999999999999,187782,255784858.0,0.0,15,13.23,0
20240105,1704384000000,13.200000000000001,13.48,12.46,12.57,131191,168334350.00000003,0.0,15,13.3,0
20240108,1704643200000,12.4,12.49,12.120000000000001,12.14,68364,83700388.0,0.0,15,12.57,0
20240109,1704729600000,12.190000000000001,12.3,11.96,12.100000000000001,52876,64137826.0,0.0,15,12.14,0
20240110,1704816000000,11.950000000000001,12.31,11.8,12.05,49013,59186542.0,0.0,15,12.100000000000001,0
20240111,1704902400000,12.09,12.63,11.98,12.59,75605,93684207.0,0.0,15,12.05,0
20240112,1704988800000,13.010000000000002,13.98,12.8,13.190000000000001,179875,240701596.0,0.0,15,12.59,0
20240115,1705248000000,13.110000000000001,13.25,12.73,12.83,92328,119094794.99999999,0.0,15,13.190000000000001,0
20240116,1705334400000,12.85,12.950000000000001,12.4,12.6,55972,70401697.00000001,0.0,15,12.83,0
20240117,1705420800000,12.680000000000001,13.080000000000002,12.370000000000001,12.370000000000001,62235,79232861.0,0.0,15,12.600000000000001,0
20240118,1705507200000,12.580000000000002,12.590000000000002,11.700000000000001,12.200000000000001,62838,75804606.0,0.0,15,12.370000000000001,0
20240119,1705593600000,12.200000000000001,12.38,11.88,11.92,37888,45766168.99999999,0.0,15,12.200000000000001,0
20240122,1705852800000,11.870000000000001,11.870000000000001,10.8,11.0,47608,54286229.99999999,0.0,15,11.920000000000002,0
20240123,1705939200000,11.030000000000001,11.200000000000001,10.620000000000001,10.71,42747,45981918.0,0.0,15,11.000000000000002,0
20240124,1706025600000,10.709999999999999,11.1,10.6,10.95,41632,45230668.0,0.0,15,10.709999999999999,0
20240125,1706112000000,11.0,11.47,10.89,11.450000000000001,49377,55503965.00000001,0.0,15,10.950000000000001,0
20240126,1706198400000,11.55,12.68,11.5,11.77,83035,100240425.00000001,0.0,15,11.45,0
20240129,1706457600000,11.9,11.93,11.07,11.09,46407,52800998.0,0.0,15,11.77,0
20240130,1706544000000,11.020000000000001,11.100000000000001,10.46,10.48,41682,44856373.0,0.0,15,11.090000000000002,0
20240131,1706630400000,10.0,10.24,9.46,9.520000000000001,63454,62550588.0,0.0,15,10.48,0
20240201,1706716800000,9.520000000000001,9.55,8.96,9.25,51221,47242735.0,0.0,15,9.520000000000001,0
20240202,1706803200000,9.3,9.59,8.41,8.870000000000001,52466,47443229.0,0.0,15,9.25,0
20240205,1707062400000,8.780000000000001,8.91,7.4,7.590000000000001,77363,60908837.0,0.0,15,8.870000000000001,0
20240206,1707148800000,7.5600000000000005,8.120000000000001,6.82,7.800000000000001,77318,57310953.00000001,0.0,15,7.59,0
20240207,1707235200000,7.9399999999999995,8.09,7.59,7.8,59441,46862821.99999999,0.0,15,7.8,0
20240208,1707321600000,8.100000000000001,8.9,7.8500000000000005,8.700000000000001,67077,56292001.0,0.0,15,7.800000000000001,0
20240219,1708272000000,8.7,9.09,8.6,8.82,57982,51287701.0,0.0,15,8.7,0
20240220,1708358400000,8.9,9.13,8.65,9.02,42278,37932033.0,0.0,15,8.82,0
20240221,1708444800000,8.95,9.54,8.76,9.19,60449,56226355.0,0.0,15,9.02,0
20240222,1708531200000,9.05,9.38,9.05,9.31,45875,42400841.0,0.0,15,9.190000000000001,0
20240223,1708617600000,9.440000000000001,9.56,9.200000000000001,9.49,46294,43474093.0,0.0,15,9.31,0
20240226,1708876800000,9.580000000000002,9.850000000000001,9.450000000000001,9.71,60550,58558957.0,0.0,15,9.49,0
20240227,1708963200000,9.66,10.0,9.65,9.99,48210,47647263.00000001,0.0,15,9.71,0
20240228,1709049600000,10.090000000000002,10.450000000000001,9.120000000000001,9.120000000000001,88392,87303967.0,0.0,15,9.99,0
20240229,1709136000000,9.1,9.51,9.07,9.51,47786,44794154.0,0.0,15,9.120000000000001,0
20240301,1709222400000,9.51,9.77,9.5,9.64,38843,37345575.0,0.0,15,9.51,0
20240304,1709481600000,9.64,9.790000000000001,9.31,9.520000000000001,37634,35775304.0,0.0,15,9.64,0
20240305,1709568000000,9.49,9.49,9.16,9.18,36592,34078173.0,0.0,15,9.52,0
20240306,1709654400000,9.229999999999999,9.479999999999999,9.19,9.37,35416,33138748.000000004,0.0,15,9.18,0
20240307,1709740800000,9.39,9.82,9.370000000000001,9.370000000000001,52972,50680665.0,0.0,15,9.370000000000001,0
20240308,1709827200000,9.370000000000001,9.45,9.16,9.27,35724,33081022.0,0.0,15,9.370000000000001,0
20240311,1710086400000,9.32,9.68,9.32,9.68,49162,46921373.0,0.0,15,9.27,0
20240312,1710172800000,9.790000000000001,9.850000000000001,9.63,9.770000000000001,41724,40652767.0,0.0,15,9.680000000000001,0
20240313,1710259200000,9.780000000000001,9.9,9.63,9.790000000000001,36575,35632223.0,0.0,15,9.770000000000001,0
20240314,1710345600000,9.799999999999999,10.7,9.77,10.1,145412,149421860.0,0.0,15,9.79,0
20240315,1710432000000,10.1,10.6,9.77,10.43,124724,126672938.0,0.0,15,10.1,0
20240318,1710691200000,10.29,10.59,10.17,10.33,85579,88178612.0,0.0,15,10.43,0
20240319,1710777600000,10.33,10.530000000000001,10.21,10.32,52465,54419620.0,0.0,15,10.33,0
20240320,1710864000000,10.260000000000002,10.360000000000001,10.200000000000001,10.340000000000002,44316,45626065.0,0.0,15,10.32,0
20240321,1710950400000,10.41,10.57,10.18,10.34,61219,63577736.00000001,0.0,15,10.34,0
20240322,1711036800000,10.389999999999999,10.389999999999999,10.11,10.129999999999999,51840,53078490.99999999,0.0,15,10.34,0
20240325,1711296000000,10.139999999999999,10.18,9.77,9.78,43202,43056943.0,0.0,15,10.129999999999999,0
20240326,1711382400000,9.780000000000001,10.350000000000001,9.620000000000001,10.290000000000001,76996,77403277.0,0.0,15,9.780000000000001,0
20240327,1711468800000,10.200000000000001,11.25,10.06,10.530000000000001,157834,168281754.0,0.0,15,10.290000000000001,0
20240328,1711555200000,10.39,11.17,10.15,10.93,157401,166833842.0,0.0,15,10.530000000000001,0
20240329,1711641600000,10.760000000000002,11.73,10.700000000000001,11.090000000000002,159445,178947568.0,0.0,15,10.930000000000001,0
20240401,1711900800000,10.85,11.65,10.82,11.280000000000001,124821,140605599.0,0.0,15,11.09,0
20240402,1711987200000,11.19,12.52,11.09,12.28,214090,252364231.00000003,0.0,15,11.28,0
20240403,1712073600000,11.940000000000001,12.31,11.71,11.940000000000001,161500,193788015.0,0.0,15,12.280000000000001,0
20240408,1712505600000,11.59,11.83,10.72,10.770000000000001,132229,147944825.0,0.0,15,11.940000000000001,0
20240409,1712592000000,10.75,11.22,10.75,11.02,78094,85741152.0,0.0,15,10.77,0
20240410,1712678400000,10.99,11.75,10.8,11.17,104664,118661613.00000001,0.0,15,11.020000000000001,0
20240411,1712764800000,10.879999999999999,11.469999999999999,10.68,10.76,97572,107484884.0,0.0,15,11.17,0
20240412,1712851200000,10.76,11.15,10.35,10.4,80204,85182444.0,0.0,15,10.76,0
20240415,1713110400000,10.229999999999999,10.44,9.03,9.2,113267,107751028.00000001,0.0,15,10.399999999999999,0
20240416,1713196800000,9.07,9.22,7.9,7.9,96178,79533063.0,0.0,15,9.200000000000001,0
20240417,1713283200000,8.05,8.950000000000001,8.05,8.950000000000001,85306,73930090.0,0.0,15,7.9,0
20240418,1713369600000,8.94,8.97,8.58,8.67,60424,52806873.0,0.0,15,8.95,0
20240419,1713456000000,8.709999999999999,10.24,8.52,9.69,144021,136800172.0,0.0,15,8.67,0
20240422,1713715200000,9.500000000000002,9.64,9.120000000000001,9.15,103988,97080606.0,0.0,15,9.690000000000001,0
20240423,1713801600000,9.100000000000001,9.32,8.89,8.93,59566,53835314.0,0.0,15,9.15,0
20240424,1713888000000,9.1,9.110000000000001,8.9,9.05,41355,37235096.0,0.0,15,8.93,0
20240425,1713974400000,9.03,9.729999999999999,9.03,9.319999999999999,75383,71127439.0,0.0,15,9.049999999999999,0
20240426,1714060800000,9.2,9.59,9.03,9.27,79246,73407158.0,0.0,15,9.319999999999999,0
20240429,1714320000000,9.219999999999999,9.58,9.18,9.52,77913,73586824.0,0.0,15,9.27,0
20240430,1714406400000,9.450000000000001,9.780000000000001,9.370000000000001,9.420000000000002,66233,63089324.0,0.0,15,9.520000000000001,0
20240506,1714924800000,9.530000000000001,10.15,9.46,9.97,100300,98389819.0,0.0,15,9.420000000000002,0
20240507,1715011200000,9.96,10.86,9.9,10.71,156032,163131972.0,0.0,15,9.97,0
20240508,1715097600000,10.53,11.989999999999998,10.53,11.129999999999999,199231,224144232.99999997,0.0,15,10.709999999999999,0
20240509,1715184000000,11.07,11.47,10.8,10.84,169669,187457766.0,0.0,15,11.13,0
20240510,1715270400000,10.96,11.16,10.38,10.430000000000001,123329,131747614.99999999,0.0,15,10.840000000000002,0
20240513,1715529600000,10.43,10.45,10.0,10.09,71159,72494712.0,0.0,15,10.43,0
20240514,1715616000000,10.110000000000001,10.280000000000001,9.96,10.08,54212,54719513.0,0.0,15,10.090000000000002,0
20240515,1715702400000,10.030000000000001,10.25,9.9,10.13,59651,60318079.0,0.0,15,10.08,0
20240516,1715788800000,10.03,10.399999999999999,10.03,10.209999999999999,63520,65216861.0,0.0,15,10.129999999999999,0
20240517,1715875200000,10.21,10.4,10.0,10.24,67732,69110971.00000001,0.0,15,10.21,0
20240520,1716134400000,10.14,10.34,10.06,10.09,64245,65271857.0,0.0,15,10.24,0
20240521,1716220800000,9.97,10.05,9.72,9.780000000000001,67112,65818563.0,0.0,15,10.09,0
20240522,1716307200000,9.79,9.93,9.69,9.85,37885,37235824.0,0.0,15,9.78,0
20240523,1716393600000,9.940000000000001,9.940000000000001,9.47,9.51,42186,40513753.0,0.0,15,9.850000000000001,0
20240524,1716480000000,9.530000000000001,9.64,9.4,9.41,28579,27180528.0,0.0,15,9.51,0
20240527,1716739200000,9.55,9.71,9.17,9.41,31501,29444626.0,0.0,15,9.41,0
20240528,1716825600000,9.18,9.41,9.18,9.219999999999999,25637,23778316.0,0.0,15,9.41,0
20240529,1716912000000,9.120000000000001,9.430000000000001,9.120000000000001,9.340000000000002,24239,22623560.000000004,0.0,15,9.22,0
20240530,1716998400000,9.120000000000001,9.950000000000001,9.120000000000001,9.510000000000002,80170,77568767.0,0.0,15,9.340000000000002,0
20240531,1717084800000,9.49,9.500000000000002,9.120000000000001,9.180000000000001,59326,54590736.0,0.0,15,9.510000000000002,0
20240603,1717344000000,9.2,9.23,8.83,8.96,43302,38755340.0,0.0,15,9.18,0
20240604,1717430400000,8.96,9.0,8.66,8.790000000000001,35545,31123332.0,0.0,15,8.96,0
20240605,1717516800000,8.75,8.790000000000001,8.49,8.5,31366,26985487.0,0.0,15,8.790000000000001,0
20240606,1717603200000,8.65,8.65,8.0,8.12,48786,39999717.0,0.0,15,8.5,0
20240607,1717689600000,8.16,8.44,8.16,8.34,35006,29174613.0,0.0,15,8.120000000000001,0
20240611,1718035200000,8.4,8.440000000000001,8.120000000000001,8.39,24273,20129792.000000004,0.0,15,8.340000000000002,0
20240612,1718121600000,8.389999999999999,8.65,8.35,8.58,29348,25103801.000000004,0.0,15,8.389999999999999,0
20240613,1718208000000,8.59,8.82,8.44,8.479999999999999,28635,24527855.000000004,0.0,15,8.58,0
20240614,1718294400000,8.58,8.58,8.31,8.4,20922,17546213.0,0.0,15,8.48,0
20240617,1718553600000,8.399999999999999,8.44,8.28,8.35,19830,16577297.000000002,0.0,15,8.399999999999999,0
20240618,1718640000000,8.36,8.58,8.32,8.530000000000001,25083,21307201.0,0.0,15,8.35,0
20240619,1718726400000,8.520000000000001,8.64,8.47,8.540000000000001,23325,19971297.0,0.0,15,8.530000000000001,0
20240620,1718812800000,8.5,8.62,8.17,8.17,33738,28143846.0,0.0,15,8.54,0
20240621,1718899200000,8.120000000000001,8.42,8.05,8.200000000000001,26766,22061292.000000004,0.0,15,8.17,0
20240624,1719158400000,8.16,8.16,7.8100000000000005,7.86,29003,23048867.000000004,0.0,15,8.200000000000001,0
20240625,1719244800000,7.86,8.120000000000001,7.8100000000000005,7.99,25910,20744019.000000004,0.0,15,7.86,0
20240626,1719331200000,8.0,8.27,7.82,8.27,27997,22579369.0,0.0,15,7.99,0
20240627,1719417600000,8.21,8.33,8.05,8.05,22430,18345438.0,0.0,15,8.270000000000001,0
20240628,1719504000000,8.03,8.209999999999999,8.02,8.059999999999999,17983,14647732.0,0.0,15,8.049999999999999,0
20240701,1719763200000,8.0,9.67,8.0,9.44,153800,142044181.0,0.0,15,8.06,0
20240702,1719849600000,9.030000000000001,9.16,8.81,8.860000000000001,132361,118428025.00000001,0.0,15,9.440000000000001,0
20240703,1719936000000,8.87,9.2,8.78,8.94,91076,81417043.0,0.0,15,8.86,0
20240704,1720022400000,8.860000000000001,8.92,8.48,8.57,64519,55932004.00000001,0.0,15,8.940000000000001,0
20240705,1720108800000,8.63,8.99,8.47,8.74,67194,58832730.00000001,0.0,15,8.57,0
20240708,1720368000000,8.83,9.290000000000001,8.74,8.86,82931,74516519.00000001,0.0,15,8.74,0
20240709,1720454400000,8.700000000000001,8.99,8.46,8.96,86518,75961338.0,0.0,15,8.860000000000001,0
20240710,1720540800000,8.85,9.38,8.65,9.110000000000001,97477,88272369.0,0.0,15,8.96,0
20240711,1720627200000,9.15,9.450000000000001,9.040000000000001,9.3,94831,87254789.00000001,0.0,15,9.110000000000001,0
20240712,1720713600000,9.2,9.27,8.94,8.95,56788,51714969.0,0.0,15,9.299999999999999,0
20240715,1720972800000,8.83,8.99,8.74,8.78,39427,34774059.0,0.0,15,8.950000000000001,0
20240716,1721059200000,8.790000000000001,9.100000000000001,8.64,8.96,44364,39387125.0,0.0,15,8.780000000000001,0
20240717,1721145600000,8.84,8.95,8.76,8.85,36529,32353293.0,0.0,15,8.959999999999999,0
20240718,1721232000000,8.83,8.870000000000001,8.63,8.71,33066,28816039.000000004,0.0,15,8.850000000000001,0
20240719,1721318400000,8.66,8.75,8.4,8.42,43870,37652453.0,0.0,15,8.71,0
20240722,1721577600000,8.31,8.55,8.290000000000001,8.500000000000002,27850,23548714.0,0.0,15,8.420000000000002,0
20240723,1721664000000,8.58,8.8,8.41,8.44,41257,35698854.0,0.0,15,8.5,0
20240724,1721750400000,8.34,8.600000000000001,8.14,8.16,34837,28712574.000000004,0.0,15,8.440000000000001,0
20240725,1721836800000,8.22,8.330000000000002,8.120000000000001,8.24,21141,17457105.0,0.0,15,8.16,0
20240726,1721923200000,8.239999999999998,8.42,8.2,8.37,31146,26050204.999999996,0.0,15,8.239999999999998,0
20240729,1722182400000,8.370000000000001,8.520000000000001,8.290000000000001,8.430000000000001,17407,14620834.0,0.0,15,8.370000000000001,0
20240730,1722268800000,8.4,8.58,8.35,8.54,24642,20947199.0,0.0,15,8.43,0
20240731,1722355200000,8.66,8.72,8.47,8.700000000000001,35981,31098841.0,0.0,15,8.540000000000001,0
20240801,1722441600000,8.7,8.81,8.6,8.62,25809,22370036.000000004,0.0,15,8.7,0
20240802,1722528000000,8.59,9.1,8.59,8.84,61732,54784808.00000001,0.0,15,8.62,0
20240805,1722787200000,8.84,8.84,8.42,8.42,39400,34077350.0,0.0,15,8.84,0
20240806,1722873600000,8.56,8.610000000000001,8.4,8.52,27461,23290111.0,0.0,15,8.42,0
20240807,1722960000000,8.569999999999999,8.58,8.45,8.489999999999998,18685,15914186.0,0.0,15,8.52,0
20240808,1723046400000,8.42,8.55,8.42,8.49,18081,15356086.0,0.0,15,8.49,0
20240809,1723132800000,8.549999999999999,8.57,8.27,8.32,24639,20802931.0,0.0,15,8.49,0
20240812,1723392000000,8.5,8.799999999999999,8.43,8.64,53665,46183141.99999999,0.0,15,8.32,0
20240813,1723478400000,8.56,9.31,8.55,8.950000000000001,78313,69938492.0,0.0,15,8.64,0
20240814,1723564800000,8.860000000000001,9.200000000000001,8.73,8.8,54274,48320254.0,0.0,15,8.950000000000001,0
20240815,1723651200000,8.7,8.78,8.59,8.74,40622,35362825.00000001,0.0,15,8.8,0
20240816,1723737600000,8.72,8.780000000000001,8.46,8.48,38163,32697869.0,0.0,15,8.74,0
20240819,1723996800000,8.39,8.67,8.38,8.590000000000002,29268,24914931.0,0.0,15,8.48,0
20240820,1724083200000,8.57,8.700000000000001,8.3,8.33,29013,24689725.0,0.0,15,8.59,0
20240821,1724169600000,8.379999999999999,8.49,8.26,8.299999999999999,19395,16229533.0,0.0,15,8.33,0
20240822,1724256000000,8.3,8.39,8.07,8.08,23860,19544294.0,0.0,15,8.3,0
20240823,1724342400000,8.110000000000001,8.15,7.9,7.94,19210,15336143.0,0.0,15,8.08,0
20240826,1724601600000,8.02,8.24,7.94,8.21,26638,21742860.0,0.0,15,7.94,0
20240827,1724688000000,8.22,8.290000000000001,8.05,8.100000000000001,18147,14790593.0,0.0,15,8.21,0
20240828,1724774400000,8.110000000000001,8.27,7.94,8.05,28220,22930192.0,0.0,15,8.1,0
20240829,1724860800000,8.07,8.11,7.91,8.06,22746,18266996.0,0.0,15,8.05,0
20240830,1724947200000,8.06,8.3,8.040000000000001,8.22,25825,21170265.0,0.0,15,8.06,0
20240902,1725206400000,8.190000000000001,8.330000000000002,8.120000000000001,8.13,19797,16284401.0,0.0,15,8.22,0
20240903,1725292800000,8.15,8.34,8.1,8.24,19955,16460577.0,0.0,15,8.129999999999999,0
20240904,1725379200000,8.190000000000001,8.540000000000001,8.13,8.25,38818,32366407.000000004,0.0,15,8.24,0
20240905,1725465600000,8.25,8.39,8.17,8.24,24664,20340583.0,0.0,15,8.25,0
20240906,1725552000000,8.19,8.29,8.01,8.01,23205,18806972.0,0.0,15,8.24,0
20240909,1725811200000,8.01,8.120000000000001,7.94,8.02,14586,11724090.000000002,0.0,15,8.01,0
20240910,1725897600000,8.08,8.17,8.01,8.08,16240,13128707.0,0.0,15,8.02,0
20240911,1725984000000,8.0,8.42,8.0,8.15,35796,29382146.0,0.0,15,8.08,0
20240912,1726070400000,8.1,8.26,8.0,8.0,29122,23690442.0,0.0,15,8.15,0
20240913,1726156800000,8.08,8.129999999999999,7.8,7.8,22951,18177114.0,0.0,15,8.0,0
20240918,1726588800000,7.85,7.86,7.54,7.7,22565,17294655.0,0.0,15,7.8,0
20240919,1726675200000,7.75,7.8999999999999995,7.72,7.85,19773,15476966.000000002,0.0,15,7.7,0
20240920,1726761600000,7.880000000000001,7.91,7.69,7.720000000000001,18356,14245448.0,0.0,15,7.8500000000000005,0
20240923,1727020800000,7.72,7.77,7.63,7.7,12788,9845326.0,0.0,15,7.72,0
20240924,1727107200000,7.7,8.0,7.7,8.0,34862,27548987.0,0.0,15,7.7,0
20240925,1727193600000,8.120000000000001,8.3,8.06,8.110000000000001,43138,35288249.0,0.0,15,8.0,0
20240926,1727280000000,8.1,8.27,8.09,8.27,32837,26906373.0,0.0,15,8.11,0
20240927,1727366400000,8.389999999999999,8.879999999999999,8.36,8.7,72684,62445541.00000001,0.0,15,8.27,0
20240930,1727625600000,9.1,10.16,8.9,10.07,149512,143187908.0,0.0,15,8.700000000000001,0
20241008,1728316800000,11.76,11.97,10.23,11.24,186871,207652549.0,0.0,15,10.07,0
20241009,1728403200000,10.7,11.14,10.02,10.04,109217,115267500.00000001,0.0,15,11.24,0
20241010,1728489600000,10.02,10.68,10.02,10.16,75242,77823959.0,0.0,15,10.04,0
20241011,1728576000000,10.11,10.18,9.58,9.74,66749,65703036.0,0.0,15,10.16,0
20241014,1728835200000,9.76,10.2,9.76,10.07,56348,56459098.0,0.0,15,9.74,0
20241015,1728921600000,10.07,10.57,9.85,10.0,74904,75858997.0,0.0,15,10.07,0
20241016,1729008000000,9.9,10.190000000000001,9.81,9.93,49419,49619274.0,0.0,15,10.0,0
20241017,1729094400000,9.940000000000001,10.090000000000002,9.620000000000001,9.620000000000001,58825,57745989.0,0.0,15,9.930000000000001,0
20241018,1729180800000,9.62,10.07,9.51,9.84,67417,65667805.99999999,0.0,15,9.62,0
20241021,1729440000000,9.969999999999999,10.139999999999999,9.86,10.01,61267,61149933.99999999,0.0,15,9.84,0
20241022,1729526400000,9.91,10.05,9.8,10.0,58026,57737023.99999999,0.0,15,10.010000000000002,0
20241023,1729612800000,10.05,11.1,9.92,10.83,173542,182154241.0,0.0,15,10.0,0
20241024,1729699200000,10.67,10.67,10.1,10.129999999999999,116437,119664703.00000001,0.0,15,10.83,0
20241025,1729785600000,10.14,10.55,10.08,10.31,101979,105518250.0,0.0,15,10.13,0
20241028,1730044800000,10.29,10.56,10.25,10.49,86007,89343881.00000001,0.0,15,10.31,0
20241029,1730131200000,10.51,10.600000000000001,10.06,10.13,73663,75698857.0,0.0,15,10.49,0
20241030,1730217600000,10.1,10.35,9.99,10.05,60178,60902167.99999999,0.0,15,10.13,0
20241031,1730304000000,10.05,10.450000000000001,10.05,10.23,57269,58714739.0,0.0,15,10.05,0
20241101,1730390400000,10.17,10.379999999999999,9.68,9.69,71671,71152054.00000001,0.0,15,10.23,0
20241104,1730649600000,9.75,9.8,9.56,9.72,45511,44111878.0,0.0,15,9.690000000000001,0
20241105,1730736000000,9.75,10.09,9.67,10.05,56518,56084101.00000001,0.0,15,9.72,0
20241106,1730822400000,10.11,10.28,10.0,10.1,59610,60495029.0,0.0,15,10.05,0
20241107,1730908800000,10.1,10.59,10.0,10.53,102116,106181662.0,0.0,15,10.1,0
20241108,1730995200000,10.68,10.940000000000001,10.4,10.47,88766,94095462.0,0.0,15,10.530000000000001,0
20241111,1731254400000,10.41,10.870000000000001,10.41,10.7,77299,82718166.0,0.0,15,10.47,0
20241112,1731340800000,10.700000000000001,10.910000000000002,10.450000000000001,10.56,81534,87403106.00000001,0.0,15,10.700000000000001,0
20241113,1731427200000,10.5,10.75,10.27,10.53,66929,70056301.0,0.0,15,10.559999999999999,0
20241114,1731513600000,10.5,11.18,10.49,10.64,159569,173008688.0,0.0,15,10.53,0
20241115,1731600000000,10.61,10.959999999999999,10.43,10.52,135791,145446434.00000003,0.0,15,10.64,0
20241118,1731859200000,10.540000000000001,10.72,9.88,9.950000000000001,98179,99367547.0,0.0,15,10.520000000000001,0
20241119,1731945600000,10.02,10.18,9.78,10.129999999999999,60270,60219901.00000001,0.0,15,9.95,0
20241120,1732032000000,10.200000000000001,12.16,10.13,12.16,156837,186115065.00000003,0.0,15,10.13,0
20241121,1732118400000,12.88,13.98,12.42,12.81,530604,697099044.0,0.0,15,12.16,0
20241122,1732204800000,12.65,13.07,11.55,11.65,337220,411881913.00000006,0.0,15,12.81,0
20241125,1732464000000,11.709999999999999,12.16,11.36,12.09,249679,294574202.0,0.0,15,11.649999999999999,0
20241126,1732550400000,11.69,12.0,10.94,11.02,200906,226830606.99999997,0.0,15,12.09,0
20241127,1732636800000,11.04,11.5,10.76,11.36,137621,154948590.0,0.0,15,11.02,0
20241128,1732723200000,11.19,11.51,11.18,11.2,139662,158246861.0,0.0,15,11.36,0
20241129,1732809600000,11.200000000000001,11.21,10.8,11.07,137561,151415290.0,0.0,15,11.200000000000001,0
20241202,1733068800000,11.24,11.8,11.09,11.629999999999999,177538,203662878.00000003,0.0,15,11.07,0
20241203,1733155200000,11.639999999999999,11.7,11.28,11.41,122184,139575473.0,0.0,15,11.629999999999999,0
20241204,1733241600000,11.41,11.700000000000001,11.120000000000001,11.4,143156,164174345.0,0.0,15,11.41,0
20241205,1733328000000,11.31,11.71,11.24,11.58,128489,147416070.00000003,0.0,15,11.4,0
20241206,1733414400000,11.580000000000002,11.760000000000002,11.370000000000001,11.56,120284,139144597.0,0.0,15,11.580000000000002,0
20241209,1733673600000,11.600000000000001,11.65,11.120000000000001,11.280000000000001,102529,116247460.0,0.0,15,11.56,0
20241210,1733760000000,11.600000000000001,11.690000000000001,11.21,11.24,100136,114465159.00000001,0.0,15,11.280000000000001,0
20241211,1733846400000,11.27,11.299999999999999,11.01,11.2,76621,85328893.0,0.0,15,11.24,0
20241212,1733932800000,11.26,11.28,11.0,11.17,67287,74861181.0,0.0,15,11.2,0
20241213,1734019200000,11.16,11.16,10.85,10.9,74588,81859634.0,0.0,15,11.17,0
20241216,1734278400000,10.99,11.04,10.69,10.799999999999999,56076,60729096.0,0.0,15,10.9,0
20241217,1734364800000,10.81,10.81,10.33,10.33,60791,63901438.0,0.0,15,10.8,0
20241218,1734451200000,10.37,10.79,10.03,10.7,84496,89443105.0,0.0,15,10.33,0
20241219,1734537600000,10.55,10.690000000000001,10.31,10.41,47475,49616305.0,0.0,15,10.700000000000001,0
20241220,1734624000000,10.42,10.6,10.34,10.37,48997,51224410.00000001,0.0,15,10.41,0
20241223,1734883200000,10.370000000000001,10.370000000000001,9.71,9.73,73605,73339838.0,0.0,15,10.370000000000001,0
20241224,1734969600000,9.82,9.97,9.51,9.61,48707,47101219.0,0.0,15,9.73,0
20241225,1735056000000,9.68,9.709999999999999,9.11,9.26,63128,58657710.0,0.0,15,9.61,0
20241226,1735142400000,9.25,9.41,9.17,9.18,46228,42822572.0,0.0,15,9.26,0
20241227,1735228800000,9.19,9.47,9.16,9.31,45665,42786652.00000001,0.0,15,9.18,0
20241230,1735488000000,9.270000000000001,9.330000000000002,8.950000000000001,9.15,39169,35739151.0,0.0,15,9.31,0
20241231,1735574400000,9.190000000000001,9.3,8.950000000000001,8.98,30317,27578205.000000004,0.0,15,9.15,0
20250102,1735747200000,9.080000000000002,9.24,8.870000000000001,8.9,53016,47994441.0,0.0,15,8.98,0
20250103,1735833600000,8.969999999999999,9.01,8.36,8.42,50334,43415209.0,0.0,15,8.899999999999999,0
20250106,1736092800000,8.420000000000002,8.600000000000001,8.040000000000001,8.510000000000002,40413,34012059.0,0.0,15,8.420000000000002,0
20250107,1736179200000,8.57,8.8,8.48,8.8,40078,34679605.00000001,0.0,15,8.51,0
20250108,1736265600000,8.799999999999999,8.879999999999999,8.51,8.73,36212,31546605.0,0.0,15,8.799999999999999,0
20250109,1736352000000,8.73,8.89,8.65,8.870000000000001,30193,26592501.0,0.0,15,8.73,0
20250110,1736438400000,8.87,8.94,8.45,8.45,33228,28750480.000000004,0.0,15,8.87,0
20250113,1736697600000,8.4,8.62,8.26,8.56,28935,24532877.0,0.0,15,8.45,0
20250114,1736784000000,8.639999999999999,8.92,8.61,8.91,42595,37523678.0,0.0,15,8.559999999999999,0
20250115,1736870400000,8.91,9.37,8.75,9.12,95985,87540107.0,0.0,15,8.91,0
20250116,1736956800000,9.13,10.2,8.99,9.620000000000001,152838,146549625.0,0.0,15,9.120000000000001,0
20250117,1737043200000,9.57,9.790000000000001,9.24,9.33,89562,84207018.0,0.0,15,9.620000000000001,0
20250120,1737302400000,8.74,8.799999999999999,8.11,8.18,178377,148071474.0,0.0,15,9.33,0
20250121,1737388800000,8.110000000000001,8.18,7.7700000000000005,7.880000000000001,115541,91292348.00000001,0.0,15,8.18,0
20250122,1737475200000,7.8100000000000005,7.95,7.7,7.8100000000000005,57363,44924441.0,0.0,15,7.88,0
20250123,1737561600000,7.9399999999999995,7.989999999999999,7.68,7.6899999999999995,72671,57207242.00000001,0.0,15,7.81,0
20250124,1737648000000,7.61,7.75,7.61,7.69,47360,36393302.0,0.0,15,7.69,0
20250127,1737907200000,7.77,7.91,7.63,7.68,51827,40290593.0,0.0,15,7.6899999999999995,0
20250205,1738684800000,7.75,8.05,7.73,8.040000000000001,81391,64622585.0,0.0,15,7.680000000000001,0
20250206,1738771200000,8.16,8.16,7.86,8.02,59121,47150490.0,0.0,15,8.040000000000001,0
20250207,1738857600000,8.06,8.24,8.01,8.15,64025,52180015.0,0.0,15,8.02,0
20250210,1739116800000,8.26,8.35,8.16,8.290000000000001,55827,45944286.0,0.0,15,8.15,0
20250211,1739203200000,8.389999999999999,8.389999999999999,8.1,8.17,47523,38810754.00000001,0.0,15,8.29,0
20250212,1739289600000,8.17,8.25,8.11,8.219999999999999,42803,35041029.00000001,0.0,15,8.17,0
20250213,1739376000000,8.25,8.34,8.17,8.24,44679,36891772.0,0.0,15,8.22,0
20250214,1739462400000,8.27,8.34,8.16,8.19,38829,32032221.0,0.0,15,8.24,0
20250217,1739721600000,8.17,8.459999999999999,8.17,8.45,61679,51479325.99999999,0.0,15,8.19,0
20250218,1739808000000,8.45,8.469999999999999,8.1,8.15,55440,45813733.0,0.0,15,8.45,0
20250219,1739894400000,8.15,8.270000000000001,8.13,8.24,33189,27269670.999999996,0.0,15,8.15,0
20250220,1739980800000,8.2,8.5,8.18,8.34,46320,38644864.0,0.0,15,8.24,0
20250221,1740067200000,8.35,8.399999999999999,8.11,8.209999999999999,55756,45674940.00000001,0.0,15,8.34,0
20250224,1740326400000,8.209999999999999,8.42,8.19,8.37,58699,48856941.0,0.0,15,8.209999999999999,0
20250225,1740412800000,8.39,8.51,8.26,8.29,54774,45725960.0,0.0,15,8.37,0
20250226,1740499200000,8.29,8.46,8.25,8.34,60461,50482065.0,0.0,15,8.29,0
20250227,1740585600000,8.37,8.379999999999999,8.11,8.26,60798,50058236.00000001,0.0,15,8.34,0
20250228,1740672000000,8.26,8.33,8.08,8.08,55427,45302928.0,0.0,15,8.26,0
20250303,1740931200000,8.08,8.5,8.08,8.27,89818,74760400.00000001,0.0,15,8.08,0
20250304,1741017600000,8.21,8.32,8.15,8.290000000000001,47075,38797803.0,0.0,15,8.27,0
20250305,1741104000000,8.25,8.27,7.95,8.08,74263,59787270.0,0.0,15,8.290000000000001,0
20250306,1741190400000,8.09,8.15,7.95,8.07,53101,42740805.0,0.0,15,8.08,0
20250307,1741276800000,8.05,8.13,7.91,7.94,53341,42623899.99999999,0.0,15,8.07,0
20250310,1741536000000,7.97,8.11,7.91,8.03,46791,37541639.0,0.0,15,7.94,0
20250311,1741622400000,7.96,8.09,7.91,8.09,52382,41944817.00000001,0.0,15,8.03,0
20250312,1741708800000,8.139999999999999,8.17,8.03,8.11,52513,42538714.0,0.0,15,8.09,0
20250313,1741795200000,8.08,8.71,7.94,8.440000000000001,165824,138210810.0,0.0,15,8.110000000000001,0
20250314,1741881600000,8.44,8.91,8.25,8.7,182392,157029185.00000003,0.0,15,8.44,0
20250317,1742140800000,8.68,8.95,8.53,8.6,141077,122445319.0,0.0,15,8.7,0
20250318,1742227200000,8.590000000000002,8.65,8.46,8.49,82330,70126968.0,0.0,15,8.600000000000001,0
20250319,1742313600000,8.49,8.5,8.34,8.42,54066,45444001.0,0.0,15,8.49,0
20250320,1742400000000,8.42,8.49,8.31,8.370000000000001,51822,43474167.0,0.0,15,8.42,0
20250321,1742486400000,8.39,8.52,8.26,8.29,66640,55741225.0,0.0,15,8.37,0
20250324,1742745600000,8.26,8.469999999999999,8.11,8.19,89410,73972824.0,0.0,15,8.29,0
20250325,1742832000000,8.19,8.6,8.0,8.6,152762,128072449.00000001,0.0,15,8.19,0
20250326,1742918400000,8.5,8.729999999999999,8.45,8.5,114391,98051012.0,0.0,15,8.6,0
20250327,1743004800000,8.44,9.55,8.43,8.84,211142,190171231.0,0.0,15,8.5,0
20250328,1743091200000,8.8,8.88,8.3,8.3,139785,119310801.00000001,0.0,15,8.84,0
20250331,1743350400000,8.26,8.290000000000001,7.87,7.94,98509,78972544.0,0.0,15,8.3,0
20250401,1743436800000,8.0,8.15,7.98,8.01,59164,47680610.0,0.0,15,7.94,0
20250402,1743523200000,8.01,8.13,7.87,7.91,50468,40235836.0,0.0,15,8.01,0
20250403,1743609600000,7.83,7.95,7.76,7.85,45168,35463804.0,0.0,15,7.91,0
20250407,1743955200000,7.5200000000000005,7.5200000000000005,6.32,6.45,105462,71598381.00000001,0.0,15,7.8500000000000005,0
20250408,1744041600000,6.45,6.92,6.45,6.75,71092,47834645.0,0.0,15,6.45,0
20250409,1744128000000,6.77,6.8999999999999995,6.26,6.859999999999999,67959,45125294.0,0.0,15,6.75,0
20250410,1744214400000,6.91,7.17,6.91,7.0600000000000005,58677,41633986.0,0.0,15,6.86,0
20250411,1744300800000,7.09,7.13,7.0,7.01,39668,27975544.0,0.0,15,7.06,0
20250414,1744560000000,7.09,7.2,7.01,7.13,38885,27791898.000000004,0.0,15,7.01,0
20250415,1744646400000,7.12,7.24,7.08,7.16,33766,24130468.000000004,0.0,15,7.13,0
20250416,1744732800000,7.12,7.16,6.83,6.96,40336,28137823.000000004,0.0,15,7.16,0
20250417,1744819200000,6.94,7.19,6.94,7.1000000000000005,38769,27560616.0,0.0,15,6.96,0
20250418,1744905600000,7.12,7.15,6.98,7.130000000000001,44953,31787671.0,0.0,15,7.1000000000000005,0
20250421,1745164800000,7.11,7.19,7.07,7.15,30000,21413812.0,0.0,15,7.13,0
20250422,1745251200000,7.1000000000000005,7.16,7.07,7.07,36133,25676201.999999996,0.0,15,7.15,0
20250423,1745337600000,7.09,7.14,7.08,7.1,29754,21146028.0,0.0,15,7.07,0
20250424,1745424000000,7.12,7.12,6.88,6.89,45423,31692770.000000004,0.0,15,7.1,0
20250425,1745510400000,6.93,7.0,6.8,6.85,46682,32180443.0,0.0,15,6.89,0
20250428,1745769600000,6.92,6.94,6.66,6.73,42530,28836037.0,0.0,15,6.8500000000000005,0
20250429,1745856000000,6.7299999999999995,6.93,6.72,6.79,55570,38047753.0,0.0,15,6.7299999999999995,0
20250430,1745942400000,7.130000000000001,7.470000000000001,7.0200000000000005,7.0200000000000005,109474,78163175.0,0.0,15,6.79,0
20250506,1746460800000,7.3999999999999995,8.09,7.38,7.58,150784,115402267.99999999,0.0,15,7.02,0
20250507,1746547200000,7.49,7.91,7.49,7.8,141306,108685348.99999999,0.0,15,7.58,0
20250508,1746633600000,7.710000000000001,8.020000000000001,7.6000000000000005,7.8100000000000005,112573,87924580.0,0.0,15,7.800000000000001,0
20250509,1746720000000,7.82,7.92,7.65,7.65,64808,50169280.0,0.0,15,7.8100000000000005,0
20250512,1746979200000,7.750000000000001,7.790000000000001,7.640000000000001,7.74,49918,38476835.0,0.0,15,7.65,0
20250513,1747065600000,7.8100000000000005,7.95,7.74,7.8,60859,47655839.0,0.0,15,7.74,0
20250514,1747152000000,7.79,7.87,7.7700000000000005,7.8100000000000005,46806,36588970.0,0.0,15,7.800000000000001,0
20250515,1747238400000,7.859999999999999,8.99,7.76,8.25,253485,214744939.0,0.0,15,7.81,0
20250516,1747324800000,8.01,8.780000000000001,7.95,8.48,221959,183424924.00000003,0.0,15,8.25,0
20250519,1747584000000,8.3,8.379999999999999,8.09,8.2,135851,111534140.0,0.0,15,8.48,0
20250520,1747670400000,8.25,8.28,8.08,8.26,95786,78594324.0,0.0,15,8.2,0
20250521,1747756800000,8.28,8.39,8.17,8.209999999999999,81107,66894520.0,0.0,15,8.26,0
20250522,1747843200000,8.17,8.26,7.95,7.98,77275,62309453.0,0.0,15,8.21,0
20250523,1747929600000,8.1,8.27,7.98,8.01,63042,50954984.99999999,0.0,15,7.98,0
20250526,1748188800000,7.95,8.12,7.92,8.04,47924,38499791.0,0.0,15,8.01,0
20250527,1748275200000,8.08,8.31,7.96,8.27,82333,67107442.0,0.0,15,8.04,0
20250528,1748361600000,8.24,8.450000000000001,8.13,8.200000000000001,66389,54805922.0,0.0,15,8.270000000000001,0
20250529,1748448000000,8.16,8.3,8.08,8.27,61627,50770581.0,0.0,15,8.2,0
20250530,1748534400000,8.319999999999999,8.479999999999999,8.2,8.2,84668,70509075.0,0.0,15,8.27,0
20250603,1748880000000,8.03,8.34,8.01,8.24,58921,48277359.0,0.0,15,8.2,0
20250604,1748966400000,8.27,8.309999999999999,8.19,8.299999999999999,47818,39522133.0,0.0,15,8.24,0
20250605,1749052800000,8.319999999999999,8.34,8.2,8.229999999999999,43664,36023910.0,0.0,15,8.299999999999999,0
20250606,1749139200000,8.290000000000001,8.35,8.23,8.32,47156,39154875.0,0.0,15,8.23,0
20250609,1749398400000,8.32,8.440000000000001,8.3,8.430000000000001,52349,43937638.0,0.0,15,8.32,0
20250610,1749484800000,8.41,8.48,8.18,8.37,66305,55409724.00000001,0.0,15,8.43,0
20250611,1749571200000,8.37,8.45,8.33,8.37,39873,33467688.0,0.0,15,8.37,0
20250612,1749657600000,8.379999999999999,8.4,8.27,8.379999999999999,42602,35543016.0,0.0,15,8.37,0
20250613,1749744000000,8.350000000000001,8.49,8.3,8.350000000000001,63987,53652257.0,0.0,15,8.38,0
20250616,1750003200000,8.280000000000001,8.43,8.23,8.3,49139,40941377.99999999,0.0,15,8.35,0
20250617,1750089600000,8.319999999999999,8.479999999999999,8.28,8.35,44093,36854643.0,0.0,15,8.299999999999999,0
20250618,1750176000000,8.299999999999999,8.89,8.26,8.56,178081,153340262.0,0.0,15,8.35,0
20250619,1750262400000,8.68,9.41,8.51,9.17,311803,281087104.0,0.0,15,8.56,0
20250620,1750348800000,9.13,9.16,8.72,8.770000000000001,202471,180085059.0,0.0,15,9.17,0
20250623,1750608000000,8.61,9.12,8.53,8.889999999999999,158350,141490548.0,0.0,15,8.77,0
20250624,1750694400000,8.97,8.98,8.75,8.91,117913,104790507.0,0.0,15,8.89,0
20250625,1750780800000,9.18,9.38,8.81,8.91,143614,129641655.00000001,0.0,15,8.91,0
20250626,1750867200000,8.85,9.23,8.82,8.93,117412,105860892.00000001,0.0,15,8.91,0
20250627,1750953600000,8.95,9.309999999999999,8.94,9.01,105895,95984901.0,0.0,15,8.93,0
20250630,1751212800000,9.09,9.18,8.89,9.07,81324,73231748.0,0.0,15,9.01,0
20250701,1751299200000,9.1,9.1,8.83,8.93,82014,73327562.0,0.0,15,9.07,0
20250702,1751385600000,8.9,10.47,8.81,10.030000000000001,353728,339647098.0,0.0,15,8.93,0
20250703,1751472000000,9.8,9.860000000000001,9.39,9.600000000000001,210755,201280174.00000003,0.0,15,10.030000000000001,0
20250704,1751558400000,9.6,9.63,9.17,9.23,130269,121413263.00000001,0.0,15,9.6,0
20250707,1751817600000,9.180000000000001,9.31,9.120000000000001,9.280000000000001,76488,70790864.0,0.0,15,9.23,0
20250708,1751904000000,9.28,9.66,9.26,9.47,130690,124127510.00000001,0.0,15,9.28,0
20250709,1751990400000,9.48,9.49,9.18,9.209999999999999,116696,108390237.0,0.0,15,9.469999999999999,0
20250710,1752076800000,9.170000000000002,9.270000000000001,9.040000000000001,9.24,95382,87276574.0,0.0,15,9.21,0
20250711,1752163200000,9.200000000000001,9.23,9.05,9.16,64135,58589423.00000001,0.0,15,9.24,0
20250714,1752422400000,9.18,9.25,9.16,9.24,46166,42500521.0,0.0,15,9.16,0
20250715,1752508800000,9.21,9.270000000000001,8.88,8.99,74189,66905997.0,0.0,15,9.24,0
20250716,1752595200000,9.010000000000002,9.05,8.96,9.040000000000001,36182,32612201.0,0.0,15,8.99,0
20250717,1752681600000,9.090000000000002,9.090000000000002,8.96,9.05,41970,37899889.0,0.0,15,9.040000000000001,0
20250718,1752768000000,9.04,9.17,9.03,9.09,43849,39828271.0,0.0,15,9.049999999999999,0
20250721,1753027200000,9.1,9.39,9.09,9.29,91324,84793886.0,0.0,15,9.09,0
20250722,1753113600000,9.3,9.4,9.17,9.35,75284,69961884.0,0.0,15,9.29,0
20250723,1753200000000,9.36,9.38,9.16,9.2,66070,61183560.00000001,0.0,15,9.35,0
20250724,1753286400000,9.19,9.32,9.18,9.299999999999999,62896,58175533.0,0.0,15,9.2,0
20250725,1753372800000,9.3,9.33,9.21,9.25,45274,41935196.0,0.0,15,9.3,0
20250728,1753632000000,9.25,9.340000000000002,9.21,9.32,41045,38138882.0,0.0,15,9.25,0
20250729,1753718400000,9.299999999999999,9.65,9.18,9.5,101064,95040033.0,0.0,15,9.32,0
20250730,1753804800000,9.5,9.52,9.28,9.319999999999999,75619,71040211.00000001,0.0,15,9.5,0
20250731,1753891200000,9.280000000000001,9.3,8.98,8.99,81106,73974406.0,0.0,15,9.32,0
20250801,1753977600000,8.99,9.28,8.93,9.19,56003,51414455.0,0.0,15,8.99,0
20250804,1754236800000,9.24,9.35,9.09,9.33,57182,52955764.0,0.0,15,9.19,0
20250805,1754323200000,9.37,9.459999999999999,9.35,9.4,49711,46720984.0,0.0,15,9.33,0
20250806,1754409600000,9.48,9.48,9.33,9.37,44068,41274200.0,0.0,15,9.4,0
20250807,1754496000000,9.430000000000001,9.450000000000001,9.290000000000001,9.3,44886,41883560.0,0.0,15,9.370000000000001,0
20250808,1754582400000,9.280000000000001,9.370000000000001,9.200000000000001,9.350000000000001,45212,42026980.0,0.0,15,9.3,0
20250811,1754841600000,9.450000000000001,9.49,9.32,9.47,54628,51593794.99999999,0.0,15,9.35,0
20250812,1754928000000,9.48,9.49,9.32,9.38,39906,37443172.0,0.0,15,9.47,0
20250813,1755014400000,9.45,9.47,9.33,9.34,44045,41281566.99999999,0.0,15,9.38,0
20250814,1755100800000,9.420000000000002,9.420000000000002,9.120000000000001,9.120000000000001,59248,54551148.0,0.0,15,9.340000000000002,0
20250815,1755187200000,9.1,9.209999999999999,9.1,9.16,39007,35741992.0,0.0,15,9.12,0
20250818,1755446400000,9.200000000000001,9.290000000000001,9.14,9.23,53835,49750254.0,0.0,15,9.16,0
20250819,1755532800000,9.21,9.41,9.13,9.38,63666,59351005.99999999,0.0,15,9.23,0
20250820,1755619200000,9.34,9.55,9.33,9.51,63017,59636152.99999999,0.0,15,9.38,0
20250821,1755705600000,9.55,9.68,9.5,9.6,73723,70736718.0,0.0,15,9.51,0
20250822,1755792000000,9.620000000000001,9.670000000000002,9.450000000000001,9.56,58058,55279753.0,0.0,15,9.600000000000001,0
20250825,1756051200000,9.540000000000001,9.63,9.450000000000001,9.47,68726,65371108.0,0.0,15,9.56,0
20250826,1756137600000,9.450000000000001,9.77,9.4,9.67,89830,86813960.0,0.0,15,9.47,0
20250827,1756224000000,9.700000000000001,9.73,9.22,9.22,87356,82736751.0,0.0,15,9.67,0
20250828,1756310400000,9.24,10.09,9.11,9.549999999999999,148217,140440165.00000003,0.0,15,9.219999999999999,0
20250829,1756396800000,9.549999999999999,9.78,9.26,9.29,116051,109928138.0,0.0,15,9.549999999999999,0
20250901,1756656000000,9.23,9.500000000000002,9.120000000000001,9.330000000000002,72456,67641391.00000001,0.0,15,9.290000000000001,0
20250902,1756742400000,9.32,9.33,8.96,9.110000000000001,79509,72491364.0,0.0,15,9.33,0
20250903,1756828800000,9.15,9.18,8.74,8.77,65929,58939157.99999999,0.0,15,9.11,0
20250904,1756915200000,8.860000000000001,9.1,8.81,8.92,72007,64726039.00000001,0.0,15,8.770000000000001,0
20250905,1757001600000,8.950000000000001,9.15,8.870000000000001,9.15,52713,47967702.0,0.0,15,8.920000000000002,0
20250908,1757260800000,9.18,9.450000000000001,9.15,9.450000000000001,68069,63442283.00000001,0.0,15,9.15,0
20250909,1757347200000,9.41,9.76,9.34,9.54,94461,90488159.0,0.0,15,9.45,0
20250910,1757433600000,9.540000000000001,9.64,9.46,9.55,49153,46837519.0,0.0,15,9.540000000000001,0
20250911,1757520000000,9.549999999999999,9.549999999999999,9.36,9.51,48035,45397893.0,0.0,15,9.549999999999999,0
20250912,1757606400000,9.540000000000001,9.55,9.38,9.450000000000001,42194,39829181.0,0.0,15,9.510000000000002,0
20250915,1757865600000,9.38,9.5,9.32,9.38,37931,35569112.0,0.0,15,9.450000000000001,0
20250916,1757952000000,9.360000000000001,9.440000000000001,9.3,9.430000000000001,38160,35792321.0,0.0,15,9.38,0
20250917,1758038400000,9.49,9.5,9.28,9.28,41000,38345176.0,0.0,15,9.43,0
20250918,1758124800000,9.280000000000001,9.33,8.9,8.98,76187,69266309.0,0.0,15,9.280000000000001,0
20250919,1758211200000,8.95,9.03,8.76,8.85,62855,55580213.00000001,0.0,15,8.98,0
20250922,1758470400000,8.91,8.91,8.63,8.700000000000001,40916,35660584.0,0.0,15,8.850000000000001,0
20250923,1758556800000,8.66,8.71,8.23,8.5,65516,55112008.99999999,0.0,15,8.700000000000001,0
20250924,1758643200000,8.49,8.68,8.44,8.68,47076,40530692.0,0.0,15,8.5,0
20250925,1758729600000,8.680000000000001,8.780000000000001,8.55,8.59,44564,38583532.99999999,0.0,15,8.680000000000001,0
20250926,1758816000000,8.6,8.86,8.53,8.7,48830,42662595.0,0.0,15,8.59,0
20250929,1759075200000,8.700000000000001,8.940000000000001,8.56,8.91,51295,45234774.0,0.0,15,8.700000000000001,0
20250930,1759161600000,8.950000000000001,9.0,8.82,8.98,41470,37135640.0,0.0,15,8.91,0
20251009,1759939200000,9.05,9.06,8.790000000000001,8.82,54697,48582897.0,0.0,15,8.98,0
20251010,1760025600000,8.83,9.41,8.72,9.24,121873,111883005.0,0.0,15,8.82,0
20251013,1760284800000,9.049999999999999,9.67,8.69,9.58,151877,141787287.0,0.0,15,9.24,0
20251014,1760371200000,9.56,9.93,9.48,9.55,137713,133060558.00000001,0.0,15,9.58,0
20251015,1760457600000,9.55,9.75,9.46,9.55,89541,85792646.0,0.0,15,9.55,0
20251016,1760544000000,9.54,9.549999999999999,9.26,9.32,75112,70327188.0,0.0,15,9.549999999999999,0
20251017,1760630400000,9.34,9.709999999999999,9.28,9.569999999999999,132631,126668544.0,0.0,15,9.319999999999999,0
20251020,1760889600000,9.65,9.77,9.48,9.65,93882,90108993.0,0.0,15,9.57,0
20251021,1760976000000,9.719999999999999,9.77,9.61,9.709999999999999,73934,71603976.0,0.0,15,9.649999999999999,0
20251022,1761062400000,9.71,9.71,9.57,9.620000000000001,47701,45963791.0,0.0,15,9.71,0
20251023,1761148800000,9.64,9.75,9.48,9.73,62625,60325172.0,0.0,15,9.620000000000001,0
20251024,1761235200000,9.75,9.79,9.53,9.559999999999999,61732,59297053.0,0.0,15,9.729999999999999,0
20251027,1761494400000,9.58,9.74,9.46,9.71,70056,67395188.0,0.0,15,9.56,0
20251028,1761580800000,9.700000000000001,10.180000000000001,9.63,9.91,123251,122312365.0,0.0,15,9.71,0
20251029,1761667200000,9.95,10.0,9.66,9.76,79854,77968252.0,0.0,15,9.91,0
20251030,1761753600000,9.73,9.84,9.59,9.64,56129,54520494.0,0.0,15,9.76,0
20251031,1761840000000,9.750000000000002,10.110000000000001,9.700000000000001,9.920000000000002,96672,96123329.0,0.0,15,9.64,0
20251103,1762099200000,9.95,9.98,9.84,9.94,59912,59352784.0,0.0,15,9.92,0
20251104,1762185600000,9.93,10.09,9.86,9.969999999999999,73733,73579517.0,0.0,15,9.94,0
20251105,1762272000000,9.899999999999999,10.299999999999999,9.86,10.18,98241,99780418.0,0.0,15,9.969999999999999,0
20251106,1762358400000,10.16,12.22,10.06,12.22,480719,573071407.0,0.0,15,10.18,0
20251107,1762444800000,12.120000000000001,14.66,11.99,14.66,569182,762133932.0,0.0,15,12.22,0
20251110,1762704000000,16.68,17.59,15.73,17.59,814832,1346115112.0,0.0,15,14.66,0
20251111,1762790400000,17.32,20.71,16.5,19.0,857578,1528191106.0,0.0,15,17.59,0
20251112,1762876800000,18.700000000000003,18.82,16.6,17.12,636367,1092338571.0,0.0,15,19.0,0
20251113,1762963200000,17.0,18.8,16.8,18.37,711303,1280047922.0,0.0,15,17.12,0
20251114,1763049600000,17.11,17.86,16.25,17.17,560741,957710307.0,0.0,15,18.37,0
20251117,1763308800000,17.73,19.98,17.46,19.59,716792,1332810999.0,0.0,15,17.17,0
20251118,1763395200000,20.029999999999998,20.7,16.65,17.5,611117,1116319513.0,0.0,15,19.59,0
20251119,1763481600000,17.13,18.8,16.8,18.400000000000002,523489,939948151.0,0.0,15,17.5,0
20251120,1763568000000,17.799999999999997,19.58,17.56,18.4,550219,1033118026.0000001,0.0,15,18.4,0
20251121,1763654400000,17.900000000000002,19.87,17.01,19.060000000000002,598451,1125319830.0,0.0,15,18.400000000000002,0
20251124,1763913600000,17.81,18.06,15.26,15.549999999999999,520680,841961338.0,0.0,15,19.06,0
20251125,1764000000000,15.63,18.66,15.14,18.66,541258,901389947.0,0.0,15,15.55,0
20251126,1764086400000,20.009999999999998,20.15,18.18,18.99,707017,1357573155.0,0.0,15,18.66,0
20251127,1764172800000,19.64,21.650000000000002,18.6,19.89,722260,1424616756.0,0.0,15,18.990000000000002,0
20251128,1764259200000,19.64,21.48,19.01,20.3,670930,1384719309.0,0.0,15,19.89,0
20251201,1764518400000,20.79,23.5,20.79,21.599999999999998,691359,1529901285.0,0.0,15,20.3,0
20251202,1764604800000,20.51,25.130000000000003,20.01,24.080000000000002,786303,1726389235.0,0.0,15,21.6,0
20251203,1764691200000,23.89,25.7,22.5,23.27,717835,1757738000.0,0.0,15,24.08,0
20251204,1764777600000,22.21,23.990000000000002,21.82,22.01,537100,1217684730.0,0.0,15,23.27,0
20251205,1764864000000,21.32,23.0,20.92,22.590000000000003,510748,1124126654.0000002,0.0,15,22.01,0
20251208,1765123200000,22.0,22.180000000000003,20.92,21.400000000000002,478569,1026088256.0000001,0.0,15,22.590000000000003,0
20251209,1765209600000,20.91,21.75,20.11,20.27,403203,830650783.0,0.0,15,21.4,0
20251210,1765296000000,20.29,21.09,19.97,20.119999999999997,337688,692940774.0,0.0,15,20.27,0
20251211,1765382400000,19.700000000000003,19.78,18.17,18.400000000000002,440055,825764840.0,0.0,15,20.12,0
20251212,1765468800000,18.51,19.62,18.330000000000002,18.430000000000003,389049,736524804.0,0.0,15,18.400000000000002,0
20251215,1765728000000,18.36,18.68,17.75,18.04,289848,524895552.0,0.0,15,18.43,0
20251216,1765814400000,17.86,17.97,16.8,17.12,261361,449439437.00000006,0.0,15,18.04,0
20251217,1765900800000,17.39,17.97,16.8,17.53,316506,552357052.0,0.0,15,17.12,0
20251218,1765987200000,17.110000000000003,17.270000000000003,16.51,16.57,264726,443213486.0,0.0,15,17.53,0
20251219,1766073600000,16.5,17.01,16.26,16.680000000000003,218825,363397974.0,0.0,15,16.57,0
20251222,1766332800000,16.75,17.5,16.64,17.03,254991,437510717.0,0.0,15,16.68,0
20251223,1766419200000,16.939999999999998,17.74,16.31,17.419999999999998,373341,642228344.0,0.0,15,17.029999999999998,0
20251224,1766505600000,17.34,18.11,17.0,17.15,330242,576553896.0,0.0,15,17.42,0
20251225,1766592000000,17.0,17.05,16.39,16.740000000000002,266183,443449331.0,0.0,15,17.150000000000002,0
20251226,1766678400000,17.0,19.259999999999998,16.88,18.259999999999998,564047,1015749064.0000001,0.0,15,16.74,0
20251229,1766937600000,17.650000000000002,17.88,16.73,17.31,351504,607139006.0,0.0,15,18.26,0
20251230,1767024000000,17.0,17.05,16.03,16.55,302158,497242607.0,0.0,15,17.310000000000002,0
20251231,1767110400000,16.57,16.77,15.92,15.97,213099,343555585.00000006,0.0,15,16.55,0
20260105,1767542400000,16.01,17.860000000000003,16.01,17.05,400366,685498799.0,0.0,15,15.970000000000002,0
20260106,1767628800000,17.41,19.490000000000002,17.41,18.52,552837,1024187678.9999999,0.0,15,17.05,0
20260107,1767715200000,18.53,18.75,17.67,17.71,360433,649234080.0,0.0,15,18.520000000000003,0
20260108,1767801600000,17.73,18.68,17.51,17.650000000000002,301578,543430554.0,0.0,15,17.71,0
20260109,1767888000000,17.3,17.48,16.94,17.060000000000002,252371,433187640.0,0.0,15,17.650000000000002,0
20260112,1768147200000,17.25,18.78,17.25,18.6,409557,744793418.0,0.0,15,17.06,0
20260113,1768233600000,18.41,18.669999999999998,17.2,17.24,311258,555005702.0,0.0,15,18.599999999999998,0
20260114,1768320000000,17.3,18.66,17.2,18.04,350355,632851293.0000001,0.0,15,17.24,0
20260115,1768406400000,17.939999999999998,19.099999999999998,17.56,18.02,423576,785220896.0000001,0.0,15,18.04,0
20260116,1768492800000,18.15,18.75,17.31,17.36,358308,638684272.0,0.0,15,18.02,0
20260119,1768752000000,16.9,17.799999999999997,16.65,17.24,203181,350138275.0,0.0,15,17.36,0
20260120,1768838400000,17.23,17.240000000000002,16.05,16.3,246226,404791563.0,0.0,15,17.240000000000002,0
20260121,1768924800000,16.310000000000002,16.34,15.700000000000001,15.870000000000001,156105,249179081.0,0.0,15,16.3,0
20260122,1769011200000,15.879999999999999,16.11,15.6,15.959999999999999,114500,181943211.0,0.0,15,15.87,0
20260123,1769097600000,15.96,16.84,15.860000000000001,16.790000000000003,212154,350350080.99999994,0.0,15,15.96,0
20260126,1769356800000,16.650000000000002,17.290000000000003,16.17,16.290000000000003,176131,293570686.0,0.0,15,16.790000000000003,0
20260127,1769443200000,16.3,16.3,14.89,15.81,182134,283219343.00000006,0.0,15,16.29,0
20260128,1769529600000,15.790000000000001,15.82,15.23,15.33,122554,188539473.0,0.0,15,15.81,0
20260129,1769616000000,15.18,15.49,14.91,15.01,112447,170227756.00000003,0.0,15,15.33,0
20260130,1769702400000,15.100000000000001,15.190000000000001,14.71,15.05,97761,146533651.0,0.0,15,15.010000000000002,0
20260202,1769961600000,14.9,15.14,14.68,14.7,71808,106988971.00000001,0.0,15,15.049999999999999,0
20260203,1770048000000,14.870000000000001,15.22,14.8,15.16,94740,142496635.0,0.0,15,14.700000000000001,0
20260204,1770134400000,15.18,16.39,15.15,15.57,213014,336247759.0,0.0,15,15.16,0
20260205,1770220800000,15.16,15.5,14.93,15.0,120560,182403016.00000003,0.0,15,15.57,0
20260206,1770307200000,14.809999999999999,15.6,14.77,15.4,125137,191906249.0,0.0,15,15.0,0
20260209,1770566400000,15.5,15.66,15.25,15.42,93457,143719811.0,0.0,15,15.4,0
20260210,1770652800000,15.43,15.450000000000001,15.15,15.17,67559,102765638.0,0.0,15,15.42,0
20260211,1770739200000,15.07,15.389999999999999,15.02,15.12,66727,101465705.0,0.0,15,15.17,0
20260212,1770825600000,15.11,15.2,14.68,14.7,106115,157635073.0,0.0,15,15.12,0
20260213,1770912000000,14.88,15.24,14.71,14.850000000000001,88844,133327887.00000001,0.0,15,14.700000000000001,0
20260224,1771862400000,15.0,16.18,14.97,15.82,213718,334237442.0,0.0,15,14.850000000000001,0
20260225,1771948800000,15.950000000000001,18.98,15.950000000000001,18.98,459600,837248967.0,0.0,15,15.82,0
20260226,1772035200000,19.599999999999998,20.54,18.72,20.099999999999998,785901,1547370616.0,0.0,15,18.98,0
20260227,1772121600000,19.150000000000002,19.76,18.8,19.330000000000002,461672,886969624.0,0.0,15,20.1,0
20260302,1772380800000,18.900000000000002,19.580000000000002,18.330000000000002,18.400000000000002,339676,638799777.0,0.0,15,19.330000000000002,0
20260303,1772467200000,18.6,19.810000000000002,17.89,19.18,559697,1070129211.0000001,0.0,15,18.400000000000002,0
20260304,1772553600000,17.950000000000003,20.5,17.85,19.93,492124,964362745.0,0.0,15,19.18,0
20260305,1772640000000,19.74,19.85,18.52,18.919999999999998,365173,694993253.0,0.0,15,19.93,0
20260306,1772726400000,18.55,20.5,18.54,20.08,461202,908005473.0000001,0.0,15,18.919999999999998,0
20260309,1772985600000,19.500000000000004,21.12,19.330000000000002,19.380000000000003,483575,977808748.0,0.0,15,20.080000000000002,0
20260310,1773072000000,18.5,20.26,18.3,19.650000000000002,368411,714922775.0,0.0,15,19.380000000000003,0
20260311,1773158400000,19.51,21.0,19.01,20.93,524696,1045557182.0,0.0,15,19.650000000000002,0
20260312,1773244800000,20.709999999999997,21.73,20.13,20.759999999999998,510413,1066188876.0000001,0.0,15,20.93,0
20260313,1773331200000,20.3,23.0,20.3,20.77,547042,1194981177.0,0.0,15,20.76,0
20260316,1773590400000,20.160000000000004,21.5,18.830000000000002,18.930000000000003,405488,802765801.0,0.0,15,20.770000000000003,0
20260317,1773676800000,18.68,20.32,18.68,19.66,386491,756839275.0,0.0,15,18.93,0
20260318,1773763200000,19.26,19.3,17.8,18.220000000000002,336858,612278236.0,0.0,15,19.66,0
20260319,1773849600000,18.04,18.439999999999998,16.47,16.75,297658,511629674.0,0.0,15,18.22,0
20260320,1773936000000,16.69,17.16,16.1,16.150000000000002,231273,383741503.0,0.0,15,16.75,0
20260323,1774195200000,15.81,16.45,15.51,15.64,190182,304694232.0,0.0,15,16.15,0
20260324,1774281600000,16.0,16.34,15.48,16.29,194627,310804254.0,0.0,15,15.64,0
20260325,1774368000000,16.34,16.490000000000002,15.790000000000001,15.850000000000001,212543,342035418.0,0.0,15,16.29,0
20260326,1774454400000,15.8,16.58,15.75,15.99,221332,356731999.0,0.0,15,15.85,0
20260327,1774540800000,15.22,16.3,15.22,15.950000000000001,182458,289578775.0,0.0,15,15.99,0
20260330,1774800000000,15.66,16.35,15.66,16.0,161037,257641201.0,0.0,15,15.95,0
20260331,1774886400000,15.88,16.14,15.24,15.24,174775,273451755.0,0.0,15,16.0,0
20260401,1774972800000,15.55,15.77,15.34,15.58,121303,188466741.0,0.0,15,15.24,0
20260402,1775059200000,15.600000000000001,15.600000000000001,14.88,15.05,131077,198445135.0,0.0,15,15.58,0
20260403,1775145600000,15.09,15.18,14.52,14.54,110019,161750262.0,0.0,15,15.049999999999999,0
20260407,1775491200000,14.639999999999999,15.85,14.6,15.74,219688,336984881.00000006,0.0,15,14.54,0
20260408,1775577600000,15.580000000000002,15.940000000000001,15.450000000000001,15.920000000000002,188880,297519055.0,0.0,15,15.74,0
20260409,1775664000000,15.8,15.92,15.47,15.59,120248,188189081.0,0.0,15,15.92,0
20260410,1775750400000,15.7,15.85,15.52,15.68,105643,165746671.0,0.0,15,15.59,0
20260413,1776009600000,15.66,15.790000000000001,15.48,15.780000000000001,92092,144337563.0,0.0,15,15.68,0
20260414,1776096000000,15.780000000000001,15.990000000000002,15.610000000000001,15.98,113904,179753775.0,0.0,15,15.780000000000001,0
20260415,1776182400000,16.02,16.03,15.49,15.53,107927,168736685.99999997,0.0,15,15.98,0
20260416,1776268800000,15.56,16.1,15.35,15.99,136285,215573739.00000003,0.0,15,15.53,0
20260417,1776355200000,15.93,16.54,15.82,16.0,139435,224088650.00000003,0.0,15,15.99,0
20260420,1776614400000,16.150000000000002,16.16,15.89,16.060000000000002,98752,158124016.0,0.0,15,16.0,0
20260421,1776700800000,15.96,16.1,15.540000000000001,15.850000000000001,97627,153957131.0,0.0,15,16.060000000000002,0
20260422,1776787200000,15.770000000000001,16.23,15.71,16.080000000000002,135446,216389162.0,0.0,15,15.850000000000001,0
20260423,1776873600000,16.06,16.16,15.43,15.66,121194,190167003.0,0.0,15,16.08,0
20260424,1776960000000,15.54,16.259999999999998,15.43,15.91,162922,258103427.0,0.0,15,15.66,0
20260427,1777219200000,15.760000000000002,15.96,15.22,15.940000000000001,136598,214176763.00000003,0.0,15,15.91,0
20260428,1777305600000,15.93,16.14,15.5,15.63,97156,153061421.0,0.0,15,15.94,0
20260429,1777392000000,15.45,16.4,15.34,16.28,174010,280253400.0,0.0,15,15.629999999999999,0
20260430,1777478400000,16.509999999999998,16.6,15.93,16.04,130655,211065096.0,0.0,15,16.28,0
20260506,1777996800000,16.1,16.45,16.0,16.4,111821,182499162.0,0.0,15,16.04,0
20260507,1778083200000,16.42,16.86,16.28,16.490000000000002,128464,212279784.0,0.0,15,16.400000000000002,0
20260508,1778169600000,16.41,16.78,16.3,16.59,117576,194240663.0,0.0,15,16.490000000000002,0
20260511,1778428800000,16.66,17.3,16.66,16.9,183554,310816225.0,0.0,15,16.59,0
20260512,1778515200000,16.900000000000002,17.09,16.12,16.330000000000002,147721,243732077.00000003,0.0,15,16.900000000000002,0
20260513,1778601600000,16.12,16.490000000000002,15.89,15.98,120287,193969962.00000003,0.0,15,16.330000000000002,0
20260514,1778688000000,15.99,16.0,15.33,15.33,110059,171563688.0,0.0,15,15.98,0
20260515,1778774400000,15.34,16.04,15.24,15.370000000000001,109638,171005922.0,0.0,15,15.33,0
20260518,1779033600000,15.430000000000001,15.63,15.13,15.290000000000001,87716,134746960.0,0.0,15,15.370000000000001,0
20260519,1779120000000,15.200000000000001,15.280000000000001,14.63,14.840000000000002,116823,173088815.0,0.0,15,15.290000000000001,0
20260520,1779206400000,14.84,14.84,14.35,14.59,78810,114530442.0,0.0,15,14.84,0
20260521,1779292800000,14.59,14.74,13.56,13.59,130584,184599834.0,0.0,15,14.59,0
20260522,1779379200000,13.64,14.06,13.47,13.930000000000001,80328,111040857.0,0.0,15,13.59,0
20260525,1779638400000,13.93,14.05,13.26,13.42,88154,119348931.99999999,0.0,15,13.93,0
20260526,1779724800000,13.39,13.45,13.01,13.18,83436,109837684.0,0.0,15,13.42,0
