date,time,open,high,low,close,volume,amount,settelementPrice,openInterest,preClose,suspendFlag
19980327,890928000000,,,,,0,0.0,0.0,0,,1
19980330,891187200000,,,,,0,0.0,0.0,0,,1
19980331,891273600000,,,,,0,0.0,0.0,0,,1
19980401,891360000000,,,,,0,0.0,0.0,0,,1
19980402,891446400000,,,,,0,0.0,0.0,0,,1
19980403,891532800000,,,,,0,0.0,0.0,0,,1
19980406,891792000000,,,,,0,0.0,0.0,0,,1
19980407,891878400000,,,,,0,0.0,0.0,0,,1
19980408,891964800000,,,,,0,0.0,0.0,0,,1
19980409,892051200000,,,,,0,0.0,0.0,0,,1
19980410,892137600000,,,,,0,0.0,0.0,0,,1
19980413,892396800000,,,,,0,0.0,0.0,0,,1
19980414,892483200000,,,,,0,0.0,0.0,0,,1
19980415,892569600000,,,,,0,0.0,0.0,0,,1
19980416,892656000000,,,,,0,0.0,0.0,0,,1
19980417,892742400000,,,,,0,0.0,0.0,0,,1
19980420,893001600000,,,,,0,0.0,0.0,0,,1
19980421,893088000000,,,,,0,0.0,0.0,0,,1
19980422,893174400000,,,,,0,0.0,0.0,0,,1
19980423,893260800000,,,,,0,0.0,0.0,0,,1
19980424,893347200000,,,,,0,0.0,0.0,0,,1
19980427,893606400000,,,,,0,0.0,0.0,0,,1
19980428,893692800000,,,,,0,0.0,0.0,0,,1
19980429,893779200000,,,,,0,0.0,0.0,0,,1
19980430,893865600000,,,,,0,0.0,0.0,0,,1
19980504,894211200000,,,,,0,0.0,0.0,0,,1
19980505,894297600000,,,,,0,0.0,0.0,0,,1
19980506,894384000000,,,,,0,0.0,0.0,0,,1
19980507,894470400000,,,,,0,0.0,0.0,0,,1
19980508,894556800000,,,,,0,0.0,0.0,0,,1
19980511,894816000000,,,,,0,0.0,0.0,0,,1
19980512,894902400000,,,,,0,0.0,0.0,0,,1
19980513,894988800000,,,,,0,0.0,0.0,0,,1
19980514,895075200000,,,,,0,0.0,0.0,0,,1
19980515,895161600000,,,,,0,0.0,0.0,0,,1
19980518,895420800000,,,,,0,0.0,0.0,0,,1
19980519,895507200000,,,,,0,0.0,0.0,0,,1
19980520,895593600000,,,,,0,0.0,0.0,0,,1
19980521,895680000000,,,,,0,0.0,0.0,0,,1
19980522,895766400000,,,,,0,0.0,0.0,0,,1
19980525,896025600000,,,,,0,0.0,0.0,0,,1
19980526,896112000000,,,,,0,0.0,0.0,0,,1
19980527,896198400000,,,,,0,0.0,0.0,0,,1
19980528,896284800000,,,,,0,0.0,0.0,0,,1
19980529,896371200000,,,,,0,0.0,0.0,0,,1
19980601,896630400000,,,,,0,0.0,0.0,0,,1
19980602,896716800000,,,,,0,0.0,0.0,0,,1
19980603,896803200000,,,,,0,0.0,0.0,0,,1
19980604,896889600000,,,,,0,0.0,0.0,0,,1
19980605,896976000000,,,,,0,0.0,0.0,0,,1
19980608,897235200000,,,,,0,0.0,0.0,0,,1
19980609,897321600000,,,,,0,0.0,0.0,0,,1
19980610,897408000000,,,,,0,0.0,0.0,0,,1
19980611,897494400000,,,,,0,0.0,0.0,0,,1
19980612,897580800000,,,,,0,0.0,0.0,0,,1
19980615,897840000000,,,,,0,0.0,0.0,0,,1
19980616,897926400000,,,,,0,0.0,0.0,0,,1
19980617,898012800000,,,,,0,0.0,0.0,0,,1
19980618,898099200000,,,,,0,0.0,0.0,0,,1
19980619,898185600000,,,,,0,0.0,0.0,0,,1
19980622,898444800000,,,,,0,0.0,0.0,0,,1
19980623,898531200000,,,,,0,0.0,0.0,0,,1
19980624,898617600000,,,,,0,0.0,0.0,0,,1
19980625,898704000000,,,,,0,0.0,0.0,0,,1
19980626,898790400000,,,,,0,0.0,0.0,0,,1
19980629,899049600000,,,,,0,0.0,0.0,0,,1
19980630,899136000000,,,,,0,0.0,0.0,0,,1
19980701,899222400000,,,,,0,0.0,0.0,0,,1
19980702,899308800000,,,,,0,0.0,0.0,0,,1
19980703,899395200000,,,,,0,0.0,0.0,0,,1
19980706,899654400000,,,,,0,0.0,0.0,0,,1
19980707,899740800000,,,,,0,0.0,0.0,0,,1
19980708,899827200000,,,,,0,0.0,0.0,0,,1
19980709,899913600000,,,,,0,0.0,0.0,0,,1
19980710,900000000000,,,,,0,0.0,0.0,0,,1
19980713,900259200000,,,,,0,0.0,0.0,0,,1
19980714,900345600000,,,,,0,0.0,0.0,0,,1
19980715,900432000000,,,,,0,0.0,0.0,0,,1
19980716,900518400000,,,,,0,0.0,0.0,0,,1
19980717,900604800000,,,,,0,0.0,0.0,0,,1
19980720,900864000000,,,,,0,0.0,0.0,0,,1
19980721,900950400000,,,,,0,0.0,0.0,0,,1
19980722,901036800000,,,,,0,0.0,0.0,0,,1
19980723,901123200000,,,,,0,0.0,0.0,0,,1
19980724,901209600000,,,,,0,0.0,0.0,0,,1
19980727,901468800000,,,,,0,0.0,0.0,0,,1
19980728,901555200000,,,,,0,0.0,0.0,0,,1
19980729,901641600000,,,,,0,0.0,0.0,0,,1
19980730,901728000000,,,,,0,0.0,0.0,0,,1
19980731,901814400000,,,,,0,0.0,0.0,0,,1
19980803,902073600000,,,,,0,0.0,0.0,0,,1
19980804,902160000000,,,,,0,0.0,0.0,0,,1
19980805,902246400000,,,,,0,0.0,0.0,0,,1
19980806,902332800000,,,,,0,0.0,0.0,0,,1
19980807,902419200000,,,,,0,0.0,0.0,0,,1
19980810,902678400000,,,,,0,0.0,0.0,0,,1
19980811,902764800000,,,,,0,0.0,0.0,0,,1
19980812,902851200000,,,,,0,0.0,0.0,0,,1
19980813,902937600000,,,,,0,0.0,0.0,0,,1
19980814,903024000000,,,,,0,0.0,0.0,0,,1
19980817,903283200000,,,,,0,0.0,0.0,0,,1
19980818,903369600000,,,,,0,0.0,0.0,0,,1
19980819,903456000000,,,,,0,0.0,0.0,0,,1
19980820,903542400000,,,,,0,0.0,0.0,0,,1
19980821,903628800000,,,,,0,0.0,0.0,0,,1
19980824,903888000000,,,,,0,0.0,0.0,0,,1
19980825,903974400000,,,,,0,0.0,0.0,0,,1
19980826,904060800000,,,,,0,0.0,0.0,0,,1
19980827,904147200000,,,,,0,0.0,0.0,0,,1
19980828,904233600000,,,,,0,0.0,0.0,0,,1
19980831,904492800000,,,,,0,0.0,0.0,0,,1
19980901,904579200000,,,,,0,0.0,0.0,0,,1
19980902,904665600000,,,,,0,0.0,0.0,0,,1
19980903,904752000000,,,,,0,0.0,0.0,0,,1
19980904,904838400000,,,,,0,0.0,0.0,0,,1
19980907,905097600000,,,,,0,0.0,0.0,0,,1
19980908,905184000000,,,,,0,0.0,0.0,0,,1
19980909,905270400000,,,,,0,0.0,0.0,0,,1
19980910,905356800000,,,,,0,0.0,0.0,0,,1
19980911,905443200000,,,,,0,0.0,0.0,0,,1
19980914,905702400000,,,,,0,0.0,0.0,0,,1
19980915,905788800000,,,,,0,0.0,0.0,0,,1
19980916,905875200000,,,,,0,0.0,0.0,0,,1
19980917,905961600000,,,,,0,0.0,0.0,0,,1
19980918,906048000000,,,,,0,0.0,0.0,0,,1
19980921,906307200000,,,,,0,0.0,0.0,0,,1
19980922,906393600000,,,,,0,0.0,0.0,0,,1
19980923,906480000000,,,,,0,0.0,0.0,0,,1
19980924,906566400000,,,,,0,0.0,0.0,0,,1
19980925,906652800000,,,,,0,0.0,0.0,0,,1
19980928,906912000000,,,,,0,0.0,0.0,0,,1
19980929,906998400000,,,,,0,0.0,0.0,0,,1
19980930,907084800000,,,,,0,0.0,0.0,0,,1
19981005,907516800000,,,,,0,0.0,0.0,0,,1
19981006,907603200000,,,,,0,0.0,0.0,0,,1
19981007,907689600000,,,,,0,0.0,0.0,0,,1
19981008,907776000000,,,,,0,0.0,0.0,0,,1
19981009,907862400000,,,,,0,0.0,0.0,0,,1
19981012,908121600000,,,,,0,0.0,0.0,0,,1
19981013,908208000000,,,,,0,0.0,0.0,0,,1
19981014,908294400000,,,,,0,0.0,0.0,0,,1
19981015,908380800000,,,,,0,0.0,0.0,0,,1
19981016,908467200000,,,,,0,0.0,0.0,0,,1
19981019,908726400000,,,,,0,0.0,0.0,0,,1
19981020,908812800000,,,,,0,0.0,0.0,0,,1
19981021,908899200000,,,,,0,0.0,0.0,0,,1
19981022,908985600000,,,,,0,0.0,0.0,0,,1
19981023,909072000000,,,,,0,0.0,0.0,0,,1
19981026,909331200000,,,,,0,0.0,0.0,0,,1
19981027,909417600000,,,,,0,0.0,0.0,0,,1
19981028,909504000000,,,,,0,0.0,0.0,0,,1
19981029,909590400000,,,,,0,0.0,0.0,0,,1
19981030,909676800000,,,,,0,0.0,0.0,0,,1
19981102,909936000000,,,,,0,0.0,0.0,0,,1
19981103,910022400000,,,,,0,0.0,0.0,0,,1
19981104,910108800000,,,,,0,0.0,0.0,0,,1
19981105,910195200000,,,,,0,0.0,0.0,0,,1
19981106,910281600000,,,,,0,0.0,0.0,0,,1
19981109,910540800000,,,,,0,0.0,0.0,0,,1
19981110,910627200000,,,,,0,0.0,0.0,0,,1
19981111,910713600000,,,,,0,0.0,0.0,0,,1
19981112,910800000000,,,,,0,0.0,0.0,0,,1
19981113,910886400000,,,,,0,0.0,0.0,0,,1
19981116,911145600000,,,,,0,0.0,0.0,0,,1
19981117,911232000000,,,,,0,0.0,0.0,0,,1
19981118,911318400000,,,,,0,0.0,0.0,0,,1
19981119,911404800000,,,,,0,0.0,0.0,0,,1
19981120,911491200000,,,,,0,0.0,0.0,0,,1
19981123,911750400000,,,,,0,0.0,0.0,0,,1
19981124,911836800000,,,,,0,0.0,0.0,0,,1
19981125,911923200000,,,,,0,0.0,0.0,0,,1
19981126,912009600000,,,,,0,0.0,0.0,0,,1
19981127,912096000000,,,,,0,0.0,0.0,0,,1
19981130,912355200000,,,,,0,0.0,0.0,0,,1
19981201,912441600000,,,,,0,0.0,0.0,0,,1
19981202,912528000000,,,,,0,0.0,0.0,0,,1
19981203,912614400000,,,,,0,0.0,0.0,0,,1
19981204,912700800000,,,,,0,0.0,0.0,0,,1
19981207,912960000000,,,,,0,0.0,0.0,0,,1
19981208,913046400000,,,,,0,0.0,0.0,0,,1
19981209,913132800000,,,,,0,0.0,0.0,0,,1
19981210,913219200000,,,,,0,0.0,0.0,0,,1
19981211,913305600000,,,,,0,0.0,0.0,0,,1
19981214,913564800000,,,,,0,0.0,0.0,0,,1
19981215,913651200000,,,,,0,0.0,0.0,0,,1
19981216,913737600000,,,,,0,0.0,0.0,0,,1
19981217,913824000000,,,,,0,0.0,0.0,0,,1
19981218,913910400000,,,,,0,0.0,0.0,0,,1
19981221,914169600000,,,,,0,0.0,0.0,0,,1
19981222,914256000000,,,,,0,0.0,0.0,0,,1
19981223,914342400000,,,,,0,0.0,0.0,0,,1
19981224,914428800000,,,,,0,0.0,0.0,0,,1
19981225,914515200000,,,,,0,0.0,0.0,0,,1
19981228,914774400000,,,,,0,0.0,0.0,0,,1
19981229,914860800000,,,,,0,0.0,0.0,0,,1
19981230,914947200000,,,,,0,0.0,0.0,0,,1
19981231,915033600000,,,,,0,0.0,0.0,0,,1
19990104,915379200000,,,,,0,0.0,0.0,0,,1
19990105,915465600000,,,,,0,0.0,0.0,0,,1
19990106,915552000000,,,,,0,0.0,0.0,0,,1
19990107,915638400000,,,,,0,0.0,0.0,0,,1
19990108,915724800000,,,,,0,0.0,0.0,0,,1
19990111,915984000000,,,,,0,0.0,0.0,0,,1
19990112,916070400000,,,,,0,0.0,0.0,0,,1
19990113,916156800000,,,,,0,0.0,0.0,0,,1
19990114,916243200000,,,,,0,0.0,0.0,0,,1
19990115,916329600000,,,,,0,0.0,0.0,0,,1
19990118,916588800000,,,,,0,0.0,0.0,0,,1
19990119,916675200000,,,,,0,0.0,0.0,0,,1
19990120,916761600000,,,,,0,0.0,0.0,0,,1
19990121,916848000000,,,,,0,0.0,0.0,0,,1
19990122,916934400000,,,,,0,0.0,0.0,0,,1
19990125,917193600000,,,,,0,0.0,0.0,0,,1
19990126,917280000000,,,,,0,0.0,0.0,0,,1
19990127,917366400000,,,,,0,0.0,0.0,0,,1
19990128,917452800000,,,,,0,0.0,0.0,0,,1
19990129,917539200000,,,,,0,0.0,0.0,0,,1
19990201,917798400000,,,,,0,0.0,0.0,0,,1
19990202,917884800000,,,,,0,0.0,0.0,0,,1
19990203,917971200000,,,,,0,0.0,0.0,0,,1
19990204,918057600000,,,,,0,0.0,0.0,0,,1
19990205,918144000000,,,,,0,0.0,0.0,0,,1
19990208,918403200000,,,,,0,0.0,0.0,0,,1
19990209,918489600000,,,,,0,0.0,0.0,0,,1
19990301,920217600000,,,,,0,0.0,0.0,0,,1
19990302,920304000000,,,,,0,0.0,0.0,0,,1
19990303,920390400000,,,,,0,0.0,0.0,0,,1
19990304,920476800000,,,,,0,0.0,0.0,0,,1
19990305,920563200000,,,,,0,0.0,0.0,0,,1
19990308,920822400000,,,,,0,0.0,0.0,0,,1
19990309,920908800000,,,,,0,0.0,0.0,0,,1
19990310,920995200000,,,,,0,0.0,0.0,0,,1
19990311,921081600000,,,,,0,0.0,0.0,0,,1
19990312,921168000000,,,,,0,0.0,0.0,0,,1
19990315,921427200000,,,,,0,0.0,0.0,0,,1
19990316,921513600000,,,,,0,0.0,0.0,0,,1
19990317,921600000000,,,,,0,0.0,0.0,0,,1
19990318,921686400000,,,,,0,0.0,0.0,0,,1
19990319,921772800000,,,,,0,0.0,0.0,0,,1
19990322,922032000000,,,,,0,0.0,0.0,0,,1
19990323,922118400000,,,,,0,0.0,0.0,0,,1
19990324,922204800000,,,,,0,0.0,0.0,0,,1
19990325,922291200000,,,,,0,0.0,0.0,0,,1
19990326,922377600000,,,,,0,0.0,0.0,0,,1
19990329,922636800000,,,,,0,0.0,0.0,0,,1
19990330,922723200000,,,,,0,0.0,0.0,0,,1
19990331,922809600000,,,,,0,0.0,0.0,0,,1
19990401,922896000000,,,,,0,0.0,0.0,0,,1
19990402,922982400000,,,,,0,0.0,0.0,0,,1
19990405,923241600000,,,,,0,0.0,0.0,0,,1
19990406,923328000000,,,,,0,0.0,0.0,0,,1
19990407,923414400000,,,,,0,0.0,0.0,0,,1
19990408,923500800000,,,,,0,0.0,0.0,0,,1
19990409,923587200000,,,,,0,0.0,0.0,0,,1
19990412,923846400000,,,,,0,0.0,0.0,0,,1
19990413,923932800000,,,,,0,0.0,0.0,0,,1
19990414,924019200000,,,,,0,0.0,0.0,0,,1
19990415,924105600000,,,,,0,0.0,0.0,0,,1
19990416,924192000000,,,,,0,0.0,0.0,0,,1
19990419,924451200000,,,,,0,0.0,0.0,0,,1
19990420,924537600000,,,,,0,0.0,0.0,0,,1
19990421,924624000000,,,,,0,0.0,0.0,0,,1
19990422,924710400000,,,,,0,0.0,0.0,0,,1
19990423,924796800000,,,,,0,0.0,0.0,0,,1
19990426,925056000000,,,,,0,0.0,0.0,0,,1
19990427,925142400000,,,,,0,0.0,0.0,0,,1
19990428,925228800000,,,,,0,0.0,0.0,0,,1
19990429,925315200000,,,,,0,0.0,0.0,0,,1
19990430,925401600000,,,,,0,0.0,0.0,0,,1
19990504,925747200000,,,,,0,0.0,0.0,0,,1
19990505,925833600000,,,,,0,0.0,0.0,0,,1
19990506,925920000000,,,,,0,0.0,0.0,0,,1
19990507,926006400000,,,,,0,0.0,0.0,0,,1
19990510,926265600000,,,,,0,0.0,0.0,0,,1
19990511,926352000000,,,,,0,0.0,0.0,0,,1
19990512,926438400000,,,,,0,0.0,0.0,0,,1
19990513,926524800000,,,,,0,0.0,0.0,0,,1
19990514,926611200000,,,,,0,0.0,0.0,0,,1
19990517,926870400000,,,,,0,0.0,0.0,0,,1
19990518,926956800000,,,,,0,0.0,0.0,0,,1
19990519,927043200000,,,,,0,0.0,0.0,0,,1
19990520,927129600000,,,,,0,0.0,0.0,0,,1
19990521,927216000000,,,,,0,0.0,0.0,0,,1
19990524,927475200000,,,,,0,0.0,0.0,0,,1
19990525,927561600000,,,,,0,0.0,0.0,0,,1
19990526,927648000000,,,,,0,0.0,0.0,0,,1
19990527,927734400000,,,,,0,0.0,0.0,0,,1
19990528,927820800000,,,,,0,0.0,0.0,0,,1
19990531,928080000000,,,,,0,0.0,0.0,0,,1
19990601,928166400000,,,,,0,0.0,0.0,0,,1
19990602,928252800000,,,,,0,0.0,0.0,0,,1
19990603,928339200000,,,,,0,0.0,0.0,0,,1
19990604,928425600000,,,,,0,0.0,0.0,0,,1
19990607,928684800000,,,,,0,0.0,0.0,0,,1
19990608,928771200000,,,,,0,0.0,0.0,0,,1
19990609,928857600000,,,,,0,0.0,0.0,0,,1
19990610,928944000000,,,,,0,0.0,0.0,0,,1
19990611,929030400000,,,,,0,0.0,0.0,0,,1
19990614,929289600000,,,,,0,0.0,0.0,0,,1
19990615,929376000000,,,,,0,0.0,0.0,0,,1
19990616,929462400000,,,,,0,0.0,0.0,0,,1
19990617,929548800000,,,,,0,0.0,0.0,0,,1
19990618,929635200000,,,,,0,0.0,0.0,0,,1
19990621,929894400000,,,,,0,0.0,0.0,0,,1
19990622,929980800000,,,,,0,0.0,0.0,0,,1
19990623,930067200000,,,,,0,0.0,0.0,0,,1
19990624,930153600000,,,,,0,0.0,0.0,0,,1
19990625,930240000000,,,,,0,0.0,0.0,0,,1
19990628,930499200000,,,,,0,0.0,0.0,0,,1
19990629,930585600000,,,,,0,0.0,0.0,0,,1
19990630,930672000000,,,,,0,0.0,0.0,0,,1
19990701,930758400000,,,,,0,0.0,0.0,0,,1
19990702,930844800000,,,,,0,0.0,0.0,0,,1
19990705,931104000000,,,,,0,0.0,0.0,0,,1
19990706,931190400000,,,,,0,0.0,0.0,0,,1
19990707,931276800000,,,,,0,0.0,0.0,0,,1
19990708,931363200000,,,,,0,0.0,0.0,0,,1
19990709,931449600000,,,,,0,0.0,0.0,0,,1
19990712,931708800000,,,,,0,0.0,0.0,0,,1
19990713,931795200000,,,,,0,0.0,0.0,0,,1
19990714,931881600000,,,,,0,0.0,0.0,0,,1
19990715,931968000000,,,,,0,0.0,0.0,0,,1
19990716,932054400000,,,,,0,0.0,0.0,0,,1
19990719,932313600000,,,,,0,0.0,0.0,0,,1
19990720,932400000000,,,,,0,0.0,0.0,0,,1
19990721,932486400000,,,,,0,0.0,0.0,0,,1
19990722,932572800000,,,,,0,0.0,0.0,0,,1
19990723,932659200000,,,,,0,0.0,0.0,0,,1
19990726,932918400000,,,,,0,0.0,0.0,0,,1
19990727,933004800000,,,,,0,0.0,0.0,0,,1
19990728,933091200000,,,,,0,0.0,0.0,0,,1
19990729,933177600000,,,,,0,0.0,0.0,0,,1
19990730,933264000000,,,,,0,0.0,0.0,0,,1
19990802,933523200000,,,,,0,0.0,0.0,0,,1
19990803,933609600000,,,,,0,0.0,0.0,0,,1
19990804,933696000000,,,,,0,0.0,0.0,0,,1
19990805,933782400000,,,,,0,0.0,0.0,0,,1
19990806,933868800000,,,,,0,0.0,0.0,0,,1
19990809,934128000000,,,,,0,0.0,0.0,0,,1
19990810,934214400000,,,,,0,0.0,0.0,0,,1
19990811,934300800000,,,,,0,0.0,0.0,0,,1
19990812,934387200000,,,,,0,0.0,0.0,0,,1
19990813,934473600000,,,,,0,0.0,0.0,0,,1
19990816,934732800000,,,,,0,0.0,0.0,0,,1
19990817,934819200000,,,,,0,0.0,0.0,0,,1
19990818,934905600000,,,,,0,0.0,0.0,0,,1
19990819,934992000000,,,,,0,0.0,0.0,0,,1
19990820,935078400000,,,,,0,0.0,0.0,0,,1
19990823,935337600000,,,,,0,0.0,0.0,0,,1
19990824,935424000000,,,,,0,0.0,0.0,0,,1
19990825,935510400000,,,,,0,0.0,0.0,0,,1
19990826,935596800000,,,,,0,0.0,0.0,0,,1
19990827,935683200000,,,,,0,0.0,0.0,0,,1
19990830,935942400000,,,,,0,0.0,0.0,0,,1
19990831,936028800000,,,,,0,0.0,0.0,0,,1
19990901,936115200000,,,,,0,0.0,0.0,0,,1
19990902,936201600000,,,,,0,0.0,0.0,0,,1
19990903,936288000000,,,,,0,0.0,0.0,0,,1
19990906,936547200000,,,,,0,0.0,0.0,0,,1
19990907,936633600000,,,,,0,0.0,0.0,0,,1
19990908,936720000000,,,,,0,0.0,0.0,0,,1
19990909,936806400000,,,,,0,0.0,0.0,0,,1
19990910,936892800000,,,,,0,0.0,0.0,0,,1
19990913,937152000000,,,,,0,0.0,0.0,0,,1
19990914,937238400000,,,,,0,0.0,0.0,0,,1
19990915,937324800000,,,,,0,0.0,0.0,0,,1
19990916,937411200000,,,,,0,0.0,0.0,0,,1
19990917,937497600000,,,,,0,0.0,0.0,0,,1
19990920,937756800000,,,,,0,0.0,0.0,0,,1
19990921,937843200000,,,,,0,0.0,0.0,0,,1
19990922,937929600000,,,,,0,0.0,0.0,0,,1
19990923,938016000000,,,,,0,0.0,0.0,0,,1
19990924,938102400000,,,,,0,0.0,0.0,0,,1
19990927,938361600000,,,,,0,0.0,0.0,0,,1
19990928,938448000000,,,,,0,0.0,0.0,0,,1
19990929,938534400000,,,,,0,0.0,0.0,0,,1
19990930,938620800000,,,,,0,0.0,0.0,0,,1
19991008,939312000000,,,,,0,0.0,0.0,0,,1
19991011,939571200000,,,,,0,0.0,0.0,0,,1
19991012,939657600000,,,,,0,0.0,0.0,0,,1
19991013,939744000000,,,,,0,0.0,0.0,0,,1
19991014,939830400000,,,,,0,0.0,0.0,0,,1
19991015,939916800000,,,,,0,0.0,0.0,0,,1
19991018,940176000000,,,,,0,0.0,0.0,0,,1
19991019,940262400000,,,,,0,0.0,0.0,0,,1
19991020,940348800000,,,,,0,0.0,0.0,0,,1
19991021,940435200000,,,,,0,0.0,0.0,0,,1
19991022,940521600000,,,,,0,0.0,0.0,0,,1
19991025,940780800000,,,,,0,0.0,0.0,0,,1
19991026,940867200000,,,,,0,0.0,0.0,0,,1
19991027,940953600000,,,,,0,0.0,0.0,0,,1
19991028,941040000000,,,,,0,0.0,0.0,0,,1
19991029,941126400000,,,,,0,0.0,0.0,0,,1
19991101,941385600000,,,,,0,0.0,0.0,0,,1
19991102,941472000000,,,,,0,0.0,0.0,0,,1
19991103,941558400000,,,,,0,0.0,0.0,0,,1
19991104,941644800000,,,,,0,0.0,0.0,0,,1
19991105,941731200000,,,,,0,0.0,0.0,0,,1
19991108,941990400000,,,,,0,0.0,0.0,0,,1
19991109,942076800000,,,,,0,0.0,0.0,0,,1
19991110,942163200000,,,,,0,0.0,0.0,0,,1
19991111,942249600000,,,,,0,0.0,0.0,0,,1
19991112,942336000000,,,,,0,0.0,0.0,0,,1
19991115,942595200000,,,,,0,0.0,0.0,0,,1
19991116,942681600000,,,,,0,0.0,0.0,0,,1
19991117,942768000000,,,,,0,0.0,0.0,0,,1
19991118,942854400000,,,,,0,0.0,0.0,0,,1
19991119,942940800000,,,,,0,0.0,0.0,0,,1
19991122,943200000000,,,,,0,0.0,0.0,0,,1
19991123,943286400000,,,,,0,0.0,0.0,0,,1
19991124,943372800000,,,,,0,0.0,0.0,0,,1
19991125,943459200000,,,,,0,0.0,0.0,0,,1
19991126,943545600000,,,,,0,0.0,0.0,0,,1
19991129,943804800000,,,,,0,0.0,0.0,0,,1
19991130,943891200000,,,,,0,0.0,0.0,0,,1
19991201,943977600000,,,,,0,0.0,0.0,0,,1
19991202,944064000000,,,,,0,0.0,0.0,0,,1
19991203,944150400000,,,,,0,0.0,0.0,0,,1
19991206,944409600000,,,,,0,0.0,0.0,0,,1
19991207,944496000000,,,,,0,0.0,0.0,0,,1
19991208,944582400000,,,,,0,0.0,0.0,0,,1
19991209,944668800000,,,,,0,0.0,0.0,0,,1
19991210,944755200000,,,,,0,0.0,0.0,0,,1
19991213,945014400000,,,,,0,0.0,0.0,0,,1
19991214,945100800000,,,,,0,0.0,0.0,0,,1
19991215,945187200000,,,,,0,0.0,0.0,0,,1
19991216,945273600000,,,,,0,0.0,0.0,0,,1
19991217,945360000000,,,,,0,0.0,0.0,0,,1
19991221,945705600000,,,,,0,0.0,0.0,0,,1
19991222,945792000000,,,,,0,0.0,0.0,0,,1
19991223,945878400000,,,,,0,0.0,0.0,0,,1
19991224,945964800000,,,,,0,0.0,0.0,0,,1
19991227,946224000000,,,,,0,0.0,0.0,0,,1
19991228,946310400000,,,,,0,0.0,0.0,0,,1
19991229,946396800000,,,,,0,0.0,0.0,0,,1
19991230,946483200000,,,,,0,0.0,0.0,0,,1
20000104,946915200000,,,,,0,0.0,0.0,0,,1
20000105,947001600000,,,,,0,0.0,0.0,0,,1
20000106,947088000000,,,,,0,0.0,0.0,0,,1
20000107,947174400000,,,,,0,0.0,0.0,0,,1
20000110,947433600000,,,,,0,0.0,0.0,0,,1
20000111,947520000000,,,,,0,0.0,0.0,0,,1
20000112,947606400000,,,,,0,0.0,0.0,0,,1
20000113,947692800000,,,,,0,0.0,0.0,0,,1
20000114,947779200000,,,,,0,0.0,0.0,0,,1
20000117,948038400000,,,,,0,0.0,0.0,0,,1
20000118,948124800000,,,,,0,0.0,0.0,0,,1
20000119,948211200000,,,,,0,0.0,0.0,0,,1
20000120,948297600000,,,,,0,0.0,0.0,0,,1
20000121,948384000000,,,,,0,0.0,0.0,0,,1
20000124,948643200000,,,,,0,0.0,0.0,0,,1
20000125,948729600000,,,,,0,0.0,0.0,0,,1
20000126,948816000000,,,,,0,0.0,0.0,0,,1
20000127,948902400000,,,,,0,0.0,0.0,0,,1
20000128,948988800000,,,,,0,0.0,0.0,0,,1
20000214,950457600000,,,,,0,0.0,0.0,0,,1
20000215,950544000000,,,,,0,0.0,0.0,0,,1
20000216,950630400000,,,,,0,0.0,0.0,0,,1
20000217,950716800000,,,,,0,0.0,0.0,0,,1
20000218,950803200000,,,,,0,0.0,0.0,0,,1
20000221,951062400000,,,,,0,0.0,0.0,0,,1
20000222,951148800000,,,,,0,0.0,0.0,0,,1
20000223,951235200000,,,,,0,0.0,0.0,0,,1
20000224,951321600000,,,,,0,0.0,0.0,0,,1
20000225,951408000000,,,,,0,0.0,0.0,0,,1
20000228,951667200000,,,,,0,0.0,0.0,0,,1
20000229,951753600000,,,,,0,0.0,0.0,0,,1
20000301,951840000000,,,,,0,0.0,0.0,0,,1
20000302,951926400000,,,,,0,0.0,0.0,0,,1
20000303,952012800000,,,,,0,0.0,0.0,0,,1
20000306,952272000000,,,,,0,0.0,0.0,0,,1
20000307,952358400000,,,,,0,0.0,0.0,0,,1
20000308,952444800000,,,,,0,0.0,0.0,0,,1
20000309,952531200000,,,,,0,0.0,0.0,0,,1
20000310,952617600000,,,,,0,0.0,0.0,0,,1
20000313,952876800000,,,,,0,0.0,0.0,0,,1
20000314,952963200000,,,,,0,0.0,0.0,0,,1
20000315,953049600000,,,,,0,0.0,0.0,0,,1
20000316,953136000000,,,,,0,0.0,0.0,0,,1
20000317,953222400000,,,,,0,0.0,0.0,0,,1
20000320,953481600000,,,,,0,0.0,0.0,0,,1
20000321,953568000000,,,,,0,0.0,0.0,0,,1
20000322,953654400000,,,,,0,0.0,0.0,0,,1
20000323,953740800000,,,,,0,0.0,0.0,0,,1
20000324,953827200000,,,,,0,0.0,0.0,0,,1
20000327,954086400000,,,,,0,0.0,0.0,0,,1
20000328,954172800000,,,,,0,0.0,0.0,0,,1
20000329,954259200000,,,,,0,0.0,0.0,0,,1
20000330,954345600000,,,,,0,0.0,0.0,0,,1
20000331,954432000000,,,,,0,0.0,0.0,0,,1
20000403,954691200000,,,,,0,0.0,0.0,0,,1
20000404,954777600000,,,,,0,0.0,0.0,0,,1
20000405,954864000000,,,,,0,0.0,0.0,0,,1
20000406,954950400000,,,,,0,0.0,0.0,0,,1
20000407,955036800000,,,,,0,0.0,0.0,0,,1
20000410,955296000000,,,,,0,0.0,0.0,0,,1
20000411,955382400000,,,,,0,0.0,0.0,0,,1
20000412,955468800000,,,,,0,0.0,0.0,0,,1
20000413,955555200000,,,,,0,0.0,0.0,0,,1
20000414,955641600000,,,,,0,0.0,0.0,0,,1
20000417,955900800000,,,,,0,0.0,0.0,0,,1
20000418,955987200000,,,,,0,0.0,0.0,0,,1
20000419,956073600000,,,,,0,0.0,0.0,0,,1
20000420,956160000000,,,,,0,0.0,0.0,0,,1
20000421,956246400000,,,,,0,0.0,0.0,0,,1
20000424,956505600000,,,,,0,0.0,0.0,0,,1
20000425,956592000000,,,,,0,0.0,0.0,0,,1
20000426,956678400000,,,,,0,0.0,0.0,0,,1
20000427,956764800000,,,,,0,0.0,0.0,0,,1
20000428,956851200000,,,,,0,0.0,0.0,0,,1
20000508,957715200000,,,,,0,0.0,0.0,0,,1
20000509,957801600000,,,,,0,0.0,0.0,0,,1
20000510,957888000000,,,,,0,0.0,0.0,0,,1
20000511,957974400000,,,,,0,0.0,0.0,0,,1
20000512,958060800000,,,,,0,0.0,0.0,0,,1
20000515,958320000000,,,,,0,0.0,0.0,0,,1
20000516,958406400000,,,,,0,0.0,0.0,0,,1
20000517,958492800000,,,,,0,0.0,0.0,0,,1
20000518,958579200000,,,,,0,0.0,0.0,0,,1
20000519,958665600000,,,,,0,0.0,0.0,0,,1
20000522,958924800000,,,,,0,0.0,0.0,0,,1
20000523,959011200000,,,,,0,0.0,0.0,0,,1
20000524,959097600000,,,,,0,0.0,0.0,0,,1
20000525,959184000000,,,,,0,0.0,0.0,0,,1
20000526,959270400000,,,,,0,0.0,0.0,0,,1
20000529,959529600000,,,,,0,0.0,0.0,0,,1
20000530,959616000000,,,,,0,0.0,0.0,0,,1
20000531,959702400000,,,,,0,0.0,0.0,0,,1
20000601,959788800000,,,,,0,0.0,0.0,0,,1
20000602,959875200000,,,,,0,0.0,0.0,0,,1
20000605,960134400000,,,,,0,0.0,0.0,0,,1
20000606,960220800000,,,,,0,0.0,0.0,0,,1
20000607,960307200000,,,,,0,0.0,0.0,0,,1
20000608,960393600000,,,,,0,0.0,0.0,0,,1
20000609,960480000000,,,,,0,0.0,0.0,0,,1
20000612,960739200000,,,,,0,0.0,0.0,0,,1
20000613,960825600000,,,,,0,0.0,0.0,0,,1
20000614,960912000000,,,,,0,0.0,0.0,0,,1
20000615,960998400000,,,,,0,0.0,0.0,0,,1
20000616,961084800000,,,,,0,0.0,0.0,0,,1
20000619,961344000000,,,,,0,0.0,0.0,0,,1
20000620,961430400000,,,,,0,0.0,0.0,0,,1
20000621,961516800000,,,,,0,0.0,0.0,0,,1
20000622,961603200000,,,,,0,0.0,0.0,0,,1
20000623,961689600000,,,,,0,0.0,0.0,0,,1
20000626,961948800000,,,,,0,0.0,0.0,0,,1
20000627,962035200000,,,,,0,0.0,0.0,0,,1
20000628,962121600000,,,,,0,0.0,0.0,0,,1
20000629,962208000000,,,,,0,0.0,0.0,0,,1
20000630,962294400000,15.700000000000001,15.990000000000002,14.200000000000001,14.850000000000001,268025,398512385.0,0.0,0,8.0,0
20000703,962553600000,14.52,14.69,13.86,13.899999999999999,58061,82574979.0,0.0,0,14.85,0
20000704,962640000000,13.7,14.12,13.52,13.879999999999999,29446,40411148.0,0.0,0,13.9,0
20000705,962726400000,13.9,13.97,13.51,13.58,18448,25184248.0,0.0,0,13.879999999999999,0
20000706,962812800000,13.5,13.85,13.32,13.55,19085,25832004.0,0.0,0,13.58,0
20000707,962899200000,13.6,14.09,13.5,13.8,21234,29433963.0,0.0,0,13.55,0
20000710,963158400000,14.1,14.59,14.08,14.35,30080,43170192.0,0.0,0,13.8,0
20000711,963244800000,14.4,14.5,14.13,14.200000000000001,15886,22556532.000000004,0.0,0,14.350000000000001,0
20000712,963331200000,14.21,14.34,14.05,14.200000000000001,19899,28180025.0,0.0,0,14.200000000000001,0
20000713,963417600000,14.250000000000002,14.580000000000002,14.200000000000001,14.4,26420,38182524.99999999,0.0,0,14.200000000000001,0
20000714,963504000000,14.48,14.83,14.38,14.58,22780,33281954.0,0.0,0,14.4,0
20000717,963763200000,14.600000000000001,14.680000000000001,14.3,14.33,14487,20933953.000000004,0.0,0,14.58,0
20000718,963849600000,14.33,14.4,14.22,14.350000000000001,9181,13114656.0,0.0,0,14.33,0
20000719,963936000000,14.450000000000001,14.5,14.05,14.14,16620,23578266.000000004,0.0,0,14.350000000000001,0
20000720,964022400000,14.0,14.1,13.75,13.9,9415,13072017.0,0.0,0,14.14,0
20000721,964108800000,13.88,14.48,13.75,14.2,14683,20722057.000000004,0.0,0,13.9,0
20000724,964368000000,14.18,14.18,13.82,13.9,6153,8574680.0,0.0,0,14.200000000000001,0
20000725,964454400000,13.89,14.200000000000001,13.8,14.05,5367,7504108.0,0.0,0,13.9,0
20000726,964540800000,14.05,14.1,13.91,13.99,6062,8485848.0,0.0,0,14.05,0
20000727,964627200000,14.02,14.1,13.86,13.92,7405,10344069.0,0.0,0,13.99,0
20000728,964713600000,13.92,14.0,13.81,13.860000000000001,6758,9367996.0,0.0,0,13.92,0
20000731,964972800000,13.82,13.86,13.75,13.78,9061,12483945.0,0.0,0,13.86,0
20000801,965059200000,13.8,13.990000000000002,13.780000000000001,13.82,6761,9359332.0,0.0,0,13.780000000000001,0
20000802,965145600000,13.85,14.14,13.82,14.01,6607,9246216.0,0.0,0,13.82,0
20000803,965232000000,14.010000000000002,14.14,13.870000000000001,13.9,6258,8729045.999999998,0.0,0,14.010000000000002,0
20000804,965318400000,13.950000000000001,14.1,13.81,14.0,7316,10225321.999999998,0.0,0,13.9,0
20000807,965577600000,14.0,14.47,13.92,14.39,27293,38643680.0,0.0,0,14.0,0
20000808,965664000000,14.4,14.500000000000002,14.200000000000001,14.290000000000001,12767,18352693.0,0.0,0,14.39,0
20000809,965750400000,14.28,14.69,14.25,14.58,23553,34111182.0,0.0,0,14.29,0
20000810,965836800000,14.57,14.57,14.370000000000001,14.440000000000001,12898,18653671.0,0.0,0,14.580000000000002,0
20000811,965923200000,14.45,14.5,14.27,14.29,11203,16117490.000000002,0.0,0,14.44,0
20000814,966182400000,14.38,14.59,14.24,14.5,11356,16399334.0,0.0,0,14.290000000000001,0
20000815,966268800000,14.5,14.71,14.48,14.49,16762,24470004.0,0.0,0,14.5,0
20000816,966355200000,14.58,14.7,14.51,14.59,7884,11487847.0,0.0,0,14.49,0
20000817,966441600000,14.6,14.78,14.5,14.69,10838,15850996.0,0.0,0,14.59,0
20000818,966528000000,14.55,14.690000000000001,14.55,14.59,8398,12272793.0,0.0,0,14.690000000000001,0
20000821,966787200000,14.61,15.1,14.61,14.969999999999999,27973,41810343.00000001,0.0,0,14.59,0
20000822,966873600000,14.99,15.200000000000001,14.74,14.74,24785,37222092.0,0.0,0,14.97,0
20000823,966960000000,14.700000000000001,14.83,14.21,14.700000000000001,29406,42910999.0,0.0,0,14.74,0
20000824,967046400000,14.8,15.200000000000001,14.780000000000001,15.090000000000002,27338,41104251.0,0.0,0,14.700000000000001,0
20000825,967132800000,15.11,15.26,15.0,15.23,21379,32410022.0,0.0,0,15.09,0
20000828,967392000000,15.3,15.600000000000001,15.3,15.33,19938,30791138.999999996,0.0,0,15.23,0
20000829,967478400000,15.35,15.57,15.01,15.52,22869,35032502.0,0.0,0,15.33,0
20000830,967564800000,15.500000000000002,15.55,15.280000000000001,15.290000000000001,16444,25340438.0,0.0,0,15.520000000000001,0
20000831,967651200000,15.19,15.26,14.9,14.96,21838,32972024.0,0.0,0,15.290000000000001,0
20000901,967737600000,14.889999999999999,15.15,14.85,14.99,16346,24582611.0,0.0,0,14.959999999999999,0
20000904,967996800000,15.000000000000002,15.200000000000001,14.950000000000001,15.180000000000001,9861,14853291.0,0.0,0,14.99,0
20000905,968083200000,15.18,15.28,14.84,14.85,10125,15318992.0,0.0,0,15.18,0
20000906,968169600000,14.69,14.96,14.58,14.58,11833,17485347.0,0.0,0,14.85,0
20000907,968256000000,14.620000000000001,14.89,14.620000000000001,14.81,7650,11297274.0,0.0,0,14.580000000000002,0
20000908,968342400000,14.95,15.0,14.77,14.95,6099,9055677.0,0.0,0,14.809999999999999,0
20000911,968601600000,15.0,15.2,14.93,15.15,7230,10906388.0,0.0,0,14.95,0
20000912,968688000000,15.15,15.200000000000001,15.05,15.180000000000001,5990,9066586.999999998,0.0,0,15.15,0
20000913,968774400000,15.100000000000001,15.23,15.05,15.08,5468,8294920.0,0.0,0,15.180000000000001,0
20000914,968860800000,15.100000000000001,15.180000000000001,15.040000000000001,15.08,4609,6957727.0,0.0,0,15.08,0
20000915,968947200000,15.04,15.5,15.0,15.49,12566,19221460.0,0.0,0,15.08,0
20000918,969206400000,15.49,15.67,15.31,15.360000000000001,10561,16376067.0,0.0,0,15.49,0
20000919,969292800000,15.21,15.3,15.0,15.07,7969,12079147.999999998,0.0,0,15.36,0
20000920,969379200000,15.000000000000002,15.600000000000001,14.950000000000001,15.100000000000001,10742,16455121.000000002,0.0,0,15.07,0
20000921,969465600000,15.52,15.950000000000001,15.48,15.48,43128,68096425.00000001,0.0,0,15.1,0
20000922,969552000000,15.5,15.67,15.19,15.209999999999999,12675,19514925.0,0.0,0,15.479999999999999,0
20000925,969811200000,15.3,15.59,15.25,15.27,8861,13677090.0,0.0,0,15.21,0
20000926,969897600000,15.3,15.49,15.17,15.23,6032,9238226.0,0.0,0,15.27,0
20000927,969984000000,15.06,15.25,15.06,15.110000000000001,5975,9058125.0,0.0,0,15.23,0
20000928,970070400000,15.15,15.3,14.700000000000001,14.700000000000001,16707,24916328.0,0.0,0,15.110000000000001,0
20000929,970156800000,14.750000000000002,14.950000000000001,14.700000000000001,14.9,5054,7511746.0,0.0,0,14.700000000000001,0
20001009,971020800000,15.0,15.05,14.55,14.55,12036,17793816.0,0.0,0,14.9,0
20001010,971107200000,14.65,15.010000000000002,14.55,14.92,13139,19346821.000000004,0.0,0,14.55,0
20001011,971193600000,14.92,15.1,14.73,14.9,8109,12120906.0,0.0,0,14.92,0
20001012,971280000000,15.0,15.55,14.97,15.450000000000001,13573,20756967.999999996,0.0,0,14.9,0
20001013,971366400000,16.0,16.0,15.34,15.35,33939,53212607.0,0.0,0,15.45,0
20001016,971625600000,15.360000000000001,15.600000000000001,15.05,15.05,12127,18538331.0,0.0,0,15.350000000000001,0
20001017,971712000000,15.149999999999999,15.2,14.86,14.889999999999999,11051,16492813.000000002,0.0,0,15.049999999999999,0
20001018,971798400000,15.180000000000001,15.180000000000001,14.88,15.06,8953,13432861.0,0.0,0,14.89,0
20001019,971884800000,15.049999999999999,15.25,14.93,15.11,6134,9246739.0,0.0,0,15.06,0
20001020,971971200000,15.11,15.36,15.0,15.33,7413,11248952.999999998,0.0,0,15.11,0
20001023,972230400000,15.33,15.75,15.32,15.74,12826,19962623.999999996,0.0,0,15.33,0
20001024,972316800000,15.74,15.790000000000001,15.450000000000001,15.780000000000001,7272,11353275.0,0.0,0,15.74,0
20001025,972403200000,15.780000000000001,16.2,15.64,15.99,22197,35433609.0,0.0,0,15.780000000000001,0
20001026,972489600000,15.950000000000001,15.99,15.620000000000001,15.73,7520,11898574.000000002,0.0,0,15.99,0
20001027,972576000000,15.66,15.89,15.57,15.65,5698,8924757.0,0.0,0,15.73,0
20001030,972835200000,15.75,15.96,15.57,15.89,10096,16022592.000000002,0.0,0,15.65,0
20001031,972921600000,15.9,15.9,15.5,15.5,8350,13077058.0,0.0,0,15.89,0
20001101,973008000000,15.51,15.59,15.42,15.45,8177,12668753.999999998,0.0,0,15.5,0
20001102,973094400000,15.450000000000001,16.86,15.450000000000001,16.400000000000002,86725,138576783.0,0.0,0,15.450000000000001,0
20001103,973180800000,16.25,16.39,15.98,16.26,26104,42221014.0,0.0,0,16.400000000000002,0
20001106,973440000000,16.299999999999997,16.599999999999998,16.15,16.45,10801,17677578.0,0.0,0,16.259999999999998,0
20001107,973526400000,16.470000000000002,16.75,16.35,16.53,13613,22517955.0,0.0,0,16.450000000000003,0
20001108,973612800000,16.599999999999998,16.65,16.15,16.31,12618,20591906.0,0.0,0,16.529999999999998,0
20001109,973699200000,16.31,16.47,16.15,16.25,9952,16207928.999999998,0.0,0,16.31,0
20001110,973785600000,16.4,17.049999999999997,16.4,16.7,29300,49106546.0,0.0,0,16.25,0
20001113,974044800000,16.58,17.0,16.45,16.599999999999998,13682,22811336.0,0.0,0,16.7,0
20001114,974131200000,16.64,16.79,16.5,16.58,11527,19124287.0,0.0,0,16.6,0
20001115,974217600000,16.580000000000002,16.990000000000002,16.51,16.650000000000002,12858,21435046.0,0.0,0,16.580000000000002,0
20001116,974304000000,16.7,17.12,16.7,16.88,13319,22586543.0,0.0,0,16.65,0
20001117,974390400000,16.85,17.19,16.71,16.73,10497,17754639.0,0.0,0,16.880000000000003,0
20001120,974649600000,16.8,16.95,16.5,16.65,8526,14187982.0,0.0,0,16.73,0
20001121,974736000000,16.8,17.02,16.61,16.68,11010,18468067.000000004,0.0,0,16.65,0
20001122,974822400000,16.7,17.0,16.7,16.72,9289,15625247.0,0.0,0,16.68,0
20001123,974908800000,16.720000000000002,16.880000000000003,16.46,16.55,14966,24827993.0,0.0,0,16.720000000000002,0
20001124,974995200000,16.560000000000002,16.700000000000003,16.01,16.080000000000002,16695,27213923.000000004,0.0,0,16.55,0
20001127,975254400000,15.9,16.05,15.780000000000001,15.89,9388,14927658.0,0.0,0,16.080000000000002,0
20001128,975340800000,15.82,16.2,15.81,16.05,5503,8845280.0,0.0,0,15.89,0
20001129,975427200000,16.19,16.3,15.88,15.96,7904,12706199.000000002,0.0,0,16.05,0
20001130,975513600000,15.96,16.560000000000002,15.89,16.2,11144,18123508.0,0.0,0,15.96,0
20001201,975600000000,16.3,16.78,16.25,16.39,9538,15769643.999999998,0.0,0,16.2,0
20001204,975859200000,16.5,16.79,16.41,16.54,9888,16442347.0,0.0,0,16.39,0
20001205,975945600000,16.6,17.200000000000003,16.51,16.91,22965,38911880.0,0.0,0,16.540000000000003,0
20001206,976032000000,16.91,17.18,16.65,16.66,12432,21051596.000000004,0.0,0,16.91,0
20001207,976118400000,16.5,16.8,16.3,16.400000000000002,12223,20189260.0,0.0,0,16.66,0
20001208,976204800000,16.25,16.59,16.25,16.25,8934,14650718.0,0.0,0,16.4,0
20001211,976464000000,16.28,16.44,15.8,15.84,15153,24209390.0,0.0,0,16.25,0
20001212,976550400000,15.84,16.28,15.84,16.25,9426,15095728.0,0.0,0,15.84,0
20001213,976636800000,16.3,16.31,16.0,16.02,8082,13015546.000000002,0.0,0,16.25,0
20001214,976723200000,16.02,16.290000000000003,15.860000000000001,15.88,7329,11788945.000000002,0.0,0,16.02,0
20001215,976809600000,16.0,16.09,15.700000000000001,15.73,9490,15015844.000000002,0.0,0,15.88,0
20001218,977068800000,15.71,15.85,15.5,15.67,9173,14376824.0,0.0,0,15.73,0
20001219,977155200000,15.86,16.34,15.66,16.04,9793,15691681.000000002,0.0,0,15.67,0
20001220,977241600000,16.03,16.34,15.91,16.04,8277,13395704.0,0.0,0,16.04,0
20001221,977328000000,16.06,16.33,16.06,16.16,7863,12777937.0,0.0,0,16.04,0
20001222,977414400000,16.16,16.33,16.02,16.06,8714,14126346.000000002,0.0,0,16.16,0
20001225,977673600000,16.060000000000002,16.290000000000003,15.950000000000001,16.03,8014,12896202.0,0.0,0,16.060000000000002,0
20001226,977760000000,16.1,16.740000000000002,16.080000000000002,16.720000000000002,13422,22215512.0,0.0,0,16.03,0
20001227,977846400000,16.3,16.88,16.3,16.41,8756,14471762.0,0.0,0,16.720000000000002,0
20001228,977932800000,16.12,16.5,16.12,16.380000000000003,8590,14076834.000000002,0.0,0,16.41,0
20001229,978019200000,16.2,16.75,16.2,16.4,8194,13591344.0,0.0,0,16.38,0
20010102,978364800000,16.4,16.99,16.4,16.779999999999998,13875,23365810.0,0.0,0,16.4,0
20010103,978451200000,16.59,17.68,16.59,17.57,41397,71758414.00000001,0.0,0,16.78,0
20010104,978537600000,17.57,17.65,17.2,17.599999999999998,16330,28568147.000000004,0.0,0,17.57,0
20010105,978624000000,17.58,18.22,17.5,17.9,28286,50864926.0,0.0,0,17.6,0
20010108,978883200000,18.0,18.05,17.53,17.900000000000002,13451,23959825.0,0.0,0,17.900000000000002,0
20010109,978969600000,17.98,17.98,17.27,17.41,10072,17683153.0,0.0,0,17.9,0
20010110,979056000000,17.47,17.7,17.47,17.52,6326,11125360.0,0.0,0,17.41,0
20010111,979142400000,17.650000000000002,17.860000000000003,17.400000000000002,17.650000000000002,7160,12605194.000000002,0.0,0,17.520000000000003,0
20010112,979228800000,17.65,17.65,17.2,17.38,6441,11208839.0,0.0,0,17.65,0
20010115,979488000000,17.32,17.32,16.55,16.560000000000002,12756,21421954.0,0.0,0,17.380000000000003,0
20010116,979574400000,16.450000000000003,16.8,16.35,16.6,7012,11616323.0,0.0,0,16.560000000000002,0
20010117,979660800000,16.6,16.75,16.44,16.52,4695,7783164.0,0.0,0,16.6,0
20010118,979747200000,16.51,16.75,16.51,16.62,4576,7622219.999999999,0.0,0,16.520000000000003,0
20010119,979833600000,16.63,16.93,16.63,16.8,5542,9344531.0,0.0,0,16.619999999999997,0
20010205,981302400000,16.810000000000002,16.84,16.14,16.34,4532,7503032.0,0.0,0,16.8,0
20010206,981388800000,16.28,16.34,15.96,16.25,4494,7235536.0,0.0,0,16.34,0
20010207,981475200000,16.15,16.4,16.0,16.16,2211,3571944.0,0.0,0,16.25,0
20010208,981561600000,16.16,16.38,15.8,15.8,3281,5254657.0,0.0,0,16.16,0
20010209,981648000000,15.75,16.26,15.75,15.97,3622,5789208.0,0.0,0,15.8,0
20010212,981907200000,16.05,16.130000000000003,15.88,16.130000000000003,2212,3545478.0,0.0,0,15.97,0
20010213,981993600000,16.19,16.19,15.8,15.870000000000001,2470,3959717.0,0.0,0,16.13,0
20010214,982080000000,15.89,16.18,15.89,16.0,1601,2571844.0000000005,0.0,0,15.870000000000001,0
20010215,982166400000,16.02,16.14,15.860000000000001,15.950000000000001,1359,2171180.0,0.0,0,16.0,0
20010216,982252800000,15.91,15.92,15.5,15.85,3421,5357909.0,0.0,0,15.95,0
20010219,982512000000,15.5,16.06,15.5,16.03,1872,2977618.0,0.0,0,15.85,0
20010220,982598400000,16.03,16.16,15.82,15.88,2149,3435931.0000000005,0.0,0,16.03,0
20010221,982684800000,15.85,15.85,15.4,15.5,3557,5536332.0,0.0,0,15.88,0
20010222,982771200000,15.5,15.68,15.33,15.37,2283,3533341.0000000005,0.0,0,15.5,0
20010223,982857600000,15.5,15.780000000000001,15.38,15.72,1606,2486243.9999999995,0.0,0,15.370000000000001,0
20010226,983116800000,15.700000000000001,15.98,15.63,15.950000000000001,2454,3890279.9999999995,0.0,0,15.72,0
20010227,983203200000,15.96,16.05,15.780000000000001,15.990000000000002,2367,3768156.0000000005,0.0,0,15.950000000000001,0
20010228,983289600000,16.009999999999998,16.009999999999998,15.51,15.79,1479,2338295.0,0.0,0,15.99,0
20010301,983376000000,15.79,16.1,15.68,16.03,1992,3166987.0,0.0,0,15.79,0
20010302,983462400000,16.05,16.42,16.0,16.37,4401,7158835.0,0.0,0,16.03,0
20010305,983721600000,16.4,16.47,16.2,16.22,1973,3212207.0,0.0,0,16.37,0
20010306,983808000000,16.22,16.24,16.0,16.12,1652,2660919.0,0.0,0,16.22,0
20010307,983894400000,16.15,16.29,16.15,16.2,1356,2198148.0000000005,0.0,0,16.119999999999997,0
20010308,983980800000,16.2,16.299999999999997,16.15,16.169999999999998,2023,3279321.0,0.0,0,16.2,0
20010309,984067200000,16.2,16.2,16.0,16.07,2947,4743710.0,0.0,0,16.17,0
20010312,984326400000,16.1,16.11,15.82,15.89,3128,4997614.000000001,0.0,0,16.07,0
20010313,984412800000,15.94,16.0,15.75,15.85,2597,4118713.0,0.0,0,15.89,0
20010314,984499200000,15.77,16.0,15.77,16.0,1972,3141114.0,0.0,0,15.85,0
20010315,984585600000,16.12,16.12,15.92,15.98,2235,3573708.0,0.0,0,16.0,0
20010316,984672000000,15.950000000000001,16.16,15.950000000000001,16.1,2137,3425802.0,0.0,0,15.98,0
20010319,984931200000,16.19,16.330000000000002,15.97,16.3,4178,6744173.0,0.0,0,16.1,0
20010320,985017600000,16.299999999999997,16.529999999999998,16.15,16.509999999999998,4229,6909353.0,0.0,0,16.299999999999997,0
20010321,985104000000,16.599999999999998,16.599999999999998,16.31,16.459999999999997,4659,7656511.000000001,0.0,0,16.509999999999998,0
20010322,985190400000,16.48,16.5,16.31,16.459999999999997,4356,7140607.000000001,0.0,0,16.459999999999997,0
20010323,985276800000,16.5,16.54,16.15,16.2,4990,8164179.999999999,0.0,0,16.459999999999997,0
20010326,985536000000,16.150000000000002,16.380000000000003,16.080000000000002,16.37,3149,5123037.0,0.0,0,16.200000000000003,0
20010327,985622400000,16.48,16.580000000000002,16.28,16.580000000000002,3858,6332152.999999999,0.0,0,16.37,0
20010328,985708800000,16.65,16.65,16.36,16.58,3227,5337168.0,0.0,0,16.58,0
20010329,985795200000,16.6,16.8,16.5,16.73,4295,7163964.000000001,0.0,0,16.58,0
20010330,985881600000,16.7,16.81,16.63,16.759999999999998,2902,4857229.0,0.0,0,16.73,0
20010402,986140800000,16.759999999999998,17.099999999999998,16.65,17.0,8596,14565746.000000002,0.0,0,16.759999999999998,0
20010403,986227200000,17.0,17.02,16.7,16.83,4353,7329064.0,0.0,0,17.0,0
20010404,986313600000,16.830000000000002,16.89,16.35,16.380000000000003,5067,8418257.0,0.0,0,16.830000000000002,0
20010405,986400000000,16.4,16.58,16.2,16.46,4015,6568199.0,0.0,0,16.38,0
20010406,986486400000,16.46,16.6,16.43,16.5,4276,7057279.999999999,0.0,0,16.46,0
20010409,986745600000,16.5,16.5,16.26,16.310000000000002,3904,6382282.0,0.0,0,16.5,0
20010410,986832000000,16.66,16.76,16.35,16.6,3341,5534884.0,0.0,0,16.310000000000002,0
20010411,986918400000,16.68,16.85,16.6,16.71,3004,5029966.0,0.0,0,16.6,0
20010412,987004800000,16.650000000000002,16.93,16.6,16.790000000000003,5578,9376136.0,0.0,0,16.71,0
20010413,987091200000,16.790000000000003,16.860000000000003,16.6,16.78,3211,5373572.0,0.0,0,16.790000000000003,0
20010416,987350400000,16.849999999999998,17.049999999999997,16.81,16.93,8619,14589106.0,0.0,0,16.779999999999998,0
20010417,987436800000,16.9,17.0,16.63,16.8,4827,8107886.000000001,0.0,0,16.93,0
20010418,987523200000,16.8,16.849999999999998,16.54,16.54,5761,9580130.0,0.0,0,16.8,0
20010419,987609600000,16.98,17.060000000000002,16.6,17.03,8564,14402233.0,0.0,0,16.540000000000003,0
20010420,987696000000,17.0,17.09,16.7,16.75,5247,8885618.0,0.0,0,17.029999999999998,0
20010423,987955200000,16.599999999999998,16.8,16.52,16.56,3605,5984874.000000001,0.0,0,16.75,0
20010424,988041600000,16.6,16.8,16.580000000000002,16.66,4329,7232195.0,0.0,0,16.560000000000002,0
20010425,988128000000,16.65,16.76,16.0,16.18,6586,10780746.0,0.0,0,16.66,0
20010426,988214400000,16.01,16.28,16.01,16.1,3087,4969818.0,0.0,0,16.180000000000003,0
20010427,988300800000,16.1,16.21,16.1,16.12,1797,2901818.0,0.0,0,16.1,0
20010430,988560000000,16.12,16.17,15.9,16.03,4022,6446514.999999999,0.0,0,16.12,0
20010508,989251200000,16.03,16.18,16.03,16.150000000000002,1373,2214629.0,0.0,0,16.03,0
20010509,989337600000,16.14,16.25,16.0,16.04,2398,3861390.0,0.0,0,16.15,0
20010510,989424000000,16.080000000000002,16.2,15.99,16.1,4582,7349630.0,0.0,0,16.04,0
20010511,989510400000,16.15,16.5,16.0,16.45,3489,5665744.0,0.0,0,16.1,0
20010514,989769600000,16.45,16.45,16.45,16.45,0,0.0,0.0,0,16.45,1
20010515,989856000000,16.6,16.740000000000002,16.32,16.45,4066,6711385.000000001,0.0,0,16.45,0
20010516,989942400000,16.4,16.65,16.4,16.549999999999997,3127,5175811.0,0.0,0,16.45,0
20010517,990028800000,16.61,16.74,16.45,16.62,4065,6756543.0,0.0,0,16.55,0
20010518,990115200000,16.62,16.939999999999998,16.61,16.86,7201,12124387.0,0.0,0,16.62,0
20010521,990374400000,16.94,16.990000000000002,16.8,16.970000000000002,7304,12361493.0,0.0,0,16.86,0
20010522,990460800000,16.970000000000002,17.03,16.78,16.810000000000002,5386,9105829.0,0.0,0,16.970000000000002,0
20010523,990547200000,16.8,16.81,16.5,16.58,4758,7906577.0,0.0,0,16.81,0
20010524,990633600000,16.6,16.8,16.59,16.68,3248,5423258.000000001,0.0,0,16.58,0
20010525,990720000000,16.68,16.78,16.21,16.57,2078,3445528.0000000005,0.0,0,16.68,0
20010528,990979200000,16.57,16.69,16.23,16.330000000000002,3118,5105107.0,0.0,0,16.57,0
20010529,991065600000,16.400000000000002,16.520000000000003,16.330000000000002,16.450000000000003,2481,4076023.0000000005,0.0,0,16.330000000000002,0
20010530,991152000000,16.4,16.75,16.4,16.7,2657,4424722.0,0.0,0,16.45,0
20010531,991238400000,16.779999999999998,16.9,16.65,16.709999999999997,4707,7895145.0,0.0,0,16.58,0
20010601,991324800000,16.720000000000002,16.98,16.71,16.91,6846,11561601.000000002,0.0,0,16.71,0
20010604,991584000000,17.0,17.18,16.89,17.1,8589,14647784.0,0.0,0,16.91,0
20010605,991670400000,17.19,17.2,17.0,17.07,5639,9629437.0,0.0,0,17.1,0
20010606,991756800000,17.1,17.580000000000002,17.1,17.51,14652,25415874.0,0.0,0,17.07,0
20010607,991843200000,17.61,17.7,17.3,17.400000000000002,9081,15898733.000000002,0.0,0,17.51,0
20010608,991929600000,17.400000000000002,17.43,17.1,17.21,5446,9380864.0,0.0,0,17.400000000000002,0
20010611,992188800000,17.200000000000003,17.570000000000004,17.150000000000002,17.39,4467,7758066.0,0.0,0,17.21,0
20010612,992275200000,17.35,17.7,17.3,17.650000000000002,7012,12310680.0,0.0,0,17.39,0
20010613,992361600000,17.78,17.8,17.61,17.78,7979,14156057.0,0.0,0,17.65,0
20010614,992448000000,17.61,17.97,17.2,17.29,14376,25449859.999999996,0.0,0,17.779999999999998,0
20010615,992534400000,17.17,17.650000000000002,17.01,17.6,7939,13742934.0,0.0,0,17.290000000000003,0
20010618,992793600000,17.580000000000002,17.73,17.01,17.040000000000003,9018,15543606.000000002,0.0,0,17.6,0
20010619,992880000000,16.98,17.37,16.98,17.25,5236,9000490.0,0.0,0,17.04,0
20010620,992966400000,17.23,17.3,17.05,17.060000000000002,3958,6783787.0,0.0,0,17.25,0
20010621,993052800000,17.05,17.48,17.05,17.470000000000002,4842,8365636.0,0.0,0,17.060000000000002,0
20010622,993139200000,17.400000000000002,17.590000000000003,17.400000000000002,17.520000000000003,4312,7532816.999999999,0.0,0,17.470000000000002,0
20010625,993398400000,17.6,17.78,17.53,17.700000000000003,4541,8026900.0,0.0,0,17.52,0
20010626,993484800000,17.8,17.8,17.580000000000002,17.66,4919,8692323.999999998,0.0,0,17.700000000000003,0
20010627,993571200000,17.680000000000003,17.680000000000003,17.400000000000002,17.51,3994,7001432.0,0.0,0,17.660000000000004,0
20010628,993657600000,17.58,17.58,17.31,17.34,4221,7364345.0,0.0,0,17.509999999999998,0
20010629,993744000000,17.3,17.52,17.2,17.23,3782,6543771.0,0.0,0,17.34,0
20010702,994003200000,17.21,17.35,17.16,17.18,2627,4524458.0,0.0,0,17.23,0
20010703,994089600000,17.240000000000002,17.400000000000002,17.1,17.400000000000002,2304,3963773.0,0.0,0,17.18,0
20010704,994176000000,17.4,17.4,17.2,17.2,1328,2293132.0000000005,0.0,0,17.4,0
20010705,994262400000,17.150000000000002,17.16,16.8,16.91,4335,7352331.0,0.0,0,17.2,0
20010706,994348800000,16.810000000000002,16.950000000000003,16.6,16.69,3226,5417493.999999999,0.0,0,16.91,0
20010709,994608000000,16.689999999999998,17.0,16.63,16.779999999999998,1083,1816315.0000000002,0.0,0,16.689999999999998,0
20010710,994694400000,16.81,16.96,16.7,16.919999999999998,1814,3059141.0,0.0,0,16.779999999999998,0
20010711,994780800000,17.0,17.0,16.66,16.66,1606,2692000.0,0.0,0,16.92,0
20010712,994867200000,16.66,16.8,16.66,16.78,1687,2824749.0,0.0,0,16.66,0
20010713,994953600000,16.7,16.85,16.68,16.7,1612,2702548.0,0.0,0,16.78,0
20010716,995212800000,16.81,17.0,16.56,16.56,1787,2996000.0,0.0,0,16.7,0
20010717,995299200000,16.779999999999998,16.779999999999998,16.38,16.599999999999998,1734,2857052.0,0.0,0,16.56,0
20010718,995385600000,16.6,16.650000000000002,16.48,16.56,679,1123089.0,0.0,0,16.6,0
20010719,995472000000,16.6,16.67,16.48,16.67,1146,1896084.0000000002,0.0,0,16.56,0
20010720,995558400000,16.67,16.95,16.66,16.9,1918,3232232.0,0.0,0,16.67,0
20010723,995817600000,16.9,16.99,16.75,16.81,2044,3440786.0000000005,0.0,0,16.9,0
20010724,995904000000,16.75,16.79,16.4,16.57,2295,3792954.0,0.0,0,16.81,0
20010725,995990400000,16.5,16.560000000000002,16.3,16.3,2060,3382193.0000000005,0.0,0,16.57,0
20010726,996076800000,16.2,16.26,16.16,16.21,1466,2376984.0,0.0,0,16.3,0
20010727,996163200000,16.23,16.360000000000003,16.1,16.12,1596,2585574.0000000005,0.0,0,16.21,0
20010730,996422400000,16.1,16.1,15.0,15.0,3169,4900944.0,0.0,0,16.12,0
20010731,996508800000,14.8,14.8,13.8,14.0,8003,11241013.0,0.0,0,15.0,0
20010801,996595200000,14.02,14.6,13.91,14.59,6555,9330745.0,0.0,0,14.0,0
20010802,996681600000,14.48,14.520000000000001,13.88,14.4,3489,4966414.0,0.0,0,14.59,0
20010803,996768000000,14.39,14.549999999999999,14.26,14.5,1456,2099575.0,0.0,0,14.4,0
20010806,997027200000,14.5,14.5,13.88,14.0,4376,6156519.0,0.0,0,14.5,0
20010807,997113600000,14.0,14.4,13.88,14.370000000000001,1015,1444686.0,0.0,0,14.0,0
20010808,997200000000,14.35,14.49,14.15,14.360000000000001,897,1291425.0,0.0,0,14.370000000000001,0
20010809,997286400000,14.479999999999999,14.629999999999999,14.36,14.629999999999999,1486,2157932.0,0.0,0,14.36,0
20010810,997372800000,14.6,14.86,14.51,14.77,2824,4167968.0000000005,0.0,0,14.629999999999999,0
20010813,997632000000,14.770000000000001,14.9,14.620000000000001,14.760000000000002,1727,2552428.0,0.0,0,14.770000000000001,0
20010814,997718400000,14.280000000000001,14.8,14.280000000000001,14.500000000000002,1521,2214625.0000000005,0.0,0,14.760000000000002,0
20010815,997804800000,14.5,14.78,14.5,14.7,868,1273188.0,0.0,0,14.5,0
20010816,997891200000,14.51,14.74,14.51,14.549999999999999,1617,2373766.0000000005,0.0,0,14.7,0
20010817,997977600000,14.8,14.8,14.41,14.46,1417,2067792.0,0.0,0,14.55,0
20010820,998236800000,14.450000000000001,14.8,14.4,14.51,1123,1650986.0000000002,0.0,0,14.46,0
20010821,998323200000,14.79,14.799999999999999,14.68,14.68,1347,1985767.0,0.0,0,14.51,0
20010822,998409600000,14.58,14.71,14.4,14.69,1670,2436190.0,0.0,0,14.68,0
20010823,998496000000,14.6,15.1,14.48,14.97,2596,3849889.0,0.0,0,14.690000000000001,0
20010824,998582400000,14.97,15.0,14.58,15.0,3719,5529760.999999999,0.0,0,14.97,0
20010827,998841600000,14.8,14.9,14.450000000000001,14.74,2792,4087362.0000000005,0.0,0,15.000000000000002,0
20010828,998928000000,14.6,14.74,14.01,14.69,2240,3256613.0000000005,0.0,0,14.74,0
20010829,999014400000,14.74,14.95,14.52,14.85,1623,2393849.0,0.0,0,14.69,0
20010830,999100800000,14.700000000000001,14.950000000000001,14.530000000000001,14.850000000000001,1280,1886031.0,0.0,0,14.850000000000001,0
20010831,999187200000,14.799999999999999,14.94,14.6,14.84,858,1271563.0,0.0,0,14.85,0
20010903,999446400000,14.709999999999999,14.85,14.6,14.799999999999999,870,1279115.0000000002,0.0,0,14.85,0
20010904,999532800000,14.799999999999999,15.129999999999999,14.77,15.1,2074,3109040.0,0.0,0,14.799999999999999,0
20010905,999619200000,15.15,15.2,15.0,15.0,2245,3390758.9999999995,0.0,0,15.1,0
20010906,999705600000,15.0,15.1,14.85,15.07,1363,2040338.0,0.0,0,15.0,0
20010907,999792000000,15.0,15.09,14.5,14.5,2215,3268901.0000000005,0.0,0,15.07,0
20010910,1000051200000,14.200000000000001,14.99,14.15,14.96,1734,2541696.0,0.0,0,14.5,0
20010911,1000137600000,15.020000000000001,15.05,14.81,14.860000000000001,860,1283370.0,0.0,0,14.96,0
20010912,1000224000000,14.600000000000001,14.790000000000001,14.200000000000001,14.55,2094,3045737.0000000005,0.0,0,14.860000000000001,0
20010913,1000310400000,14.510000000000002,14.75,14.38,14.4,815,1183274.0,0.0,0,14.55,0
20010914,1000396800000,14.4,14.600000000000001,14.3,14.3,1905,2744725.0,0.0,0,14.4,0
20010917,1000656000000,14.299999999999999,14.5,14.1,14.11,2872,4097773.9999999995,0.0,0,14.299999999999999,0
20010918,1000742400000,14.15,14.41,14.07,14.200000000000001,1832,2607659.0,0.0,0,14.11,0
20010919,1000828800000,14.18,14.4,14.1,14.28,551,782162.0,0.0,0,14.2,0
20010920,1000915200000,14.31,14.47,14.21,14.420000000000002,820,1179669.0,0.0,0,14.280000000000001,0
20010921,1001001600000,14.4,14.420000000000002,14.21,14.340000000000002,352,502443.0,0.0,0,14.420000000000002,0
20010924,1001260800000,14.33,14.42,14.15,14.4,813,1168703.0,0.0,0,14.34,0
20010925,1001347200000,14.28,14.4,14.1,14.1,744,1064071.0,0.0,0,14.4,0
20010926,1001433600000,14.1,14.15,13.65,13.700000000000001,2683,3719443.0000000005,0.0,0,14.1,0
20010927,1001520000000,13.69,13.79,13.34,13.42,1961,2638315.0,0.0,0,13.7,0
20010928,1001606400000,13.4,13.45,13.01,13.049999999999999,2651,3484948.0,0.0,0,13.42,0
20011008,1002470400000,13.06,13.190000000000001,12.06,12.99,1981,2529481.9999999995,0.0,0,13.05,0
20011009,1002556800000,12.809999999999999,13.0,12.27,12.58,1278,1642311.0000000002,0.0,0,12.99,0
20011010,1002643200000,12.51,12.51,12.1,12.12,2068,2532798.0,0.0,0,12.58,0
20011011,1002729600000,12.1,12.18,11.42,11.67,2520,2970609.9999999995,0.0,0,12.12,0
20011012,1002816000000,11.660000000000002,12.500000000000002,11.200000000000001,12.31,2942,3504700.0000000005,0.0,0,11.670000000000002,0
20011015,1003075200000,12.190000000000001,12.5,12.05,12.34,1681,2064188.0,0.0,0,12.31,0
20011016,1003161600000,12.280000000000001,12.3,11.89,11.950000000000001,800,965930.0,0.0,0,12.34,0
20011017,1003248000000,11.9,12.0,11.58,11.58,928,1089681.0,0.0,0,11.95,0
20011018,1003334400000,12.2,12.389999999999999,11.28,11.379999999999999,1123,1299362.0000000002,0.0,0,11.58,0
20011019,1003420800000,11.2,11.38,10.5,10.99,2748,2996457.0,0.0,0,11.38,0
20011022,1003680000000,10.66,10.899999999999999,10.28,10.299999999999999,2824,2989297.0,0.0,0,10.989999999999998,0
20011023,1003766400000,11.33,11.33,11.0,11.33,5810,6566143.0,0.0,0,10.3,0
20011024,1003852800000,12.0,12.46,11.75,12.46,14093,17208847.0,0.0,0,11.33,0
20011025,1003939200000,12.3,12.46,11.96,12.190000000000001,4455,5422042.000000001,0.0,0,12.46,0
20011026,1004025600000,12.1,12.18,11.68,12.0,2850,3394488.0,0.0,0,12.19,0
20011029,1004284800000,12.16,12.5,12.0,12.48,3340,4113906.0,0.0,0,12.0,0
20011030,1004371200000,12.600000000000001,12.65,12.3,12.48,1191,1475444.0,0.0,0,12.48,0
20011031,1004457600000,12.37,12.37,12.01,12.35,888,1081182.0000000002,0.0,0,12.48,0
20011101,1004544000000,12.49,12.67,12.3,12.600000000000001,3218,4033110.0,0.0,0,12.350000000000001,0
20011102,1004630400000,12.600000000000001,12.780000000000001,12.450000000000001,12.770000000000001,4478,5667670.0,0.0,0,12.600000000000001,0
20011105,1004889600000,12.75,12.75,12.35,12.62,1593,1993341.0,0.0,0,12.77,0
20011106,1004976000000,12.5,12.700000000000001,12.4,12.5,1469,1837628.9999999998,0.0,0,12.620000000000001,0
20011107,1005062400000,12.5,12.5,11.25,11.26,4731,5494521.0,0.0,0,12.5,0
20011108,1005148800000,11.110000000000001,11.9,10.8,11.9,3322,3772959.0,0.0,0,11.260000000000002,0
20011109,1005235200000,11.7,12.59,11.53,12.5,5497,6710318.0,0.0,0,11.899999999999999,0
20011112,1005494400000,12.5,12.78,12.35,12.65,3895,4899754.0,0.0,0,12.5,0
20011113,1005580800000,12.38,12.9,12.38,12.9,5754,7308459.0,0.0,0,12.65,0
20011114,1005667200000,12.88,12.99,12.56,12.97,4673,5997763.000000001,0.0,0,12.9,0
20011115,1005753600000,12.89,13.0,12.8,12.99,3991,5149747.0,0.0,0,12.97,0
20011116,1005840000000,13.969999999999999,14.26,13.1,13.29,16982,23037346.0,0.0,0,12.99,0
20011119,1006099200000,13.290000000000001,13.540000000000001,13.040000000000001,13.540000000000001,5780,7669993.0,0.0,0,13.290000000000001,0
20011120,1006185600000,13.540000000000001,13.780000000000001,13.280000000000001,13.750000000000002,11158,15129537.0,0.0,0,13.540000000000001,0
20011121,1006272000000,13.65,13.75,13.51,13.69,2786,3794910.0,0.0,0,13.75,0
20011122,1006358400000,13.500000000000002,13.690000000000001,13.280000000000001,13.680000000000001,5040,6791188.999999999,0.0,0,13.690000000000001,0
20011123,1006444800000,13.629999999999999,13.75,13.43,13.7,3757,5106686.0,0.0,0,13.68,0
20011126,1006704000000,13.620000000000001,13.780000000000001,13.46,13.700000000000001,2611,3553214.0,0.0,0,13.700000000000001,0
20011127,1006790400000,13.69,13.74,13.52,13.7,3613,4912175.0,0.0,0,13.7,0
20011128,1006876800000,13.7,13.96,13.66,13.96,8556,11808455.0,0.0,0,13.7,0
20011129,1006963200000,13.92,14.049999999999999,13.77,13.99,4809,6705343.000000001,0.0,0,13.959999999999999,0
20011130,1007049600000,13.99,14.16,13.9,14.05,4001,5604436.0,0.0,0,13.99,0
20011203,1007308800000,14.15,14.32,14.05,14.260000000000002,6912,9805205.0,0.0,0,14.05,0
20011204,1007395200000,14.2,14.3,14.08,14.27,3280,4656074.999999999,0.0,0,14.26,0
20011205,1007481600000,14.270000000000001,14.270000000000001,13.8,14.0,6098,8530286.0,0.0,0,14.270000000000001,0
20011206,1007568000000,13.8,14.06,13.8,13.950000000000001,2316,3224031.0,0.0,0,14.0,0
20011207,1007654400000,13.91,13.91,13.65,13.76,4515,6225807.0,0.0,0,13.950000000000001,0
20011210,1007913600000,13.75,13.95,13.6,13.93,1608,2208231.0,0.0,0,13.76,0
20011211,1008000000000,13.930000000000001,14.07,13.700000000000001,13.88,1380,1914197.0,0.0,0,13.930000000000001,0
20011212,1008086400000,13.780000000000001,13.8,13.55,13.74,2240,3056434.0,0.0,0,13.88,0
20011213,1008172800000,13.68,13.700000000000001,13.4,13.530000000000001,1917,2588381.0,0.0,0,13.74,0
20011214,1008259200000,13.41,13.72,13.4,13.63,2079,2817376.9999999995,0.0,0,13.530000000000001,0
20011217,1008518400000,13.44,13.7,13.43,13.49,1095,1480712.0000000002,0.0,0,13.629999999999999,0
20011218,1008604800000,13.5,13.700000000000001,13.05,13.66,3020,4052044.0,0.0,0,13.49,0
20011219,1008691200000,13.65,13.76,13.4,13.52,1295,1754842.0,0.0,0,13.66,0
20011220,1008777600000,13.5,13.5,12.96,13.0,2168,2833554.0,0.0,0,13.520000000000001,0
20011221,1008864000000,12.9,13.25,12.81,13.17,2021,2627744.0,0.0,0,13.0,0
20011224,1009123200000,13.17,13.25,12.0,12.79,1544,1970545.0,0.0,0,13.17,0
20011225,1009209600000,12.510000000000002,12.940000000000001,12.3,12.75,1633,2063789.0000000002,0.0,0,12.790000000000001,0
20011226,1009296000000,12.530000000000001,12.85,12.4,12.8,1696,2139194.0,0.0,0,12.75,0
20011227,1009382400000,13.0,13.0,12.6,12.87,1598,2043520.0000000002,0.0,0,12.799999999999999,0
20011228,1009468800000,12.870000000000001,12.9,12.65,12.88,1140,1458091.0,0.0,0,12.870000000000001,0
20011231,1009728000000,12.850000000000001,13.0,12.8,12.99,1178,1518607.0,0.0,0,12.88,0
20020104,1010073600000,13.18,13.18,12.51,12.95,714,915446.0000000001,0.0,0,12.99,0
20020107,1010332800000,12.8,12.91,12.56,12.59,830,1053123.0,0.0,0,12.950000000000001,0
20020108,1010419200000,12.6,12.700000000000001,12.4,12.44,558,700204.0,0.0,0,12.59,0
20020109,1010505600000,12.2,12.299999999999999,12.01,12.09,758,920429.0000000001,0.0,0,12.44,0
20020110,1010592000000,11.97,12.16,11.48,11.940000000000001,2145,2522674.0,0.0,0,12.09,0
20020111,1010678400000,11.99,11.99,11.4,11.51,856,999756.0,0.0,0,11.940000000000001,0
20020114,1010937600000,11.200000000000001,11.260000000000002,10.8,10.870000000000001,1902,2095708.0,0.0,0,11.510000000000002,0
20020115,1011024000000,10.799999999999999,11.03,10.61,10.709999999999999,1625,1761586.0,0.0,0,10.87,0
20020116,1011110400000,10.709999999999999,11.0,10.68,10.99,1013,1100740.0000000002,0.0,0,10.709999999999999,0
20020117,1011196800000,10.87,10.98,10.1,10.139999999999999,1675,1749771.0,0.0,0,10.99,0
20020118,1011283200000,9.88,10.280000000000001,9.700000000000001,10.040000000000001,2180,2186470.0,0.0,0,10.14,0
20020121,1011542400000,10.0,10.09,9.59,9.61,1361,1335645.9999999998,0.0,0,10.04,0
20020122,1011628800000,9.5,10.1,9.4,9.450000000000001,1442,1400660.0,0.0,0,9.610000000000001,0
20020123,1011715200000,9.4,10.38,9.38,10.3,2250,2206606.0,0.0,0,9.450000000000001,0
20020124,1011801600000,10.2,10.629999999999999,9.6,10.5,3837,3966189.9999999995,0.0,0,10.299999999999999,0
20020125,1011888000000,10.38,10.46,10.08,10.24,2420,2493423.0,0.0,0,10.5,0
20020128,1012147200000,10.100000000000001,10.3,9.450000000000001,9.49,2561,2516082.0,0.0,0,10.240000000000002,0
20020129,1012233600000,9.4,9.9,9.4,9.84,1146,1115885.0,0.0,0,9.49,0
20020130,1012320000000,9.8,9.9,9.65,9.780000000000001,1169,1146190.0,0.0,0,9.84,0
20020131,1012406400000,10.0,10.76,10.0,10.76,4836,5092469.0,0.0,0,9.78,0
20020201,1012492800000,11.18,11.36,10.85,10.92,9980,11087595.0,0.0,0,10.76,0
20020204,1012752000000,10.9,11.24,10.8,11.200000000000001,3040,3347333.0000000005,0.0,0,10.92,0
20020205,1012838400000,11.2,11.3,10.91,11.040000000000001,1842,2042367.0000000002,0.0,0,11.2,0
20020206,1012924800000,11.0,11.090000000000002,10.46,10.48,5725,6075336.0,0.0,0,11.040000000000001,0
20020207,1013011200000,10.74,10.85,10.48,10.73,2805,3004860.0,0.0,0,10.48,0
20020208,1013097600000,10.85,11.0,10.6,10.68,2033,2204348.0,0.0,0,10.73,0
20020225,1014566400000,10.98,11.010000000000002,10.700000000000001,10.850000000000001,1896,2058344.0,0.0,0,10.680000000000001,0
20020226,1014652800000,10.85,10.85,10.58,10.8,1053,1126700.0,0.0,0,10.85,0
20020227,1014739200000,10.75,11.09,10.75,10.99,2051,2249284.0,0.0,0,10.8,0
20020228,1014825600000,11.05,11.05,10.72,10.780000000000001,1046,1141688.0,0.0,0,10.99,0
20020301,1014912000000,10.780000000000001,10.85,10.65,10.65,1351,1447464.0,0.0,0,10.780000000000001,0
20020304,1015171200000,10.3,10.8,10.3,10.780000000000001,798,845272.0,0.0,0,10.65,0
20020305,1015257600000,10.780000000000001,11.05,10.700000000000001,11.000000000000002,2924,3209037.0,0.0,0,10.780000000000001,0
20020306,1015344000000,11.0,11.75,11.0,11.61,7794,8920726.0,0.0,0,11.0,0
20020307,1015430400000,11.61,12.02,11.36,12.01,7913,9304374.0,0.0,0,11.61,0
20020308,1015516800000,12.5,12.96,12.5,12.75,28238,36016661.0,0.0,0,12.01,0
20020311,1015776000000,12.7,12.889999999999999,12.6,12.85,5938,7579154.0,0.0,0,12.75,0
20020312,1015862400000,12.799999999999999,12.799999999999999,12.35,12.36,7922,9939784.0,0.0,0,12.85,0
20020313,1015948800000,12.35,12.36,12.02,12.049999999999999,5375,6542638.0,0.0,0,12.36,0
20020314,1016035200000,11.98,12.8,11.950000000000001,12.770000000000001,4055,4976217.0,0.0,0,12.05,0
20020315,1016121600000,12.799999999999999,12.799999999999999,12.1,12.15,4396,5508742.0,0.0,0,12.77,0
20020318,1016380800000,12.3,12.5,12.16,12.22,1910,2346625.0,0.0,0,12.15,0
20020319,1016467200000,12.26,12.78,12.26,12.72,4972,6288258.0,0.0,0,12.22,0
20020320,1016553600000,12.8,13.33,12.8,13.0,9324,12177808.0,0.0,0,12.72,0
20020321,1016640000000,13.1,13.18,12.75,12.85,3773,4854827.000000001,0.0,0,13.0,0
20020322,1016726400000,12.719999999999999,12.85,12.61,12.75,2267,2884922.0000000005,0.0,0,12.85,0
20020325,1016985600000,12.75,12.75,12.38,12.64,2849,3582833.0000000005,0.0,0,12.75,0
20020326,1017072000000,12.639999999999999,12.649999999999999,12.36,12.43,2264,2813593.0,0.0,0,12.639999999999999,0
20020327,1017158400000,12.31,12.450000000000001,12.280000000000001,12.450000000000001,1693,2095085.0,0.0,0,12.430000000000001,0
20020328,1017244800000,12.450000000000001,12.530000000000001,12.3,12.360000000000001,1576,1960427.0,0.0,0,12.450000000000001,0
20020329,1017331200000,12.32,12.330000000000002,11.950000000000001,11.98,2966,3587524.0,0.0,0,12.360000000000001,0
20020401,1017590400000,11.9,12.000000000000002,11.700000000000001,11.870000000000001,2353,2783787.0,0.0,0,11.98,0
20020402,1017676800000,11.879999999999999,11.879999999999999,11.6,11.62,1741,2036090.0,0.0,0,11.87,0
20020403,1017763200000,11.58,11.9,11.56,11.700000000000001,1768,2069543.0,0.0,0,11.620000000000001,0
20020404,1017849600000,11.700000000000001,12.14,11.63,12.110000000000001,2019,2411444.0,0.0,0,11.700000000000001,0
20020405,1017936000000,12.16,12.44,12.1,12.1,1864,2278462.0,0.0,0,12.11,0
20020408,1018195200000,12.1,12.299999999999999,12.1,12.18,680,827503.0,0.0,0,12.1,0
20020409,1018281600000,12.16,12.44,12.16,12.42,1912,2355660.0,0.0,0,12.18,0
20020410,1018368000000,12.42,12.7,12.42,12.459999999999999,1883,2357005.0000000005,0.0,0,12.42,0
20020411,1018454400000,12.459999999999999,12.459999999999999,12.1,12.139999999999999,1372,1683963.0,0.0,0,12.459999999999999,0
20020412,1018540800000,12.120000000000001,12.350000000000001,12.120000000000001,12.270000000000001,937,1149558.0000000002,0.0,0,12.14,0
20020415,1018800000000,12.27,12.280000000000001,12.15,12.21,909,1110587.0,0.0,0,12.27,0
20020416,1018886400000,12.4,12.4,12.15,12.18,704,858175.0,0.0,0,12.21,0
20020417,1018972800000,12.2,12.38,12.17,12.24,1110,1359439.0,0.0,0,12.18,0
20020418,1019059200000,12.4,12.4,12.15,12.15,1540,1894735.0,0.0,0,12.24,0
20020419,1019145600000,11.92,12.4,11.92,12.3,1758,2145438.0,0.0,0,12.15,0
20020422,1019404800000,12.200000000000001,12.540000000000001,12.06,12.4,1881,2331981.0,0.0,0,12.3,0
20020423,1019491200000,12.4,12.540000000000001,12.4,12.46,1521,1897012.0000000002,0.0,0,12.4,0
20020424,1019577600000,12.46,12.5,12.15,12.4,1196,1471567.0,0.0,0,12.46,0
20020425,1019664000000,12.39,12.6,12.17,12.57,3167,3952923.0,0.0,0,12.4,0
20020426,1019750400000,12.57,12.84,12.5,12.78,6368,8091692.0,0.0,0,12.57,0
20020429,1020009600000,12.88,13.98,12.82,13.9,25634,34671776.0,0.0,0,12.780000000000001,0
20020430,1020096000000,14.11,14.229999999999999,13.86,13.87,28677,40167951.0,0.0,0,13.899999999999999,0
20020508,1020787200000,13.790000000000001,13.790000000000001,13.450000000000001,13.47,5103,6909200.000000001,0.0,0,13.870000000000001,0
20020509,1020873600000,13.3,13.620000000000001,13.3,13.39,3734,5026946.000000001,0.0,0,13.47,0
20020510,1020960000000,13.39,13.450000000000001,12.99,13.06,5387,7082234.0,0.0,0,13.39,0
20020513,1021219200000,13.0,13.18,13.0,13.09,2276,2979407.0000000005,0.0,0,13.06,0
20020514,1021305600000,13.1,13.18,13.02,13.03,1880,2459474.0,0.0,0,13.09,0
20020515,1021392000000,13.000000000000002,13.05,12.700000000000001,12.790000000000001,3029,3897172.0,0.0,0,13.030000000000001,0
20020516,1021478400000,12.7,12.77,12.35,12.389999999999999,3404,4283573.0,0.0,0,12.79,0
20020517,1021564800000,12.3,12.63,12.25,12.5,2744,3408780.0000000005,0.0,0,12.39,0
20020520,1021824000000,12.44,12.44,12.26,12.36,1753,2163085.0,0.0,0,12.5,0
20020521,1021910400000,12.950000000000001,12.950000000000001,12.530000000000001,12.700000000000001,3898,4969635.0,0.0,0,12.360000000000001,0
20020522,1021996800000,12.7,12.7,12.36,12.36,2701,3377105.0000000005,0.0,0,12.7,0
20020523,1022083200000,12.41,12.72,12.41,12.540000000000001,1634,2047134.0,0.0,0,12.36,0
20020524,1022169600000,12.58,12.58,12.3,12.32,1804,2232227.0,0.0,0,12.540000000000001,0
20020527,1022428800000,12.7,12.7,12.33,12.51,931,1158424.0000000002,0.0,0,12.32,0
20020528,1022515200000,12.510000000000002,12.65,12.46,12.55,747,938460.0,0.0,0,12.510000000000002,0
20020529,1022601600000,12.42,12.54,12.02,12.129999999999999,1718,2097889.0,0.0,0,12.549999999999999,0
20020530,1022688000000,12.129999999999999,12.129999999999999,12.129999999999999,12.129999999999999,0,0.0,0.0,0,12.129999999999999,1
20020531,1022774400000,12.200000000000001,12.3,11.700000000000001,11.700000000000001,1950,2338328.0,0.0,0,12.13,0
20020603,1023033600000,11.600000000000001,11.600000000000001,11.21,11.31,1771,2019910.0,0.0,0,11.700000000000001,0
20020604,1023120000000,11.31,11.55,11.21,11.450000000000001,2019,2311900.0,0.0,0,11.31,0
20020605,1023206400000,11.55,11.55,11.15,11.16,991,1114188.0,0.0,0,11.450000000000001,0
20020606,1023292800000,11.15,12.25,11.05,11.75,2334,2695672.0,0.0,0,11.16,0
20020607,1023379200000,11.780000000000001,12.030000000000001,11.65,11.93,2354,2801974.9999999995,0.0,0,11.75,0
20020610,1023638400000,12.0,12.200000000000001,11.73,11.81,1137,1349102.0,0.0,0,11.93,0
20020611,1023724800000,11.8,12.0,11.74,11.85,870,1037152.0000000001,0.0,0,11.81,0
20020612,1023811200000,11.799999999999999,11.9,11.69,11.75,767,901381.0,0.0,0,11.85,0
20020613,1023897600000,11.71,11.95,11.58,11.65,548,642251.0,0.0,0,11.75,0
20020614,1023984000000,11.520000000000001,12.05,11.22,11.63,1539,1826565.0000000002,0.0,0,11.65,0
20020617,1024243200000,11.48,11.65,11.450000000000001,11.580000000000002,1313,1516629.0000000002,0.0,0,11.63,0
20020618,1024329600000,11.620000000000001,11.950000000000001,11.620000000000001,11.840000000000002,946,1122741.0000000002,0.0,0,11.580000000000002,0
20020619,1024416000000,11.9,11.9,11.700000000000001,11.72,427,504055.00000000006,0.0,0,11.840000000000002,0
20020620,1024502400000,11.78,11.95,11.78,11.879999999999999,531,629319.0000000001,0.0,0,11.719999999999999,0
20020621,1024588800000,11.870000000000001,12.38,11.870000000000001,12.350000000000001,3851,4694880.0,0.0,0,11.88,0
20020624,1024848000000,13.59,13.59,13.01,13.59,16851,22623261.999999996,0.0,0,12.35,0
20020625,1024934400000,13.6,13.84,13.16,13.16,10278,13823668.0,0.0,0,13.59,0
20020626,1025020800000,13.1,13.200000000000001,12.9,13.16,5147,6718343.0,0.0,0,13.16,0
20020627,1025107200000,13.120000000000001,13.370000000000001,13.05,13.120000000000001,3393,4471265.0,0.0,0,13.16,0
20020628,1025193600000,13.120000000000001,13.170000000000002,12.700000000000001,12.840000000000002,4476,5777283.0,0.0,0,13.080000000000002,0
20020701,1025452800000,12.85,12.87,12.68,12.68,2883,3673683.0,0.0,0,12.84,0
20020702,1025539200000,12.52,12.82,12.5,12.75,1529,1942106.0000000002,0.0,0,12.68,0
20020703,1025625600000,12.85,12.85,12.6,12.68,2597,3295340.0,0.0,0,12.75,0
20020704,1025712000000,12.68,12.75,12.61,12.69,1353,1716971.0,0.0,0,12.68,0
20020705,1025798400000,12.66,12.870000000000001,12.66,12.86,1367,1749204.0,0.0,0,12.69,0
20020708,1026057600000,12.88,13.120000000000001,12.88,13.06,2243,2928035.0,0.0,0,12.860000000000001,0
20020709,1026144000000,13.080000000000002,13.100000000000001,12.950000000000001,12.950000000000001,1413,1838236.0,0.0,0,13.06,0
20020710,1026230400000,12.87,12.879999999999999,12.6,12.629999999999999,1427,1813059.9999999998,0.0,0,12.95,0
20020711,1026316800000,12.69,12.73,12.57,12.65,1691,2137270.0,0.0,0,12.63,0
20020712,1026403200000,12.65,12.75,12.65,12.66,803,1020379.9999999999,0.0,0,12.65,0
20020715,1026662400000,12.65,12.65,12.51,12.61,712,895175.0,0.0,0,12.66,0
20020716,1026748800000,12.620000000000001,12.700000000000001,12.49,12.51,782,983393.0,0.0,0,12.61,0
20020717,1026835200000,12.600000000000001,12.65,12.450000000000001,12.620000000000001,1196,1496194.0,0.0,0,12.510000000000002,0
20020718,1026921600000,12.68,12.7,12.51,12.549999999999999,1467,1846557.0,0.0,0,12.62,0
20020719,1027008000000,12.58,12.68,12.51,12.549999999999999,1199,1506746.0,0.0,0,12.549999999999999,0
20020722,1027267200000,12.600000000000001,12.770000000000001,12.47,12.49,1024,1283973.0,0.0,0,12.55,0
20020723,1027353600000,12.49,12.620000000000001,12.32,12.39,1071,1332666.0000000002,0.0,0,12.49,0
20020724,1027440000000,12.31,12.4,12.21,12.24,1032,1270690.0,0.0,0,12.39,0
20020725,1027526400000,12.200000000000001,12.4,12.200000000000001,12.260000000000002,726,891882.0,0.0,0,12.24,0
20020726,1027612800000,11.98,12.450000000000001,11.98,12.23,456,558148.0,0.0,0,12.26,0
20020729,1027872000000,12.1,12.3,12.09,12.27,620,754917.0000000001,0.0,0,12.23,0
20020730,1027958400000,12.260000000000002,12.410000000000002,12.200000000000001,12.290000000000001,585,719386.0000000001,0.0,0,12.270000000000001,0
20020731,1028044800000,12.37,12.37,12.19,12.219999999999999,548,670577.0,0.0,0,12.29,0
20020801,1028131200000,12.200000000000001,12.23,12.07,12.200000000000001,407,495696.0,0.0,0,12.22,0
20020802,1028217600000,12.2,12.35,12.11,12.299999999999999,215,264676.99999999994,0.0,0,12.2,0
20020805,1028476800000,12.3,12.450000000000001,12.200000000000001,12.360000000000001,1571,1927550.0000000002,0.0,0,12.3,0
20020806,1028563200000,12.32,12.5,12.31,12.43,651,809252.0,0.0,0,12.360000000000001,0
20020807,1028649600000,12.47,12.56,12.4,12.41,326,404954.0,0.0,0,12.43,0
20020808,1028736000000,12.4,12.500000000000002,12.200000000000001,12.24,599,739188.0000000001,0.0,0,12.410000000000002,0
20020809,1028822400000,12.24,12.24,12.040000000000001,12.08,980,1184944.0000000002,0.0,0,12.24,0
20020812,1029081600000,12.02,12.08,12.0,12.05,392,472603.0,0.0,0,12.08,0
20020813,1029168000000,12.05,12.280000000000001,12.05,12.15,192,233778.0,0.0,0,12.05,0
20020814,1029254400000,12.07,12.25,12.07,12.15,252,305540.0,0.0,0,12.15,0
20020815,1029340800000,12.06,12.48,12.06,12.08,846,1025151.0000000001,0.0,0,12.15,0
20020816,1029427200000,12.1,12.3,11.99,12.1,1397,1688674.0000000002,0.0,0,12.08,0
20020819,1029686400000,12.11,12.24,12.11,12.18,341,414820.0,0.0,0,12.1,0
20020820,1029772800000,12.16,12.32,12.13,12.3,645,789007.0,0.0,0,12.180000000000001,0
20020821,1029859200000,12.290000000000001,12.340000000000002,12.200000000000001,12.250000000000002,636,778239.0,0.0,0,12.3,0
20020822,1029945600000,12.25,12.52,12.25,12.4,1093,1359147.0,0.0,0,12.25,0
20020823,1030032000000,12.42,12.42,12.31,12.32,503,623594.0,0.0,0,12.4,0
20020826,1030291200000,12.31,12.31,12.18,12.19,575,703038.0,0.0,0,12.32,0
20020827,1030377600000,12.37,12.459999999999999,12.18,12.43,1104,1368551.0,0.0,0,12.19,0
20020828,1030464000000,12.4,12.540000000000001,12.4,12.46,1097,1368884.0,0.0,0,12.43,0
20020829,1030550400000,12.5,12.52,12.15,12.280000000000001,1306,1608250.0,0.0,0,12.46,0
20020830,1030636800000,12.280000000000001,12.34,12.14,12.3,1353,1656944.0000000002,0.0,0,12.280000000000001,0
20020902,1030896000000,12.31,12.32,12.21,12.22,411,503760.0,0.0,0,12.3,0
20020903,1030982400000,12.22,12.4,12.22,12.31,366,450766.00000000006,0.0,0,12.22,0
20020904,1031068800000,12.3,12.31,12.24,12.26,447,548833.9999999999,0.0,0,12.31,0
20020905,1031155200000,12.16,12.19,12.0,12.02,1038,1251680.0000000002,0.0,0,12.26,0
20020906,1031241600000,12.2,12.2,12.0,12.04,605,729265.0,0.0,0,12.02,0
20020909,1031500800000,12.010000000000002,12.010000000000002,11.8,11.84,852,1009216.9999999999,0.0,0,12.040000000000001,0
20020910,1031587200000,11.84,11.94,11.83,11.86,367,435256.0,0.0,0,11.84,0
20020911,1031673600000,11.870000000000001,11.870000000000001,11.700000000000001,11.74,828,971356.9999999999,0.0,0,11.860000000000001,0
20020912,1031760000000,11.74,11.879999999999999,11.61,11.75,585,687183.0000000001,0.0,0,11.74,0
20020913,1031846400000,11.84,11.84,11.66,11.69,388,454109.0,0.0,0,11.75,0
20020916,1032105600000,11.7,11.7,11.5,11.55,923,1067277.0000000002,0.0,0,11.69,0
20020917,1032192000000,11.58,11.6,11.42,11.6,866,998453.0000000001,0.0,0,11.55,0
20020918,1032278400000,11.620000000000001,11.700000000000001,11.55,11.59,669,777629.0000000001,0.0,0,11.600000000000001,0
20020919,1032364800000,11.64,11.850000000000001,11.55,11.850000000000001,649,759856.0000000001,0.0,0,11.59,0
20020920,1032451200000,11.95,11.95,11.85,11.9,1894,2251692.0000000005,0.0,0,11.85,0
20020923,1032710400000,11.78,11.89,11.76,11.82,368,433918.0,0.0,0,11.9,0
20020924,1032796800000,11.8,11.88,11.71,11.81,553,652618.0,0.0,0,11.82,0
20020925,1032883200000,11.65,11.8,11.65,11.72,293,345163.00000000006,0.0,0,11.81,0
20020926,1032969600000,11.73,11.8,11.620000000000001,11.64,504,588640.0,0.0,0,11.72,0
20020927,1033056000000,11.65,11.7,11.51,11.59,475,550251.0,0.0,0,11.64,0
20021008,1034006400000,11.59,11.8,11.59,11.7,330,386156.00000000006,0.0,0,11.59,0
20021009,1034092800000,11.700000000000001,11.700000000000001,11.450000000000001,11.540000000000001,363,420681.0,0.0,0,11.700000000000001,0
20021010,1034179200000,11.57,11.600000000000001,11.450000000000001,11.48,555,639658.0,0.0,0,11.540000000000001,0
20021011,1034265600000,11.5,11.74,11.4,11.43,285,327183.00000000006,0.0,0,11.48,0
20021014,1034524800000,11.25,11.38,11.16,11.32,615,694910.0000000001,0.0,0,11.43,0
20021015,1034611200000,11.3,11.3,11.200000000000001,11.250000000000002,511,574998.0,0.0,0,11.32,0
20021016,1034697600000,11.350000000000001,11.41,11.22,11.25,686,776324.0,0.0,0,11.25,0
20021017,1034784000000,11.250000000000002,11.32,11.120000000000001,11.13,434,485689.99999999994,0.0,0,11.250000000000002,0
20021018,1034870400000,11.110000000000001,11.260000000000002,10.71,10.88,1155,1263899.0000000002,0.0,0,11.13,0
20021021,1035129600000,10.88,10.88,10.75,10.86,464,500521.99999999994,0.0,0,10.88,0
20021022,1035216000000,10.85,11.26,10.85,11.06,731,810112.0000000001,0.0,0,10.86,0
20021023,1035302400000,11.06,11.17,10.89,11.05,998,1096213.0,0.0,0,11.06,0
20021024,1035388800000,11.05,11.08,10.88,10.89,618,676102.0,0.0,0,11.05,0
20021025,1035475200000,10.81,10.88,10.700000000000001,10.72,454,490073.0,0.0,0,10.89,0
20021028,1035734400000,10.700000000000001,10.700000000000001,10.4,10.42,812,854104.0000000001,0.0,0,10.72,0
20021029,1035820800000,10.35,10.55,10.01,10.44,997,1025401.0,0.0,0,10.42,0
20021030,1035907200000,10.440000000000001,10.440000000000001,10.3,10.350000000000001,473,490357.00000000006,0.0,0,10.440000000000001,0
20021031,1035993600000,10.500000000000002,10.510000000000002,10.120000000000001,10.200000000000001,774,798136.0000000001,0.0,0,10.350000000000001,0
20021101,1036080000000,10.200000000000001,10.290000000000001,10.200000000000001,10.290000000000001,588,603564.0,0.0,0,10.200000000000001,0
20021104,1036339200000,10.5,10.549999999999999,10.36,10.469999999999999,961,1000271.0,0.0,0,10.29,0
20021105,1036425600000,10.6,11.01,10.48,10.860000000000001,2881,3117561.0,0.0,0,10.47,0
20021106,1036512000000,10.93,11.51,10.77,11.5,4626,5142945.0,0.0,0,10.86,0
20021107,1036598400000,11.350000000000001,12.3,11.200000000000001,12.23,13012,15310028.0,0.0,0,11.500000000000002,0
20021108,1036684800000,12.190000000000001,12.260000000000002,11.8,12.15,15201,18307369.999999996,0.0,0,12.23,0
20021111,1036944000000,12.0,12.200000000000001,11.82,12.08,6852,8227922.999999999,0.0,0,12.15,0
20021112,1037030400000,12.0,12.4,11.65,11.950000000000001,8932,10736979.0,0.0,0,12.08,0
20021113,1037116800000,11.9,11.9,11.200000000000001,11.64,4489,5182537.0,0.0,0,11.950000000000001,0
20021114,1037203200000,11.5,11.770000000000001,11.3,11.510000000000002,4315,4969903.0,0.0,0,11.64,0
20021115,1037289600000,11.4,12.100000000000001,11.200000000000001,12.000000000000002,5704,6688840.0,0.0,0,11.510000000000002,0
20021118,1037548800000,11.98,12.200000000000001,11.8,12.180000000000001,6721,8084515.000000002,0.0,0,12.0,0
20021119,1037635200000,12.12,12.39,11.92,12.28,5486,6675998.0,0.0,0,12.18,0
20021120,1037721600000,12.16,12.16,11.05,11.05,24334,27179740.0,0.0,0,12.280000000000001,0
20021121,1037808000000,10.000000000000002,10.4,9.950000000000001,9.950000000000001,21176,21098545.0,0.0,0,11.05,0
20021122,1037894400000,9.9,9.9,9.13,9.450000000000001,13381,12652469.0,0.0,0,9.950000000000001,0
20021125,1038153600000,9.35,9.45,9.18,9.31,5357,4975617.0,0.0,0,9.45,0
20021126,1038240000000,9.2,9.59,8.75,8.79,5985,5499698.000000001,0.0,0,9.31,0
20021127,1038326400000,8.75,8.9,8.41,8.67,13643,11844147.000000002,0.0,0,8.790000000000001,0
20021128,1038412800000,8.700000000000001,9.38,8.65,9.36,16608,14896442.000000002,0.0,0,8.67,0
20021129,1038499200000,9.23,10.3,9.15,10.3,35649,35828707.0,0.0,0,9.360000000000001,0
20021202,1038758400000,10.25,10.25,9.540000000000001,9.58,15865,15577544.000000002,0.0,0,10.3,0
20021203,1038844800000,9.58,9.93,9.4,9.88,6671,6540259.0,0.0,0,9.58,0
20021204,1038931200000,9.87,10.049999999999999,9.68,9.75,5452,5367047.0,0.0,0,9.879999999999999,0
20021205,1039017600000,9.68,9.74,9.51,9.68,2806,2695403.0,0.0,0,9.75,0
20021206,1039104000000,9.66,9.75,9.5,9.65,2571,2480869.0,0.0,0,9.68,0
20021209,1039363200000,9.6,9.75,9.53,9.66,1009,974628.0,0.0,0,9.649999999999999,0
20021210,1039449600000,9.62,9.83,9.59,9.61,2330,2254504.0,0.0,0,9.66,0
20021211,1039536000000,9.55,9.610000000000001,9.15,9.38,2422,2266106.0,0.0,0,9.610000000000001,0
20021212,1039622400000,9.200000000000001,9.600000000000001,9.200000000000001,9.350000000000001,2484,2351141.0,0.0,0,9.38,0
20021213,1039708800000,9.280000000000001,9.600000000000001,9.200000000000001,9.49,2446,2292036.0000000005,0.0,0,9.350000000000001,0
20021216,1039968000000,9.58,9.75,9.49,9.64,1999,1924557.0000000002,0.0,0,9.49,0
20021217,1040054400000,9.6,9.959999999999999,9.6,9.879999999999999,2483,2435272.0,0.0,0,9.639999999999999,0
20021218,1040140800000,9.860000000000001,9.97,9.700000000000001,9.700000000000001,2180,2139574.0000000005,0.0,0,9.88,0
20021219,1040227200000,9.69,9.72,9.5,9.67,2721,2610638.0,0.0,0,9.7,0
20021220,1040313600000,9.62,9.8,9.5,9.69,3917,3751322.0000000005,0.0,0,9.67,0
20021223,1040572800000,9.74,9.850000000000001,9.620000000000001,9.8,3009,2938134.0,0.0,0,9.690000000000001,0
20021224,1040659200000,9.76,9.799999999999999,9.69,9.76,1091,1060591.0,0.0,0,9.799999999999999,0
20021225,1040745600000,9.780000000000001,9.780000000000001,9.620000000000001,9.64,1272,1230961.0,0.0,0,9.760000000000002,0
20021226,1040832000000,9.51,9.610000000000001,9.06,9.110000000000001,3220,2993101.0,0.0,0,9.64,0
20021227,1040918400000,9.110000000000001,9.280000000000001,9.05,9.21,4087,3745014.0,0.0,0,9.110000000000001,0
20021230,1041177600000,9.200000000000001,9.260000000000002,8.790000000000001,8.88,4239,3848506.0,0.0,0,9.21,0
20021231,1041264000000,8.88,9.08,8.73,8.75,3820,3416846.0,0.0,0,8.88,0
20030102,1041436800000,8.83,8.9,8.66,8.67,1313,1148499.0,0.0,0,8.75,0
20030103,1041523200000,8.67,8.77,8.66,8.74,1330,1160007.0,0.0,0,8.67,0
20030106,1041782400000,8.649999999999999,8.879999999999999,8.61,8.87,1160,1015196.0,0.0,0,8.74,0
20030107,1041868800000,8.78,9.0,8.76,8.77,1182,1046244.0,0.0,0,8.87,0
20030108,1041955200000,8.58,9.1,8.58,9.09,1542,1381100.0,0.0,0,8.77,0
20030109,1042041600000,9.120000000000001,9.350000000000001,8.950000000000001,9.260000000000002,3206,2950303.0000000005,0.0,0,9.090000000000002,0
20030110,1042128000000,9.25,9.37,9.1,9.129999999999999,2904,2676003.0,0.0,0,9.26,0
20030113,1042387200000,9.02,9.16,9.02,9.09,1705,1546811.0,0.0,0,9.129999999999999,0
20030114,1042473600000,9.1,10.0,9.06,10.0,14671,14380183.000000002,0.0,0,9.09,0
20030115,1042560000000,10.05,10.540000000000001,9.88,9.99,17925,18331851.0,0.0,0,10.0,0
20030116,1042646400000,9.99,10.540000000000001,9.72,10.38,15075,15340491.0,0.0,0,9.99,0
20030117,1042732800000,10.55,10.71,10.120000000000001,10.180000000000001,11079,11518777.0,0.0,0,10.38,0
20030120,1042992000000,10.1,10.3,9.99,10.01,7820,7850609.0,0.0,0,10.18,0
20030121,1043078400000,10.41,10.440000000000001,10.13,10.15,8207,8378799.000000001,0.0,0,10.010000000000002,0
20030122,1043164800000,10.14,10.15,10.0,10.11,3569,3594018.0,0.0,0,10.15,0
20030123,1043251200000,10.1,10.45,10.01,10.25,9469,9691726.999999998,0.0,0,10.11,0
20030124,1043337600000,10.3,10.9,10.22,10.63,20146,21247921.0,0.0,0,10.25,0
20030127,1043596800000,10.65,10.690000000000001,10.200000000000001,10.530000000000001,30146,31356931.999999996,0.0,0,10.63,0
20030128,1043683200000,10.459999999999999,10.68,10.35,10.44,6870,7212626.0,0.0,0,10.53,0
20030129,1043769600000,10.5,10.58,10.31,10.35,4892,5109622.0,0.0,0,10.440000000000001,0
20030210,1044806400000,10.3,10.31,10.0,10.06,4228,4278140.0,0.0,0,10.35,0
20030211,1044892800000,10.04,10.37,10.02,10.219999999999999,3783,3845794.0,0.0,0,10.059999999999999,0
20030212,1044979200000,10.250000000000002,10.370000000000001,10.200000000000001,10.3,7385,7580929.000000001,0.0,0,10.22,0
20030213,1045065600000,10.3,10.4,10.200000000000001,10.23,6716,6919681.999999999,0.0,0,10.3,0
20030214,1045152000000,10.3,10.330000000000002,10.200000000000001,10.290000000000001,3535,3626306.0000000005,0.0,0,10.23,0
20030217,1045411200000,10.33,10.51,10.0,10.28,15781,16067285.0,0.0,0,10.29,0
20030218,1045497600000,10.17,10.2,10.08,10.17,6092,6168814.0,0.0,0,10.28,0
20030219,1045584000000,10.17,10.22,9.99,10.21,8772,8836255.0,0.0,0,10.17,0
20030220,1045670400000,10.22,10.24,10.120000000000001,10.16,3452,3514989.0000000005,0.0,0,10.21,0
20030221,1045756800000,10.110000000000001,10.5,9.98,10.23,9022,9192844.0,0.0,0,10.16,0
20030224,1046016000000,10.22,10.46,10.21,10.32,7343,7599432.000000001,0.0,0,10.23,0
20030225,1046102400000,10.34,10.58,10.33,10.52,10812,11336753.000000002,0.0,0,10.32,0
20030226,1046188800000,10.520000000000001,10.56,10.3,10.450000000000001,6157,6417849.0,0.0,0,10.520000000000001,0
20030227,1046275200000,10.440000000000001,10.5,10.3,10.4,5312,5530203.000000001,0.0,0,10.450000000000001,0
20030228,1046361600000,10.410000000000002,10.410000000000002,10.200000000000001,10.3,4638,4762752.0,0.0,0,10.4,0
20030303,1046620800000,10.28,10.5,10.25,10.5,6835,7108274.000000001,0.0,0,10.3,0
20030304,1046707200000,10.51,10.51,10.33,10.38,3729,3880486.0,0.0,0,10.5,0
20030305,1046793600000,10.379999999999999,10.4,10.18,10.25,4164,4266600.0,0.0,0,10.379999999999999,0
20030306,1046880000000,10.25,10.29,10.03,10.049999999999999,5203,5257898.0,0.0,0,10.25,0
20030307,1046966400000,10.25,10.31,10.05,10.13,3877,3936894.0000000005,0.0,0,10.05,0
20030310,1047225600000,10.13,10.19,10.0,10.04,3551,3566892.0,0.0,0,10.13,0
20030311,1047312000000,10.049999999999999,10.1,10.01,10.04,1406,1412708.0,0.0,0,10.04,0
20030312,1047398400000,10.13,10.15,9.91,10.06,2609,2608197.0,0.0,0,10.040000000000001,0
20030313,1047484800000,10.1,10.15,10.0,10.02,1665,1683068.9999999998,0.0,0,10.06,0
20030314,1047571200000,10.0,10.25,10.0,10.24,5107,5201121.0,0.0,0,10.02,0
20030317,1047830400000,10.25,10.379999999999999,10.18,10.37,8370,8632158.0,0.0,0,10.24,0
20030318,1047916800000,10.360000000000001,10.38,10.05,10.200000000000001,4260,4350276.0,0.0,0,10.370000000000001,0
20030319,1048003200000,10.1,10.13,9.92,10.11,7959,7970291.0,0.0,0,10.2,0
20030320,1048089600000,10.120000000000001,10.120000000000001,9.81,9.81,7239,7216621.0,0.0,0,10.110000000000001,0
20030321,1048176000000,9.8,9.92,9.75,9.8,4199,4124359.0000000005,0.0,0,9.81,0
20030324,1048435200000,9.88,9.99,9.8,9.97,1949,1934537.0000000002,0.0,0,9.8,0
20030325,1048521600000,9.97,10.25,9.9,10.02,4479,4499619.0,0.0,0,9.97,0
20030326,1048608000000,10.14,10.14,9.9,10.0,3153,3150158.0000000005,0.0,0,10.02,0
20030327,1048694400000,10.0,11.0,9.76,11.0,40567,43237545.0,0.0,0,10.0,0
20030328,1048780800000,11.1,11.1,10.65,10.67,30151,32460995.0,0.0,0,11.0,0
20030331,1049040000000,10.65,11.4,10.57,11.07,32218,35209154.0,0.0,0,10.67,0
20030401,1049126400000,10.979999999999999,11.129999999999999,10.69,10.95,18093,19807151.0,0.0,0,11.07,0
20030402,1049212800000,10.9,11.32,10.8,10.99,18461,20458866.0,0.0,0,10.950000000000001,0
20030403,1049299200000,10.95,11.04,10.78,10.809999999999999,7406,8043838.000000001,0.0,0,10.99,0
20030404,1049385600000,10.76,11.32,10.76,11.129999999999999,28751,32059906.0,0.0,0,10.81,0
20030407,1049644800000,11.13,11.16,10.71,10.950000000000001,16897,18490940.0,0.0,0,11.13,0
20030408,1049731200000,10.940000000000001,11.14,10.8,10.88,9941,10923467.0,0.0,0,10.950000000000001,0
20030409,1049817600000,10.85,11.55,10.83,11.31,41862,47245933.0,0.0,0,10.88,0
20030410,1049904000000,11.34,11.7,11.08,11.52,44672,51028288.0,0.0,0,11.31,0
20030411,1049990400000,11.610000000000001,11.99,11.4,11.67,46217,53908015.0,0.0,0,11.52,0
20030414,1050249600000,11.67,12.5,11.43,12.02,57151,68746735.0,0.0,0,11.67,0
20030415,1050336000000,12.26,12.26,11.75,11.95,22293,26529383.0,0.0,0,12.02,0
20030416,1050422400000,11.95,11.98,11.43,11.49,24276,28311234.0,0.0,0,11.95,0
20030417,1050508800000,11.52,11.65,11.44,11.559999999999999,8112,9359207.0,0.0,0,11.49,0
20030418,1050595200000,11.600000000000001,11.680000000000001,11.200000000000001,11.3,14108,15956631.000000002,0.0,0,11.56,0
20030421,1050854400000,11.26,11.290000000000001,10.81,11.18,7666,8462601.0,0.0,0,11.3,0
20030422,1050940800000,11.05,11.200000000000001,10.9,11.17,3850,4260392.0,0.0,0,11.18,0
20030423,1051027200000,11.17,11.17,10.86,10.95,5322,5840356.0,0.0,0,11.17,0
20030424,1051113600000,10.91,10.91,10.38,10.65,8829,9344298.000000002,0.0,0,10.950000000000001,0
20030425,1051200000000,10.500000000000002,10.600000000000001,10.200000000000001,10.420000000000002,4662,4851805.0,0.0,0,10.65,0
20030428,1051459200000,10.420000000000002,10.420000000000002,10.420000000000002,10.420000000000002,0,0.0,0.0,0,10.420000000000002,1
20030429,1051545600000,10.88,11.1,10.48,10.49,14395,15524058.000000002,0.0,0,10.42,0
20030430,1051632000000,10.540000000000001,10.600000000000001,9.97,10.38,9855,10050206.999999998,0.0,0,10.49,0
20030512,1052668800000,10.31,10.700000000000001,10.14,10.620000000000001,7279,7671364.000000001,0.0,0,10.38,0
20030513,1052755200000,10.9,11.0,10.31,10.360000000000001,13057,13946077.999999998,0.0,0,10.620000000000001,0
20030514,1052841600000,10.200000000000001,10.88,10.07,10.65,8335,8691770.0,0.0,0,10.36,0
20030515,1052928000000,10.63,11.100000000000001,10.47,10.96,13869,15077517.0,0.0,0,10.65,0
20030516,1053014400000,11.200000000000001,11.200000000000001,10.8,11.05,11908,13128363.0,0.0,0,10.96,0
20030519,1053273600000,11.000000000000002,11.05,10.790000000000001,10.860000000000001,4052,4402552.000000001,0.0,0,11.05,0
20030520,1053360000000,10.72,10.88,10.57,10.870000000000001,7871,8445468.000000002,0.0,0,10.86,0
20030521,1053446400000,10.74,11.32,10.74,10.97,17514,19510122.000000004,0.0,0,10.870000000000001,0
20030522,1053532800000,10.92,10.930000000000001,10.72,10.92,6558,7095608.0,0.0,0,10.97,0
20030523,1053619200000,10.9,10.940000000000001,10.73,10.790000000000001,6887,7454570.000000001,0.0,0,10.81,0
20030526,1053878400000,10.850000000000001,11.200000000000001,10.71,11.200000000000001,18511,20384014.0,0.0,0,10.790000000000001,0
20030527,1053964800000,11.2,11.24,11.0,11.08,9743,10819375.0,0.0,0,11.2,0
20030528,1054051200000,11.11,11.219999999999999,10.93,11.1,8996,9963197.0,0.0,0,11.08,0
20030529,1054137600000,11.090000000000002,11.500000000000002,10.700000000000001,11.4,32368,35565529.0,0.0,0,11.100000000000001,0
20030530,1054224000000,11.4,11.4,11.120000000000001,11.270000000000001,15546,17437758.000000004,0.0,0,11.4,0
20030602,1054483200000,11.25,11.25,11.01,11.209999999999999,4642,5166846.000000001,0.0,0,11.27,0
20030603,1054569600000,11.200000000000001,11.24,11.05,11.200000000000001,7034,7852939.0,0.0,0,11.21,0
20030604,1054656000000,11.2,11.899999999999999,11.19,11.6,30125,34579249.0,0.0,0,11.2,0
20030605,1054742400000,11.600000000000001,11.600000000000001,11.21,11.25,13571,15387098.0,0.0,0,11.600000000000001,0
20030606,1054828800000,11.250000000000002,11.3,11.120000000000001,11.180000000000001,6751,7558634.000000001,0.0,0,11.250000000000002,0
20030609,1055088000000,11.18,11.18,11.03,11.03,2588,2869080.9999999995,0.0,0,11.18,0
20030610,1055174400000,10.99,11.200000000000001,10.99,11.1,4119,4574143.0,0.0,0,11.03,0
20030611,1055260800000,11.1,11.5,11.1,11.29,18032,20415741.0,0.0,0,11.1,0
20030612,1055347200000,11.290000000000001,11.290000000000001,11.08,11.14,7664,8533559.0,0.0,0,11.290000000000001,0
20030613,1055433600000,11.120000000000001,11.290000000000001,11.07,11.16,7107,7922414.000000001,0.0,0,11.14,0
20030616,1055692800000,11.16,11.16,11.0,11.1,4679,5171928.999999999,0.0,0,11.16,0
20030617,1055779200000,11.100000000000001,11.120000000000001,10.8,10.97,5657,6214555.0,0.0,0,11.100000000000001,0
20030618,1055865600000,10.88,11.08,10.83,10.88,2701,2954697.0,0.0,0,10.97,0
20030619,1055952000000,10.81,11.15,10.74,10.78,3938,4301115.0,0.0,0,10.88,0
20030620,1056038400000,10.799999999999999,10.9,10.69,10.7,1695,1825023.0,0.0,0,10.78,0
20030623,1056297600000,10.600000000000001,10.700000000000001,10.46,10.5,2015,2122314.0000000005,0.0,0,10.700000000000001,0
20030624,1056384000000,10.5,10.59,10.4,10.5,1199,1261798.0,0.0,0,10.5,0
20030625,1056470400000,10.500000000000002,10.700000000000001,10.450000000000001,10.530000000000001,1841,1944363.0,0.0,0,10.500000000000002,0
20030626,1056556800000,10.549999999999999,10.799999999999999,10.43,10.709999999999999,5852,6231272.0,0.0,0,10.53,0
20030627,1056643200000,10.58,10.75,10.46,10.47,1298,1375346.0,0.0,0,10.71,0
20030630,1056902400000,10.48,10.500000000000002,10.290000000000001,10.48,2039,2124619.0,0.0,0,10.47,0
20030701,1056988800000,10.47,10.55,10.31,10.32,1298,1356514.0,0.0,0,10.48,0
20030702,1057075200000,10.3,10.360000000000001,10.22,10.350000000000001,982,1011921.0,0.0,0,10.32,0
20030703,1057161600000,10.3,10.450000000000001,10.3,10.38,997,1034069.0000000001,0.0,0,10.350000000000001,0
20030704,1057248000000,10.38,10.38,10.32,10.33,645,668456.0,0.0,0,10.38,0
20030707,1057507200000,10.350000000000001,10.4,10.3,10.33,905,934685.0000000001,0.0,0,10.33,0
20030708,1057593600000,10.41,10.41,10.31,10.38,771,799313.0,0.0,0,10.33,0
20030709,1057680000000,10.379999999999999,10.5,10.36,10.399999999999999,569,592117.0000000001,0.0,0,10.379999999999999,0
20030710,1057766400000,10.4,10.7,10.25,10.62,7465,7882105.000000001,0.0,0,10.4,0
20030711,1057852800000,10.62,10.69,10.5,10.53,3663,3885082.0000000005,0.0,0,10.62,0
20030714,1058112000000,10.42,10.51,10.34,10.37,1200,1247036.0,0.0,0,10.53,0
20030715,1058198400000,10.35,10.379999999999999,10.26,10.27,1840,1899083.0000000002,0.0,0,10.37,0
20030716,1058284800000,10.3,10.4,10.05,10.38,8484,8681659.000000002,0.0,0,10.270000000000001,0
20030717,1058371200000,10.38,10.39,10.25,10.36,1784,1840854.0,0.0,0,10.38,0
20030718,1058457600000,10.31,10.31,10.120000000000001,10.13,3097,3159539.0,0.0,0,10.360000000000001,0
20030721,1058716800000,10.100000000000001,10.100000000000001,9.790000000000001,9.8,2815,2783476.0,0.0,0,10.13,0
20030722,1058803200000,9.91,10.15,9.84,10.08,3093,3095258.0,0.0,0,9.8,0
20030723,1058889600000,10.080000000000002,10.080000000000002,9.950000000000001,9.98,1658,1660685.0000000002,0.0,0,10.080000000000002,0
20030724,1058976000000,9.98,10.129999999999999,9.85,9.92,880,876266.0,0.0,0,9.98,0
20030725,1059062400000,9.98,10.049999999999999,9.77,9.799999999999999,1115,1098074.0,0.0,0,9.92,0
20030728,1059321600000,9.8,9.8,9.48,9.5,1103,1062912.0,0.0,0,9.8,0
20030729,1059408000000,9.5,9.65,9.4,9.5,1052,1004473.0,0.0,0,9.5,0
20030730,1059494400000,9.510000000000002,9.520000000000001,9.200000000000001,9.38,2500,2334002.0,0.0,0,9.500000000000002,0
20030731,1059580800000,9.360000000000001,9.38,9.15,9.17,1347,1243040.0,0.0,0,9.38,0
20030801,1059667200000,9.14,9.48,8.8,9.33,8368,7668475.0,0.0,0,9.17,0
20030804,1059926400000,9.29,9.299999999999999,9.02,9.23,2965,2725801.0,0.0,0,9.33,0
20030805,1060012800000,9.25,9.25,9.09,9.2,1785,1637004.0000000002,0.0,0,9.23,0
20030806,1060099200000,9.22,9.3,9.200000000000001,9.290000000000001,992,919221.0,0.0,0,9.200000000000001,0
20030807,1060185600000,9.299999999999999,9.49,9.1,9.35,3925,3666706.0,0.0,0,9.29,0
20030808,1060272000000,9.299999999999999,9.36,9.1,9.2,1117,1029615.0,0.0,0,9.35,0
20030811,1060531200000,9.2,9.2,9.0,9.02,1884,1705623.0,0.0,0,9.2,0
20030812,1060617600000,9.0,9.19,8.99,9.120000000000001,691,629571.0,0.0,0,9.02,0
20030813,1060704000000,9.12,9.12,9.0,9.0,902,814061.0,0.0,0,9.12,0
20030814,1060790400000,8.81,9.39,8.81,9.17,5526,5124578.999999999,0.0,0,9.0,0
20030815,1060876800000,9.040000000000001,9.22,9.040000000000001,9.13,883,807448.0,0.0,0,9.170000000000002,0
20030818,1061136000000,9.100000000000001,9.31,9.05,9.25,1351,1246964.0,0.0,0,9.13,0
20030819,1061222400000,9.25,9.28,9.18,9.219999999999999,1027,949526.0,0.0,0,9.25,0
20030820,1061308800000,9.200000000000001,9.22,8.97,9.08,1295,1169640.0,0.0,0,9.22,0
20030821,1061395200000,9.15,9.15,9.0,9.03,860,779740.9999999999,0.0,0,9.08,0
20030822,1061481600000,9.030000000000001,9.110000000000001,8.96,8.98,1159,1047768.0,0.0,0,9.030000000000001,0
20030825,1061740800000,8.91,8.98,8.81,8.82,1063,940925.0000000001,0.0,0,8.98,0
20030826,1061827200000,8.83,8.94,8.82,8.89,764,679277.0,0.0,0,8.82,0
20030827,1061913600000,8.870000000000001,8.9,8.8,8.88,472,417718.0,0.0,0,8.89,0
20030828,1062000000000,8.9,8.91,8.82,8.84,531,471315.00000000006,0.0,0,8.88,0
20030829,1062086400000,8.850000000000001,8.860000000000001,8.8,8.860000000000001,329,290833.0,0.0,0,8.84,0
20030901,1062345600000,8.93,9.09,8.9,9.01,1646,1488853.0000000002,0.0,0,8.860000000000001,0
20030902,1062432000000,9.05,9.1,8.98,9.040000000000001,1036,937371.9999999999,0.0,0,9.01,0
20030903,1062518400000,9.040000000000001,9.040000000000001,9.040000000000001,9.040000000000001,0,0.0,0.0,0,9.040000000000001,1
20030904,1062604800000,9.1,9.129999999999999,8.94,9.04,1869,1686143.0,0.0,0,9.04,0
20030905,1062691200000,9.08,9.15,8.81,8.860000000000001,999,888261.0,0.0,0,9.040000000000001,0
20030908,1062950400000,8.75,8.75,8.5,8.62,1645,1417173.0,0.0,0,8.86,0
20030909,1063036800000,8.52,8.7,8.52,8.6,524,450374.0,0.0,0,8.62,0
20030910,1063123200000,8.600000000000001,8.610000000000001,8.55,8.600000000000001,781,669735.0,0.0,0,8.600000000000001,0
20030911,1063209600000,8.6,8.65,8.5,8.55,1080,930365.0000000001,0.0,0,8.6,0
20030912,1063296000000,8.52,8.61,8.45,8.459999999999999,3510,2995282.0,0.0,0,8.549999999999999,0
20030915,1063555200000,8.4,8.5,8.13,8.200000000000001,923,768568.0,0.0,0,8.46,0
20030916,1063641600000,8.13,8.260000000000002,8.13,8.22,980,802904.0000000001,0.0,0,8.200000000000001,0
20030917,1063728000000,8.23,8.25,8.02,8.129999999999999,764,618817.0000000001,0.0,0,8.219999999999999,0
20030918,1063814400000,8.1,8.129999999999999,8.01,8.049999999999999,832,671104.0,0.0,0,8.129999999999999,0
20030919,1063900800000,7.86,8.1,7.82,7.91,1387,1096998.0000000002,0.0,0,8.05,0
20030922,1064160000000,8.0,8.0,7.92,7.95,668,531908.0,0.0,0,7.91,0
20030923,1064246400000,7.95,7.99,7.86,7.99,655,518461.0,0.0,0,7.95,0
20030924,1064332800000,8.05,8.21,7.99,8.17,1109,896149.0,0.0,0,7.99,0
20030925,1064419200000,8.110000000000001,8.15,7.930000000000001,7.98,764,614771.0,0.0,0,8.17,0
20030926,1064505600000,7.960000000000001,7.970000000000001,7.8500000000000005,7.87,738,582250.0,0.0,0,7.98,0
20030929,1064764800000,7.82,7.82,7.61,7.640000000000001,618,475510.0,0.0,0,7.87,0
20030930,1064851200000,7.7,7.7,7.5200000000000005,7.65,937,715296.0,0.0,0,7.640000000000001,0
20031008,1065542400000,7.65,7.69,7.3100000000000005,7.69,621,467871.0,0.0,0,7.65,0
20031009,1065628800000,7.65,7.71,7.62,7.64,479,366866.0,0.0,0,7.69,0
20031010,1065715200000,7.6000000000000005,7.880000000000001,7.6000000000000005,7.840000000000001,1266,982382.0,0.0,0,7.640000000000001,0
20031013,1065974400000,7.84,7.9,7.71,7.8,958,749028.0,0.0,0,7.84,0
20031014,1066060800000,7.750000000000001,7.800000000000001,7.6000000000000005,7.630000000000001,394,304342.0,0.0,0,7.800000000000001,0
20031015,1066147200000,7.72,7.7299999999999995,7.63,7.6499999999999995,601,462064.99999999994,0.0,0,7.63,0
20031016,1066233600000,7.58,7.59,7.41,7.42,614,460362.00000000006,0.0,0,7.65,0
20031017,1066320000000,7.42,7.5,7.42,7.45,585,436348.0,0.0,0,7.42,0
20031020,1066579200000,7.45,7.45,7.33,7.35,310,229300.00000000003,0.0,0,7.45,0
20031021,1066665600000,7.3,7.3500000000000005,7.2,7.25,1183,858387.0,0.0,0,7.3500000000000005,0
20031022,1066752000000,7.46,7.4799999999999995,7.18,7.3999999999999995,1893,1389693.0,0.0,0,7.25,0
20031023,1066838400000,7.41,7.49,7.3,7.47,1504,1113854.0,0.0,0,7.3999999999999995,0
20031024,1066924800000,7.58,7.8,7.58,7.64,6367,4906485.0,0.0,0,7.47,0
20031027,1067184000000,7.6000000000000005,7.61,7.32,7.36,1626,1206059.0000000002,0.0,0,7.640000000000001,0
20031028,1067270400000,7.21,7.41,7.21,7.21,1407,1021204.0,0.0,0,7.36,0
20031029,1067356800000,7.22,7.35,7.05,7.1499999999999995,1578,1133130.0,0.0,0,7.21,0
20031030,1067443200000,7.02,7.25,6.84,6.85,1746,1207398.0000000002,0.0,0,7.1499999999999995,0
20031031,1067529600000,6.84,7.15,6.78,6.890000000000001,1474,1024702.0000000001,0.0,0,6.8500000000000005,0
20031103,1067788800000,6.82,6.95,6.82,6.92,1027,708996.0,0.0,0,6.890000000000001,0
20031104,1067875200000,7.0,7.61,6.92,7.61,5756,4265075.0,0.0,0,6.92,0
20031105,1067961600000,7.77,7.8999999999999995,7.68,7.68,16374,12745607.0,0.0,0,7.609999999999999,0
20031106,1068048000000,7.609999999999999,7.68,7.22,7.359999999999999,7656,5707147.0,0.0,0,7.68,0
20031107,1068134400000,7.3,7.49,7.3,7.45,4094,3012488.0,0.0,0,7.359999999999999,0
20031110,1068393600000,7.42,7.57,7.17,7.34,2068,1524373.0,0.0,0,7.45,0
20031111,1068480000000,7.27,7.3999999999999995,7.01,7.2,2282,1636794.0,0.0,0,7.34,0
20031112,1068566400000,7.18,7.68,7.13,7.62,7938,5953892.999999999,0.0,0,7.2,0
20031113,1068652800000,7.41,7.67,7.4,7.6000000000000005,3238,2445848.0,0.0,0,7.62,0
20031114,1068739200000,7.6000000000000005,7.9,7.44,7.78,10673,8241303.000000001,0.0,0,7.6000000000000005,0
20031117,1068998400000,7.78,7.82,7.6000000000000005,7.65,2453,1891921.0,0.0,0,7.78,0
20031118,1069084800000,7.7,7.7,7.5,7.62,1606,1216791.0,0.0,0,7.65,0
20031119,1069171200000,7.67,8.35,7.58,8.06,22986,18245164.0,0.0,0,7.62,0
20031120,1069257600000,8.06,8.37,7.8,8.3,29015,23530633.000000004,0.0,0,8.06,0
20031121,1069344000000,8.200000000000001,8.790000000000001,8.06,8.07,30165,25476441.000000004,0.0,0,8.3,0
20031124,1069603200000,8.02,8.6,8.02,8.57,26355,22055028.0,0.0,0,8.07,0
20031125,1069689600000,8.5,8.809999999999999,8.2,8.389999999999999,33838,28312143.999999996,0.0,0,8.569999999999999,0
20031126,1069776000000,8.290000000000001,8.39,8.08,8.23,7720,6313547.0,0.0,0,8.39,0
20031127,1069862400000,8.23,8.27,8.02,8.24,11375,9265248.0,0.0,0,8.23,0
20031128,1069948800000,8.229999999999999,8.5,8.2,8.379999999999999,16157,13503904.0,0.0,0,8.239999999999998,0
20031201,1070208000000,8.28,8.899999999999999,8.28,8.62,31475,27147133.0,0.0,0,8.379999999999999,0
20031202,1070294400000,8.62,8.62,8.36,8.41,10246,8625519.0,0.0,0,8.62,0
20031203,1070380800000,8.42,8.57,8.38,8.49,7376,6267709.0,0.0,0,8.41,0
20031204,1070467200000,8.5,8.5,8.3,8.39,7549,6315090.999999999,0.0,0,8.49,0
20031205,1070553600000,8.39,8.45,8.18,8.28,5074,4195701.000000001,0.0,0,8.39,0
20031208,1070812800000,8.25,8.3,8.13,8.14,2758,2271720.0,0.0,0,8.280000000000001,0
20031209,1070899200000,8.14,8.260000000000002,8.13,8.260000000000002,2121,1736042.0,0.0,0,8.14,0
20031210,1070985600000,8.239999999999998,8.33,8.2,8.33,4109,3393600.0000000005,0.0,0,8.26,0
20031211,1071072000000,8.360000000000001,8.360000000000001,8.14,8.17,4714,3863848.0,0.0,0,8.33,0
20031212,1071158400000,8.16,8.219999999999999,8.1,8.209999999999999,3921,3191712.0,0.0,0,8.17,0
20031215,1071417600000,8.2,8.27,8.18,8.24,1631,1340331.0,0.0,0,8.209999999999999,0
20031216,1071504000000,8.24,8.24,8.02,8.129999999999999,3364,2719477.0,0.0,0,8.24,0
20031217,1071590400000,8.06,8.16,7.9,7.94,2579,2079039.9999999998,0.0,0,8.13,0
20031218,1071676800000,7.9,8.05,7.75,8.02,9120,7201784.0,0.0,0,7.94,0
20031219,1071763200000,7.94,8.1,7.62,7.890000000000001,7907,6224299.000000001,0.0,0,8.02,0
20031222,1072022400000,7.82,8.28,7.3,8.1,11382,8673222.0,0.0,0,7.89,0
20031223,1072108800000,8.06,8.25,7.9,8.22,7676,6270625.0,0.0,0,8.1,0
20031224,1072195200000,8.229999999999999,8.58,8.2,8.34,17032,14287950.999999998,0.0,0,8.219999999999999,0
20031225,1072281600000,8.38,8.4,7.9,7.95,8341,6715049.0,0.0,0,8.34,0
20031226,1072368000000,8.01,8.01,7.74,7.82,6834,5326872.0,0.0,0,7.95,0
20031229,1072627200000,7.800000000000001,7.82,7.69,7.760000000000001,2409,1863893.0,0.0,0,7.82,0
20031230,1072713600000,7.670000000000001,7.840000000000001,7.6000000000000005,7.8100000000000005,11021,8446844.000000002,0.0,0,7.760000000000001,0
20031231,1072800000000,7.819999999999999,7.95,7.76,7.77,6617,5178626.0,0.0,0,7.81,0
20040102,1072972800000,7.7,7.800000000000001,7.65,7.71,2849,2197957.0,0.0,0,7.7700000000000005,0
20040105,1073232000000,7.7,7.7,7.48,7.57,5742,4343489.0,0.0,0,7.710000000000001,0
20040106,1073318400000,7.5,7.5200000000000005,7.29,7.32,7192,5316097.0,0.0,0,7.57,0
20040107,1073404800000,7.32,7.5,7.24,7.38,5746,4237645.0,0.0,0,7.32,0
20040108,1073491200000,7.48,7.67,7.41,7.6000000000000005,4111,3112019.0,0.0,0,7.38,0
20040109,1073577600000,7.6000000000000005,7.86,7.5200000000000005,7.5200000000000005,4975,3819866.0,0.0,0,7.6000000000000005,0
20040112,1073836800000,7.46,7.5200000000000005,7.33,7.41,2914,2154162.0,0.0,0,7.5200000000000005,0
20040113,1073923200000,7.5,7.65,7.42,7.62,5290,3994581.0,0.0,0,7.41,0
20040114,1074009600000,7.7,7.7,7.55,7.67,3759,2862194.0000000005,0.0,0,7.62,0
20040115,1074096000000,7.720000000000001,7.760000000000001,7.6000000000000005,7.73,5497,4229942.0,0.0,0,7.670000000000001,0
20040116,1074182400000,7.76,7.8,7.66,7.74,5445,4217534.0,0.0,0,7.73,0
20040129,1075305600000,7.78,7.95,7.71,7.91,7731,6071054.0,0.0,0,7.74,0
20040130,1075392000000,7.8500000000000005,8.100000000000001,7.8500000000000005,8.05,9709,7753423.000000001,0.0,0,7.91,0
20040202,1075651200000,8.1,8.18,7.92,8.17,9817,7953925.0,0.0,0,8.05,0
20040203,1075737600000,8.180000000000001,8.260000000000002,8.040000000000001,8.23,6751,5495596.0,0.0,0,8.170000000000002,0
20040204,1075824000000,8.260000000000002,8.3,8.13,8.280000000000001,8324,6851647.0,0.0,0,8.23,0
20040205,1075910400000,8.3,8.58,8.22,8.57,11029,9285663.0,0.0,0,8.280000000000001,0
20040206,1075996800000,8.55,8.55,8.21,8.22,7424,6216852.0,0.0,0,8.57,0
20040209,1076256000000,8.2,8.4,8.16,8.39,5271,4380344.0,0.0,0,8.22,0
20040210,1076342400000,8.450000000000001,8.57,8.3,8.530000000000001,9787,8238919.000000001,0.0,0,8.39,0
20040211,1076428800000,8.5,8.549999999999999,8.35,8.49,5990,5054256.0,0.0,0,8.53,0
20040212,1076515200000,8.52,8.74,8.48,8.67,9949,8580978.0,0.0,0,8.49,0
20040213,1076601600000,8.66,8.75,8.5,8.51,6781,5836016.0,0.0,0,8.67,0
20040216,1076860800000,8.59,8.860000000000001,8.48,8.85,11199,9766021.0,0.0,0,8.51,0
20040217,1076947200000,9.010000000000002,9.090000000000002,8.88,8.92,25034,22475781.0,0.0,0,8.850000000000001,0
20040218,1077033600000,8.9,8.98,8.85,8.95,8373,7459519.0,0.0,0,8.92,0
20040219,1077120000000,8.950000000000001,9.05,8.9,8.97,7095,6363667.0,0.0,0,8.950000000000001,0
20040220,1077206400000,8.98,8.98,8.8,8.9,6287,5562704.0,0.0,0,8.97,0
20040223,1077465600000,8.899999999999999,8.95,8.61,8.649999999999999,8289,7304423.0,0.0,0,8.899999999999999,0
20040224,1077552000000,8.56,8.58,8.21,8.340000000000002,7197,6018053.0,0.0,0,8.65,0
20040225,1077638400000,8.34,8.48,8.1,8.129999999999999,6088,5040445.0,0.0,0,8.34,0
20040226,1077724800000,8.1,8.18,7.98,8.16,6409,5166113.0,0.0,0,8.13,0
20040227,1077811200000,8.18,8.25,8.08,8.18,3422,2790708.0,0.0,0,8.16,0
20040301,1078070400000,8.2,8.32,8.16,8.31,3065,2527264.0000000005,0.0,0,8.18,0
20040302,1078156800000,8.25,8.35,8.2,8.319999999999999,3313,2739267.0,0.0,0,8.309999999999999,0
20040303,1078243200000,8.200000000000001,8.24,7.86,7.890000000000001,7941,6355820.0,0.0,0,8.32,0
20040304,1078329600000,7.890000000000001,7.890000000000001,7.69,7.880000000000001,8065,6260543.0,0.0,0,7.890000000000001,0
20040305,1078416000000,7.88,7.9799999999999995,7.84,7.87,4678,3705031.0000000005,0.0,0,7.88,0
20040308,1078675200000,7.98,7.98,7.7,7.78,3223,2524846.0,0.0,0,7.87,0
20040309,1078761600000,7.78,7.8100000000000005,7.62,7.62,2214,1717764.0,0.0,0,7.78,0
20040310,1078848000000,7.63,7.8,7.58,7.8,3386,2606595.0,0.0,0,7.62,0
20040311,1078934400000,7.8,8.08,7.8,7.9799999999999995,6812,5449069.0,0.0,0,7.8,0
20040312,1079020800000,7.99,8.0,7.8100000000000005,7.960000000000001,2513,1986737.0,0.0,0,7.98,0
20040315,1079280000000,7.96,8.06,7.91,8.02,4195,3355487.0,0.0,0,7.96,0
20040316,1079366400000,8.040000000000001,8.08,7.95,8.0,5247,4191937.9999999995,0.0,0,8.02,0
20040317,1079452800000,8.030000000000001,8.030000000000001,7.9,7.970000000000001,3413,2713485.0,0.0,0,8.0,0
20040318,1079539200000,7.96,8.0,7.78,7.79,3846,3042307.0,0.0,0,7.970000000000001,0
20040319,1079625600000,7.78,7.97,7.75,7.95,2853,2243338.0,0.0,0,7.79,0
20040322,1079884800000,8.0,8.25,8.0,8.21,8380,6830252.0,0.0,0,7.95,0
20040323,1079971200000,8.23,8.24,8.1,8.219999999999999,3319,2710581.0,0.0,0,8.209999999999999,0
20040324,1080057600000,8.219999999999999,8.25,8.1,8.19,3616,2954175.0000000005,0.0,0,8.219999999999999,0
20040325,1080144000000,8.11,8.200000000000001,8.07,8.1,2965,2408468.0,0.0,0,8.19,0
20040326,1080230400000,8.110000000000001,8.15,8.05,8.120000000000001,2758,2235564.0,0.0,0,8.100000000000001,0
20040329,1080489600000,8.12,8.16,8.0,8.02,2811,2272516.0,0.0,0,8.12,0
20040330,1080576000000,8.0,8.07,7.94,8.07,2551,2038550.0,0.0,0,8.02,0
20040331,1080662400000,8.03,8.19,8.01,8.18,4102,3331791.0000000005,0.0,0,8.07,0
20040401,1080748800000,8.23,8.32,8.15,8.32,5549,4570748.0,0.0,0,8.18,0
20040402,1080835200000,8.33,8.38,8.23,8.280000000000001,6809,5647981.0,0.0,0,8.32,0
20040405,1081094400000,8.29,8.52,8.28,8.469999999999999,8131,6824428.0,0.0,0,8.28,0
20040406,1081180800000,8.49,8.51,8.4,8.5,3945,3337831.0000000005,0.0,0,8.47,0
20040407,1081267200000,8.5,8.59,8.4,8.42,5105,4324019.000000001,0.0,0,8.5,0
20040408,1081353600000,8.42,8.42,8.42,8.42,0,0.0,0.0,0,8.42,1
20040409,1081440000000,8.45,8.459999999999999,8.03,8.059999999999999,6357,5219539.0,0.0,0,8.42,0
20040412,1081699200000,8.0,8.16,8.0,8.14,3476,2813432.9999999995,0.0,0,8.06,0
20040413,1081785600000,8.14,8.17,8.05,8.05,2606,2119155.0,0.0,0,8.14,0
20040414,1081872000000,8.03,8.03,7.7,7.87,5049,3976637.0,0.0,0,8.05,0
20040415,1081958400000,7.87,7.96,7.8,7.8,3145,2468148.0,0.0,0,7.87,0
20040416,1082044800000,7.880000000000001,7.880000000000001,7.6000000000000005,7.760000000000001,2557,1968038.0,0.0,0,7.800000000000001,0
20040419,1082304000000,7.78,7.8500000000000005,7.7,7.7700000000000005,1623,1264937.0,0.0,0,7.76,0
20040420,1082390400000,7.760000000000001,7.8500000000000005,7.73,7.840000000000001,1596,1243903.0000000002,0.0,0,7.7700000000000005,0
20040421,1082476800000,7.86,7.94,7.8100000000000005,7.87,2211,1737720.9999999998,0.0,0,7.840000000000001,0
20040422,1082563200000,7.92,8.030000000000001,7.82,7.95,3666,2914673.0000000005,0.0,0,7.87,0
20040423,1082649600000,7.93,8.0,7.63,7.63,2824,2187595.0000000005,0.0,0,7.95,0
20040426,1082908800000,7.5,7.68,7.42,7.5,2584,1939085.0,0.0,0,7.63,0
20040427,1082995200000,7.51,7.6,7.43,7.4799999999999995,1512,1131848.0,0.0,0,7.5,0
20040428,1083081600000,7.4,7.550000000000001,7.390000000000001,7.540000000000001,1883,1405564.0,0.0,0,7.48,0
20040429,1083168000000,7.590000000000001,7.590000000000001,7.4,7.42,1664,1241384.0,0.0,0,7.54,0
20040430,1083254400000,7.57,7.57,7.2700000000000005,7.37,1098,809794.0000000001,0.0,0,7.420000000000001,0
20040510,1084118400000,7.3500000000000005,7.4,7.28,7.28,894,656474.0,0.0,0,7.37,0
20040511,1084204800000,7.28,7.28,7.0600000000000005,7.16,1644,1174707.0,0.0,0,7.28,0
20040512,1084291200000,7.15,7.4,7.15,7.390000000000001,1732,1260018.0,0.0,0,7.16,0
20040513,1084377600000,7.38,7.45,7.24,7.3500000000000005,881,646672.0,0.0,0,7.390000000000001,0
20040514,1084464000000,7.3500000000000005,7.42,7.11,7.16,1828,1315858.0,0.0,0,7.3500000000000005,0
20040517,1084723200000,7.23,7.23,7.15,7.180000000000001,924,664862.0000000001,0.0,0,7.16,0
20040518,1084809600000,7.18,7.39,7.17,7.31,999,724621.0,0.0,0,7.18,0
20040519,1084896000000,7.3500000000000005,7.42,7.28,7.36,1373,1012681.0,0.0,0,7.3100000000000005,0
20040520,1084982400000,7.36,7.4,7.21,7.25,1133,825111.0,0.0,0,7.36,0
20040521,1085068800000,7.2,7.38,7.2,7.29,662,481302.0,0.0,0,7.25,0
20040524,1085328000000,7.25,7.3500000000000005,7.2,7.21,587,424621.0,0.0,0,7.29,0
20040525,1085414400000,7.29,7.45,6.99,7.05,1768,1260052.0,0.0,0,7.21,0
20040526,1085500800000,7.0,7.09,6.88,7.01,696,488209.0,0.0,0,7.05,0
20040527,1085587200000,6.98,7.19,6.98,7.140000000000001,1150,819966.0,0.0,0,7.010000000000001,0
20040528,1085673600000,7.14,7.22,7.13,7.22,1382,989185.0000000001,0.0,0,7.14,0
20040531,1085932800000,7.15,7.220000000000001,7.15,7.17,493,354138.0,0.0,0,7.220000000000001,0
20040601,1086019200000,7.22,7.3,7.18,7.279999999999999,1490,1080928.0000000002,0.0,0,7.17,0
20040602,1086105600000,7.28,7.31,7.21,7.29,1779,1292385.0,0.0,0,7.28,0
20040603,1086192000000,7.32,7.33,7.11,7.17,3130,2256324.0,0.0,0,7.29,0
20040604,1086278400000,7.1,7.22,7.09,7.17,1723,1229160.0,0.0,0,7.1,0
20040607,1086537600000,7.260000000000001,7.260000000000001,7.11,7.220000000000001,1713,1227669.9999999998,0.0,0,7.17,0
20040608,1086624000000,7.23,7.5,7.23,7.48,18671,13802435.000000002,0.0,0,7.220000000000001,0
20040609,1086710400000,7.42,7.5,7.29,7.42,6011,4440305.0,0.0,0,7.48,0
20040610,1086796800000,7.390000000000001,7.79,7.28,7.65,12138,9235409.0,0.0,0,7.42,0
20040611,1086883200000,7.680000000000001,7.8500000000000005,7.6000000000000005,7.840000000000001,16181,12524489.000000002,0.0,0,7.65,0
20040614,1087142400000,7.81,7.84,7.55,7.64,10059,7738363.0,0.0,0,7.84,0
20040615,1087228800000,7.640000000000001,7.8500000000000005,7.45,7.83,9346,7171124.000000001,0.0,0,7.640000000000001,0
20040616,1087315200000,7.82,7.92,7.66,7.72,9654,7540744.0,0.0,0,7.83,0
20040617,1087401600000,7.720000000000001,7.720000000000001,7.3500000000000005,7.36,8977,6722516.0,0.0,0,7.720000000000001,0
20040618,1087488000000,7.35,7.4,6.63,6.7299999999999995,11717,8111135.0,0.0,0,7.359999999999999,0
20040621,1087747200000,6.6000000000000005,6.71,6.45,6.71,5209,3421366.0000000005,0.0,0,6.73,0
20040622,1087833600000,6.62,6.75,6.61,6.7,4265,2848203.0,0.0,0,6.71,0
20040623,1087920000000,6.68,6.73,6.5,6.59,2418,1585321.0,0.0,0,6.7,0
20040624,1088006400000,6.62,6.62,6.34,6.35,4898,3162003.0000000005,0.0,0,6.59,0
20040625,1088092800000,6.35,6.36,6.0,6.04,4839,2989839.0,0.0,0,6.35,0
20040628,1088352000000,6.010000000000001,6.180000000000001,5.98,6.1000000000000005,2757,1675945.0,0.0,0,6.04,0
20040629,1088438400000,6.08,6.14,5.79,6.04,2340,1399451.0000000002,0.0,0,6.1,0
20040630,1088524800000,6.05,6.1,5.88,5.8999999999999995,1406,839379.0,0.0,0,6.04,0
20040701,1088611200000,5.89,6.199999999999999,5.89,6.18,2817,1717535.0000000002,0.0,0,5.8999999999999995,0
20040702,1088697600000,6.18,6.2,6.01,6.109999999999999,1346,822970.0000000001,0.0,0,6.18,0
20040705,1088956800000,6.11,6.11,6.0,6.05,1119,675299.0,0.0,0,6.11,0
20040706,1089043200000,6.05,6.1899999999999995,6.05,6.14,2215,1360254.0000000002,0.0,0,6.05,0
20040707,1089129600000,6.14,6.2,6.08,6.09,1119,686729.9999999999,0.0,0,6.14,0
20040708,1089216000000,6.050000000000001,6.1000000000000005,5.98,6.010000000000001,1508,908422.0,0.0,0,6.090000000000001,0
20040709,1089302400000,6.02,6.1,6.01,6.02,541,327243.0,0.0,0,6.01,0
20040712,1089561600000,5.99,5.99,5.71,5.72,1441,838167.0,0.0,0,6.02,0
20040713,1089648000000,5.720000000000001,5.720000000000001,5.48,5.550000000000001,1921,1069864.0,0.0,0,5.720000000000001,0
20040714,1089734400000,5.6000000000000005,5.61,5.4,5.53,1474,812533.0,0.0,0,5.550000000000001,0
20040715,1089820800000,5.52,5.7,5.5,5.7,2074,1161158.0000000002,0.0,0,5.53,0
20040716,1089907200000,5.7,5.85,5.63,5.82,3216,1853037.0000000002,0.0,0,5.7,0
20040719,1090166400000,5.82,5.82,5.7,5.79,1717,987849.0000000001,0.0,0,5.82,0
20040720,1090252800000,5.76,5.84,5.72,5.8,1854,1070701.0,0.0,0,5.79,0
20040721,1090339200000,5.790000000000001,5.790000000000001,5.6000000000000005,5.69,867,493245.0,0.0,0,5.800000000000001,0
20040722,1090425600000,5.61,5.65,5.5,5.5,1692,944064.0000000001,0.0,0,5.69,0
20040723,1090512000000,5.5,5.5600000000000005,5.45,5.55,1247,686840.0,0.0,0,5.5,0
20040726,1090771200000,5.65,5.65,5.44,5.48,536,294621.0,0.0,0,5.550000000000001,0
20040727,1090857600000,5.500000000000001,5.500000000000001,5.3500000000000005,5.36,1510,816246.0,0.0,0,5.48,0
20040728,1090944000000,5.45,5.45,5.34,5.39,965,519793.0,0.0,0,5.359999999999999,0
20040729,1091030400000,5.5600000000000005,5.5600000000000005,5.33,5.5,856,468013.0,0.0,0,5.39,0
20040730,1091116800000,5.51,5.54,5.43,5.449999999999999,855,469129.0,0.0,0,5.5,0
20040802,1091376000000,5.45,5.45,5.33,5.34,643,344242.0,0.0,0,5.45,0
20040803,1091462400000,5.39,5.43,5.34,5.43,558,299720.0,0.0,0,5.34,0
20040804,1091548800000,5.430000000000001,5.65,5.4,5.6000000000000005,2513,1400153.9999999998,0.0,0,5.430000000000001,0
20040805,1091635200000,5.6,5.6,5.5,5.53,832,461388.00000000006,0.0,0,5.6,0
20040806,1091721600000,5.4799999999999995,5.59,5.39,5.489999999999999,1175,641456.0,0.0,0,5.529999999999999,0
20040809,1091980800000,5.5,5.56,5.38,5.55,1172,642489.0,0.0,0,5.49,0
20040810,1092067200000,5.41,5.57,5.41,5.54,606,333147.0,0.0,0,5.55,0
20040811,1092153600000,5.5,5.5200000000000005,5.4,5.4,702,381477.0,0.0,0,5.54,0
20040812,1092240000000,5.39,5.41,5.25,5.3,1015,539234.0,0.0,0,5.4,0
20040813,1092326400000,5.29,5.33,5.24,5.28,596,314706.0,0.0,0,5.3,0
20040816,1092585600000,5.210000000000001,5.32,5.0600000000000005,5.08,895,459506.00000000006,0.0,0,5.28,0
20040817,1092672000000,5.0,5.16,5.0,5.14,690,353304.0,0.0,0,5.08,0
20040818,1092758400000,5.09,5.1499999999999995,5.05,5.06,470,239512.0,0.0,0,5.14,0
20040819,1092844800000,5.0200000000000005,5.12,4.95,4.96,762,381937.0,0.0,0,5.0600000000000005,0
20040820,1092931200000,4.96,5.0,4.76,4.97,1108,543391.0000000001,0.0,0,4.96,0
20040823,1093190400000,4.97,4.97,4.8,4.84,1097,531963.0000000001,0.0,0,4.97,0
20040824,1093276800000,4.84,5.06,4.84,5.04,1836,917561.0,0.0,0,4.84,0
20040825,1093363200000,5.03,5.1000000000000005,4.99,5.01,784,394791.0,0.0,0,5.04,0
20040826,1093449600000,5.01,5.04,4.92,4.92,697,345909.0,0.0,0,5.01,0
20040827,1093536000000,4.92,4.98,4.86,4.86,582,284687.0,0.0,0,4.92,0
20040830,1093795200000,4.86,4.97,4.79,4.97,821,400152.0,0.0,0,4.86,0
20040831,1093881600000,5.0,5.25,5.0,5.04,1517,771827.0,0.0,0,4.97,0
20040901,1093968000000,5.0,5.05,4.97,5.0,534,267139.99999999994,0.0,0,5.04,0
20040902,1094054400000,5.0,5.1,4.92,5.08,1100,551932.0,0.0,0,5.0,0
20040903,1094140800000,5.02,5.13,5.01,5.12,1266,645314.0,0.0,0,5.08,0
20040906,1094400000000,5.12,5.12,5.05,5.1,717,364502.0,0.0,0,5.12,0
20040907,1094486400000,5.03,5.1000000000000005,5.03,5.08,863,435538.0,0.0,0,5.1000000000000005,0
20040908,1094572800000,5.05,5.1000000000000005,5.03,5.09,556,281234.00000000006,0.0,0,5.08,0
20040909,1094659200000,5.08,5.08,4.88,4.91,1007,496882.0,0.0,0,5.09,0
20040910,1094745600000,4.9,4.96,4.83,4.95,715,349389.0,0.0,0,4.91,0
20040913,1095004800000,4.9,4.91,4.78,4.79,1071,516890.0,0.0,0,4.95,0
20040914,1095091200000,4.8500000000000005,4.99,4.8500000000000005,4.960000000000001,1461,723099.0,0.0,0,4.790000000000001,0
20040915,1095177600000,4.99,5.33,4.96,5.22,5545,2895148.0000000005,0.0,0,4.96,0
20040916,1095264000000,5.25,5.74,5.22,5.74,21675,12322248.0,0.0,0,5.22,0
20040917,1095350400000,5.74,5.74,5.74,5.74,0,0.0,0.0,0,5.74,1
20040920,1095609600000,6.0,6.15,5.79,6.1,26040,15513445.999999998,0.0,0,5.74,0
20040921,1095696000000,6.1,6.1,5.8,5.93,13067,7736344.000000001,0.0,0,6.1,0
20040922,1095782400000,5.9,5.93,5.75,5.77,8036,4690015.0,0.0,0,5.93,0
20040923,1095868800000,5.78,5.98,5.65,5.95,4672,2697775.0,0.0,0,5.7700000000000005,0
20040924,1095955200000,5.8999999999999995,6.0,5.55,5.59,6767,3948324.0,0.0,0,5.95,0
20040927,1096214400000,5.65,5.79,5.5,5.54,2748,1543641.0,0.0,0,5.59,0
20040928,1096300800000,5.6000000000000005,5.670000000000001,5.48,5.58,1808,1004587.0000000001,0.0,0,5.54,0
20040929,1096387200000,5.590000000000001,5.590000000000001,5.44,5.470000000000001,1779,977017.9999999999,0.0,0,5.58,0
20040930,1096473600000,5.41,5.45,5.2700000000000005,5.28,2268,1219237.0,0.0,0,5.470000000000001,0
20041008,1097164800000,5.3500000000000005,5.49,5.16,5.48,2146,1140571.0,0.0,0,5.28,0
20041011,1097424000000,5.6000000000000005,5.6000000000000005,5.37,5.42,3307,1801156.0,0.0,0,5.48,0
20041012,1097510400000,5.359999999999999,5.45,5.3,5.33,1893,1013683.0,0.0,0,5.42,0
20041013,1097596800000,5.33,5.35,5.21,5.3,2390,1260144.0000000002,0.0,0,5.33,0
20041014,1097683200000,5.25,5.25,4.93,4.97,2930,1488745.0,0.0,0,5.3,0
20041015,1097769600000,4.949999999999999,5.02,4.93,4.9399999999999995,1451,721294.0,0.0,0,4.97,0
20041018,1098028800000,5.000000000000001,5.0200000000000005,4.8500000000000005,4.91,1991,976654.0,0.0,0,4.94,0
20041019,1098115200000,5.090000000000001,5.12,4.98,5.0200000000000005,2408,1214634.0,0.0,0,4.91,0
20041020,1098201600000,5.02,5.03,4.88,4.92,1240,614754.0,0.0,0,5.02,0
20041021,1098288000000,4.949999999999999,4.97,4.64,4.6899999999999995,2383,1136311.0,0.0,0,4.92,0
20041022,1098374400000,4.64,4.86,4.42,4.85,4021,1855816.0000000002,0.0,0,4.6899999999999995,0
20041025,1098633600000,5.050000000000001,5.140000000000001,4.8500000000000005,4.87,6467,3239840.0,0.0,0,4.8500000000000005,0
20041026,1098720000000,4.800000000000001,4.94,4.65,4.930000000000001,1070,512001.00000000006,0.0,0,4.87,0
20041027,1098806400000,4.92,5.04,4.83,5.04,1669,822551.0000000001,0.0,0,4.93,0
20041028,1098892800000,5.08,5.13,4.91,4.93,2108,1053297.0,0.0,0,5.04,0
20041029,1098979200000,4.8,4.9,4.79,4.8,1770,854820.0,0.0,0,4.93,0
20041101,1099238400000,4.8,4.8,4.72,4.75,806,383203.0,0.0,0,4.8,0
20041102,1099324800000,4.7299999999999995,4.75,4.68,4.699999999999999,736,346399.0,0.0,0,4.75,0
20041103,1099411200000,4.87,4.9,4.75,4.8,708,339747.0,0.0,0,4.7,0
20041104,1099497600000,4.8,4.859999999999999,4.68,4.699999999999999,1198,571626.0000000001,0.0,0,4.8,0
20041105,1099584000000,4.75,4.8,4.7,4.72,691,328270.0,0.0,0,4.7,0
20041108,1099843200000,4.680000000000001,4.73,4.6000000000000005,4.670000000000001,1151,536842.0,0.0,0,4.720000000000001,0
20041109,1099929600000,4.67,4.78,4.67,4.72,669,316133.0,0.0,0,4.67,0
20041110,1100016000000,4.75,4.949999999999999,4.68,4.9399999999999995,2766,1342925.0,0.0,0,4.72,0
20041111,1100102400000,4.92,5.090000000000001,4.9,4.9,3192,1589973.0,0.0,0,4.94,0
20041112,1100188800000,4.859999999999999,4.95,4.84,4.92,1334,654204.0,0.0,0,4.8999999999999995,0
20041115,1100448000000,4.92,5.07,4.92,5.05,2329,1164368.0,0.0,0,4.92,0
20041116,1100534400000,5.05,5.08,4.95,4.97,1625,808877.0,0.0,0,5.05,0
20041117,1100620800000,4.930000000000001,4.99,4.86,4.87,1017,500848.0,0.0,0,4.970000000000001,0
20041118,1100707200000,4.88,5.0,4.87,5.0,1103,545745.0,0.0,0,4.87,0
20041119,1100793600000,5.03,5.12,4.94,5.12,3706,1878140.0000000002,0.0,0,5.0,0
20041122,1101052800000,5.11,5.180000000000001,5.0600000000000005,5.16,2597,1332104.0,0.0,0,5.12,0
20041123,1101139200000,5.15,5.300000000000001,5.1000000000000005,5.28,6021,3144282.0,0.0,0,5.16,0
20041124,1101225600000,5.28,5.340000000000001,5.1000000000000005,5.1000000000000005,3490,1814841.0,0.0,0,5.28,0
20041125,1101312000000,5.1,5.1,4.96,5.0,1966,985828.0,0.0,0,5.1,0
20041126,1101398400000,4.97,5.1,4.97,5.06,980,494247.0,0.0,0,5.0,0
20041129,1101657600000,5.17,5.17,4.97,4.97,1057,532112.0000000001,0.0,0,5.06,0
20041130,1101744000000,4.9799999999999995,5.01,4.93,5.0,935,465295.99999999994,0.0,0,4.97,0
20041201,1101830400000,4.99,4.99,4.94,4.95,988,489457.0,0.0,0,5.0,0
20041202,1101916800000,4.92,5.05,4.88,5.05,1877,935293.0,0.0,0,4.95,0
20041203,1102003200000,5.01,5.16,5.0,5.15,2639,1344966.0,0.0,0,5.05,0
20041206,1102262400000,5.16,5.23,5.1000000000000005,5.19,2034,1050522.0,0.0,0,5.15,0
20041207,1102348800000,5.170000000000001,5.170000000000001,5.0200000000000005,5.03,1604,816063.0,0.0,0,5.19,0
20041208,1102435200000,5.1,5.17,5.04,5.1,2182,1114862.0,0.0,0,5.03,0
20041209,1102521600000,5.08,5.300000000000001,5.07,5.24,4156,2165649.0,0.0,0,5.1000000000000005,0
20041210,1102608000000,5.279999999999999,5.34,5.14,5.14,8821,4642869.000000001,0.0,0,5.239999999999999,0
20041213,1102867200000,5.1000000000000005,5.11,4.95,5.01,2060,1033102.0000000001,0.0,0,5.140000000000001,0
20041214,1102953600000,4.9799999999999995,5.069999999999999,4.93,4.9399999999999995,1308,653853.0,0.0,0,5.01,0
20041215,1103040000000,4.95,5.000000000000001,4.8100000000000005,4.94,1565,767831.0000000001,0.0,0,4.94,0
20041216,1103126400000,4.890000000000001,4.970000000000001,4.86,4.87,1116,545372.0,0.0,0,4.94,0
20041217,1103212800000,4.87,4.890000000000001,4.82,4.86,614,297269.00000000006,0.0,0,4.87,0
20041220,1103472000000,4.71,4.8,4.71,4.8,538,256018.0,0.0,0,4.86,0
20041221,1103558400000,4.7299999999999995,4.83,4.71,4.8,595,283797.0,0.0,0,4.8,0
20041222,1103644800000,4.83,4.95,4.8,4.9399999999999995,1024,499679.0,0.0,0,4.8,0
20041223,1103731200000,4.960000000000001,4.960000000000001,4.73,4.760000000000001,1728,831123.0,0.0,0,4.94,0
20041224,1103817600000,4.77,4.82,4.71,4.78,871,413885.0,0.0,0,4.76,0
20041227,1104076800000,4.8,4.819999999999999,4.76,4.779999999999999,169,81058.0,0.0,0,4.779999999999999,0
20041228,1104163200000,4.79,4.79,4.71,4.71,551,260863.0,0.0,0,4.78,0
20041229,1104249600000,4.6899999999999995,4.72,4.67,4.67,1238,580750.0,0.0,0,4.71,0
20041230,1104336000000,4.63,4.68,4.63,4.6499999999999995,435,202842.00000000003,0.0,0,4.67,0
20041231,1104422400000,4.65,4.76,4.54,4.58,723,332570.0,0.0,0,4.65,0
20050104,1104768000000,4.5600000000000005,4.5600000000000005,4.49,4.5,950,429706.0,0.0,0,4.58,0
20050105,1104854400000,4.5,4.63,4.5,4.6,728,332847.0,0.0,0,4.5,0
20050106,1104940800000,4.58,4.6000000000000005,4.53,4.54,634,290594.99999999994,0.0,0,4.6000000000000005,0
20050107,1105027200000,4.5600000000000005,4.630000000000001,4.48,4.57,513,233587.99999999997,0.0,0,4.54,0
20050110,1105286400000,4.59,4.66,4.57,4.66,695,321679.0,0.0,0,4.57,0
20050111,1105372800000,4.65,4.720000000000001,4.65,4.720000000000001,404,189363.0,0.0,0,4.66,0
20050112,1105459200000,4.72,4.72,4.62,4.67,394,184010.0,0.0,0,4.72,0
20050113,1105545600000,4.65,4.69,4.53,4.61,566,262183.0,0.0,0,4.67,0
20050114,1105632000000,4.61,4.680000000000001,4.61,4.62,452,210398.00000000003,0.0,0,4.61,0
20050117,1105891200000,4.58,4.58,4.46,4.5,838,377934.00000000006,0.0,0,4.62,0
20050118,1105977600000,4.51,4.6,4.5,4.54,851,386226.0,0.0,0,4.5,0
20050119,1106064000000,4.59,4.63,4.53,4.58,629,288574.0,0.0,0,4.54,0
20050120,1106150400000,4.529999999999999,4.6499999999999995,4.47,4.4799999999999995,759,345382.0,0.0,0,4.58,0
20050121,1106236800000,4.5600000000000005,4.7,4.48,4.65,1207,556573.0,0.0,0,4.48,0
20050124,1106496000000,4.78,4.83,4.7,4.75,1276,605786.0,0.0,0,4.65,0
20050125,1106582400000,4.75,4.75,4.63,4.7299999999999995,609,284981.0,0.0,0,4.75,0
20050126,1106668800000,4.67,4.720000000000001,4.65,4.65,551,257612.99999999997,0.0,0,4.73,0
20050127,1106755200000,4.65,4.78,4.65,4.69,1578,741468.0,0.0,0,4.65,0
20050128,1106841600000,4.69,4.69,4.48,4.510000000000001,1648,746842.0,0.0,0,4.69,0
20050131,1107100800000,4.430000000000001,4.430000000000001,4.11,4.23,1130,484207.00000000006,0.0,0,4.510000000000001,0
20050201,1107187200000,4.22,4.279999999999999,4.1,4.119999999999999,1096,458663.00000000006,0.0,0,4.2299999999999995,0
20050202,1107273600000,4.15,4.430000000000001,4.15,4.390000000000001,1506,652978.0,0.0,0,4.12,0
20050203,1107360000000,4.39,4.47,4.3,4.319999999999999,1480,647432.0,0.0,0,4.39,0
20050204,1107446400000,4.33,4.43,4.3,4.38,982,428472.0,0.0,0,4.319999999999999,0
20050216,1108483200000,4.45,4.57,4.4,4.45,701,314943.99999999994,0.0,0,4.380000000000001,0
20050217,1108569600000,4.41,4.5200000000000005,4.41,4.46,359,159881.0,0.0,0,4.45,0
20050218,1108656000000,4.53,4.65,4.45,4.45,820,373393.99999999994,0.0,0,4.46,0
20050221,1108915200000,4.45,4.5600000000000005,4.45,4.55,467,210756.0,0.0,0,4.45,0
20050222,1109001600000,4.51,4.63,4.49,4.62,2054,939947.0,0.0,0,4.55,0
20050223,1109088000000,4.6,4.7,4.58,4.67,1618,748152.0,0.0,0,4.62,0
20050224,1109174400000,4.65,4.73,4.6000000000000005,4.720000000000001,2281,1069115.0,0.0,0,4.670000000000001,0
20050225,1109260800000,4.75,4.75,4.65,4.65,2405,1126041.0,0.0,0,4.720000000000001,0
20050228,1109520000000,4.62,4.640000000000001,4.53,4.59,1435,661633.0,0.0,0,4.65,0
20050301,1109606400000,4.54,4.69,4.54,4.64,1654,768795.0,0.0,0,4.59,0
20050302,1109692800000,4.53,4.58,4.4,4.48,6990,3140221.0,0.0,0,4.640000000000001,0
20050303,1109779200000,4.44,4.930000000000001,4.4,4.930000000000001,27216,13223510.000000002,0.0,0,4.48,0
20050304,1109865600000,4.88,4.88,4.66,4.76,17056,8146257.0,0.0,0,4.93,0
20050307,1110124800000,4.7,4.79,4.61,4.67,5473,2569028.0,0.0,0,4.760000000000001,0
20050308,1110211200000,4.66,4.83,4.65,4.82,7095,3365570.0,0.0,0,4.67,0
20050309,1110297600000,4.81,4.85,4.72,4.779999999999999,5075,2426550.0,0.0,0,4.819999999999999,0
20050310,1110384000000,4.75,4.78,4.62,4.68,3014,1422669.0,0.0,0,4.78,0
20050311,1110470400000,4.67,4.7,4.57,4.63,3137,1455089.0,0.0,0,4.680000000000001,0
20050314,1110729600000,4.6000000000000005,4.6000000000000005,4.44,4.470000000000001,4374,1965962.0,0.0,0,4.630000000000001,0
20050315,1110816000000,4.47,4.52,4.38,4.39,3016,1338025.0,0.0,0,4.47,0
20050316,1110902400000,4.4,4.5200000000000005,4.36,4.41,2246,998223.0,0.0,0,4.390000000000001,0
20050317,1110988800000,4.3999999999999995,4.45,4.3,4.31,2171,944475.0000000001,0.0,0,4.41,0
20050318,1111075200000,4.29,4.34,4.2,4.21,2082,885363.0,0.0,0,4.3100000000000005,0
20050321,1111334400000,4.199999999999999,4.22,4.1,4.18,1946,810201.0,0.0,0,4.21,0
20050322,1111420800000,4.18,4.19,3.98,4.03,2352,956172.0,0.0,0,4.18,0
20050323,1111507200000,4.03,4.09,3.86,4.02,2393,954255.0,0.0,0,4.03,0
20050324,1111593600000,4.04,4.08,3.95,4.08,1146,460199.00000000006,0.0,0,4.0200000000000005,0
20050325,1111680000000,4.09,4.09,4.0,4.06,1029,415771.0,0.0,0,4.08,0
20050328,1111939200000,4.0600000000000005,4.0600000000000005,3.89,4.0200000000000005,614,243971.00000000003,0.0,0,4.0600000000000005,0
20050329,1112025600000,3.94,4.07,3.94,4.04,873,351064.00000000006,0.0,0,4.02,0
20050330,1112112000000,3.9699999999999998,4.02,3.88,3.9099999999999997,1280,502843.0,0.0,0,4.04,0
20050331,1112198400000,3.85,3.9400000000000004,3.7800000000000002,3.9400000000000004,2294,885956.0000000001,0.0,0,3.91,0
20050401,1112284800000,3.94,4.18,3.91,4.0600000000000005,4256,1711623.0,0.0,0,3.94,0
20050404,1112544000000,4.09,4.15,4.0,4.06,12860,5252296.0,0.0,0,4.06,0
20050405,1112630400000,4.07,4.07,3.86,3.92,3210,1263570.0000000002,0.0,0,4.06,0
20050406,1112716800000,3.91,3.97,3.8200000000000003,3.93,3122,1219779.0000000002,0.0,0,3.9200000000000004,0
20050407,1112803200000,3.98,4.12,3.9,4.04,8163,3299270.0,0.0,0,3.9299999999999997,0
20050408,1112889600000,4.03,4.1,3.96,4.09,3234,1303690.0,0.0,0,4.04,0
20050411,1113148800000,4.12,4.12,4.01,4.069999999999999,3601,1458409.0,0.0,0,4.09,0
20050412,1113235200000,4.0600000000000005,4.07,3.93,3.95,2013,805668.0,0.0,0,4.07,0
20050413,1113321600000,3.97,4.15,3.97,4.12,4477,1826662.0,0.0,0,3.95,0
20050414,1113408000000,4.13,4.13,4.01,4.02,3605,1465970.0000000002,0.0,0,4.12,0
20050415,1113494400000,3.9600000000000004,4.0,3.8200000000000003,3.8400000000000003,4451,1725451.0,0.0,0,4.0200000000000005,0
20050418,1113753600000,3.8400000000000003,3.85,3.5500000000000003,3.6500000000000004,3840,1405879.0,0.0,0,3.8400000000000003,0
20050419,1113840000000,3.65,3.73,3.62,3.68,1460,533855.0,0.0,0,3.65,0
20050420,1113926400000,3.66,3.66,3.56,3.59,1635,589605.0000000001,0.0,0,3.68,0
20050421,1114012800000,3.58,3.64,3.37,3.45,2337,815676.0,0.0,0,3.5900000000000003,0
20050422,1114099200000,3.45,3.48,3.37,3.42,1781,607616.9999999999,0.0,0,3.45,0
20050425,1114358400000,3.39,3.39,3.12,3.21,1983,646779.0,0.0,0,3.42,0
20050426,1114444800000,3.21,3.21,3.21,3.21,0,0.0,0.0,0,3.21,1
20050427,1114531200000,3.32,3.5300000000000002,3.25,3.34,6999,2383929.9999999995,0.0,0,3.21,0
20050428,1114617600000,3.33,3.47,3.14,3.41,3963,1321322.0,0.0,0,3.3400000000000003,0
20050429,1114704000000,3.31,3.37,3.2800000000000002,3.3200000000000003,2074,690518.0,0.0,0,3.41,0
20050509,1115568000000,3.38,3.38,3.1,3.15,1552,499667.99999999994,0.0,0,3.3200000000000003,0
20050510,1115654400000,3.12,3.2,3.0500000000000003,3.1700000000000004,1875,587634.0,0.0,0,3.1500000000000004,0
20050511,1115740800000,3.1799999999999997,3.2199999999999998,3.15,3.17,1322,419995.0,0.0,0,3.17,0
20050512,1115827200000,3.18,3.22,3.12,3.17,1147,363614.00000000006,0.0,0,3.17,0
20050513,1115913600000,3.2,3.3200000000000003,3.18,3.31,2608,847990.0000000001,0.0,0,3.1700000000000004,0
20050516,1116172800000,3.29,3.32,3.25,3.31,1406,464321.0,0.0,0,3.31,0
20050517,1116259200000,3.3000000000000003,3.3800000000000003,3.3000000000000003,3.33,1567,524157.0,0.0,0,3.31,0
20050518,1116345600000,3.31,3.36,3.29,3.36,760,253512.0,0.0,0,3.33,0
20050519,1116432000000,3.39,3.39,3.3000000000000003,3.37,1745,583149.0,0.0,0,3.3600000000000003,0
20050520,1116518400000,3.31,3.37,3.31,3.32,1080,360537.0,0.0,0,3.37,0
20050523,1116777600000,3.38,3.38,3.19,3.21,1030,333134.0,0.0,0,3.32,0
20050524,1116864000000,3.13,3.32,3.13,3.3,1068,347453.0,0.0,0,3.21,0
20050525,1116950400000,3.29,3.45,3.29,3.35,2646,894319.0,0.0,0,3.3,0
20050526,1117036800000,3.32,3.36,3.31,3.35,1172,390179.00000000006,0.0,0,3.35,0
20050527,1117123200000,3.29,3.43,3.29,3.35,1840,622094.0000000001,0.0,0,3.35,0
20050530,1117382400000,3.34,3.44,3.34,3.42,1971,670521.0,0.0,0,3.3499999999999996,0
20050531,1117468800000,3.7600000000000002,3.7600000000000002,3.6,3.63,41339,15393969.0,0.0,0,3.42,0
20050601,1117555200000,3.5300000000000002,3.5300000000000002,3.35,3.42,14785,5082124.999999999,0.0,0,3.63,0
20050602,1117641600000,3.36,3.44,3.35,3.4,3691,1253416.0000000002,0.0,0,3.42,0
20050603,1117728000000,3.37,3.4200000000000004,3.2600000000000002,3.3400000000000003,5777,1935885.0000000002,0.0,0,3.4000000000000004,0
20050606,1117987200000,3.35,3.3600000000000003,3.22,3.3400000000000003,5083,1674420.9999999998,0.0,0,3.3400000000000003,0
20050607,1118073600000,3.37,3.4000000000000004,3.3000000000000003,3.3800000000000003,9402,3148616.0,0.0,0,3.3400000000000003,0
20050608,1118160000000,3.38,3.66,3.35,3.6100000000000003,74431,26040598.000000004,0.0,0,3.38,0
20050609,1118246400000,3.5700000000000003,3.64,3.5100000000000002,3.5900000000000003,31306,11144269.0,0.0,0,3.6100000000000003,0
20050610,1118332800000,3.58,3.6,3.46,3.4699999999999998,15638,5511250.0,0.0,0,3.59,0
20050613,1118592000000,3.54,3.59,3.46,3.54,14993,5304107.0,0.0,0,3.4699999999999998,0
20050614,1118678400000,3.56,3.5700000000000003,3.45,3.46,9372,3290985.0,0.0,0,3.54,0
20050615,1118764800000,3.43,3.4800000000000004,3.3200000000000003,3.35,8063,2721126.9999999995,0.0,0,3.4600000000000004,0
20050616,1118851200000,3.35,3.38,3.25,3.36,6052,2008823.0,0.0,0,3.35,0
20050617,1118937600000,3.33,3.33,3.2600000000000002,3.2800000000000002,3889,1276145.0,0.0,0,3.2800000000000002,0
20050620,1119196800000,3.2399999999999998,3.35,3.17,3.34,8361,2730044.0,0.0,0,3.28,0
20050621,1119283200000,3.3400000000000003,3.3400000000000003,3.2600000000000002,3.3000000000000003,4169,1374047.0,0.0,0,3.3400000000000003,0
20050622,1119369600000,3.29,3.39,3.2800000000000002,3.3800000000000003,6017,2009387.0000000002,0.0,0,3.3000000000000003,0
20050623,1119456000000,3.37,3.41,3.31,3.33,5874,1976356.0,0.0,0,3.38,0
20050624,1119542400000,3.33,3.34,3.27,3.32,3264,1077311.0,0.0,0,3.33,0
20050627,1119801600000,3.33,3.45,3.33,3.43,12437,4232910.0,0.0,0,3.3200000000000003,0
20050628,1119888000000,3.43,3.48,3.33,3.47,16330,5621741.000000001,0.0,0,3.43,0
20050629,1119974400000,3.45,3.48,3.37,3.38,12410,4210911.0,0.0,0,3.47,0
20050630,1120060800000,3.39,3.41,3.2600000000000002,3.2800000000000002,7108,2379038.0,0.0,0,3.3800000000000003,0
20050701,1120147200000,3.2800000000000002,3.2800000000000002,3.06,3.08,6413,2025009.9999999998,0.0,0,3.2800000000000002,0
20050704,1120406400000,3.08,3.1,2.8000000000000003,2.95,8692,2528459.0,0.0,0,3.08,0
20050705,1120492800000,2.92,2.9499999999999997,2.86,2.9299999999999997,3042,884466.0,0.0,0,2.9499999999999997,0
20050706,1120579200000,2.93,2.96,2.87,2.92,2345,682758.0,0.0,0,2.93,0
20050707,1120665600000,2.92,2.98,2.91,2.95,4153,1224561.0,0.0,0,2.92,0
20050708,1120752000000,2.92,2.94,2.77,2.77,3834,1084497.0,0.0,0,2.95,0
20050711,1121011200000,2.83,2.87,2.69,2.6999999999999997,3496,976287.0000000001,0.0,0,2.77,0
20050712,1121097600000,2.6799999999999997,2.81,2.65,2.8,5055,1382285.0000000002,0.0,0,2.6999999999999997,0
20050713,1121184000000,2.8000000000000003,2.8000000000000003,2.72,2.73,3821,1048758.0,0.0,0,2.8000000000000003,0
20050714,1121270400000,2.7399999999999998,2.88,2.71,2.83,9816,2769264.0,0.0,0,2.73,0
20050715,1121356800000,2.83,2.87,2.7,2.72,7122,1972980.0,0.0,0,2.83,0
20050718,1121616000000,2.69,2.76,2.52,2.57,5179,1367954.0,0.0,0,2.72,0
20050719,1121702400000,2.57,2.79,2.57,2.79,15446,4206784.000000001,0.0,0,2.57,0
20050720,1121788800000,2.7199999999999998,2.79,2.71,2.75,10180,2802528.0,0.0,0,2.79,0
20050721,1121875200000,2.73,2.77,2.66,2.72,4985,1356951.0,0.0,0,2.75,0
20050722,1121961600000,2.75,2.85,2.72,2.8000000000000003,10928,3057560.0,0.0,0,2.72,0
20050725,1122220800000,2.7800000000000002,2.83,2.7600000000000002,2.8000000000000003,4522,1257357.9999999998,0.0,0,2.8000000000000003,0
20050726,1122307200000,2.8000000000000003,2.9000000000000004,2.7800000000000002,2.87,12678,3605838.0000000005,0.0,0,2.8000000000000003,0
20050727,1122393600000,2.89,2.94,2.85,2.92,9755,2825325.0,0.0,0,2.87,0
20050728,1122480000000,2.92,2.94,2.85,2.87,10613,3062840.0,0.0,0,2.92,0
20050729,1122566400000,2.84,2.9,2.84,2.86,5403,1550075.0,0.0,0,2.8699999999999997,0
20050801,1122825600000,2.84,2.9299999999999997,2.84,2.92,6056,1755428.0,0.0,0,2.86,0
20050802,1122912000000,2.92,2.98,2.88,2.96,7909,2314787.0,0.0,0,2.92,0
20050803,1122998400000,2.96,3.12,2.96,3.02,19604,5984911.0,0.0,0,2.96,0
20050804,1123084800000,3.0,3.02,2.97,2.98,7719,2313540.9999999995,0.0,0,3.02,0
20050805,1123171200000,3.0,3.08,3.0,3.07,9251,2814209.0,0.0,0,2.98,0
20050808,1123430400000,3.08,3.1300000000000003,3.0500000000000003,3.0900000000000003,11377,3514231.0,0.0,0,3.0700000000000003,0
20050809,1123516800000,3.09,3.17,3.06,3.16,12266,3823477.0,0.0,0,3.09,0
20050810,1123603200000,3.16,3.2,3.1,3.2,11932,3769224.0000000005,0.0,0,3.16,0
20050811,1123689600000,3.2,3.3000000000000003,3.14,3.2800000000000002,20549,6613894.000000001,0.0,0,3.2,0
20050812,1123776000000,3.27,3.37,3.11,3.15,17899,5822381.0,0.0,0,3.28,0
20050815,1124035200000,3.14,3.2600000000000002,3.14,3.24,10871,3470434.0,0.0,0,3.15,0
20050816,1124121600000,3.2399999999999998,3.32,3.19,3.25,11715,3819174.0000000005,0.0,0,3.2399999999999998,0
20050817,1124208000000,3.24,3.35,3.06,3.31,13969,4514838.0,0.0,0,3.25,0
20050818,1124294400000,3.3000000000000003,3.4000000000000004,3.18,3.19,21556,7182215.0,0.0,0,3.31,0
20050819,1124380800000,3.17,3.23,3.08,3.17,9588,3030075.9999999995,0.0,0,3.19,0
20050822,1124640000000,3.17,3.29,3.14,3.27,6898,2233370.0,0.0,0,3.17,0
20050823,1124726400000,3.3000000000000003,3.3000000000000003,3.12,3.17,7171,2278483.0,0.0,0,3.27,0
20050824,1124812800000,3.17,3.21,3.14,3.2,5568,1770417.0,0.0,0,3.17,0
20050825,1124899200000,3.2,3.2,3.2,3.2,0,0.0,0.0,0,3.2,1
20050826,1124985600000,3.25,3.2800000000000002,3.2,3.27,10232,3323091.0,0.0,0,3.2,0
20050829,1125244800000,3.3,3.32,3.23,3.28,11984,3924967.0,0.0,0,3.27,0
20050830,1125331200000,3.26,3.29,3.23,3.26,6438,2094748.9999999998,0.0,0,3.28,0
20050831,1125417600000,3.26,3.4,3.23,3.38,23991,8026924.0,0.0,0,3.26,0
20050901,1125504000000,3.3800000000000003,3.6500000000000004,3.3200000000000003,3.6300000000000003,43571,15310343.000000002,0.0,0,3.3800000000000003,0
20050902,1125590400000,3.6100000000000003,3.6100000000000003,3.5100000000000002,3.56,25641,9117690.000000002,0.0,0,3.6300000000000003,0
20050905,1125849600000,3.58,3.66,3.5100000000000002,3.5900000000000003,16573,5927055.999999999,0.0,0,3.56,0
20050906,1125936000000,3.59,3.63,3.38,3.4,20574,7246755.000000001,0.0,0,3.59,0
20050907,1126022400000,3.4,3.52,3.39,3.5,11708,4037160.0,0.0,0,3.4,0
20050908,1126108800000,3.5,3.55,3.46,3.53,13772,4823375.0,0.0,0,3.5,0
20050909,1126195200000,3.5300000000000002,3.5900000000000003,3.5100000000000002,3.5300000000000002,9786,3469216.0,0.0,0,3.5300000000000002,0
20050912,1126454400000,3.5300000000000002,3.5300000000000002,3.45,3.52,8485,2950563.0000000005,0.0,0,3.5300000000000002,0
20050913,1126540800000,3.5100000000000002,3.87,3.49,3.79,39761,14779123.000000002,0.0,0,3.52,0
20050914,1126627200000,3.72,3.8200000000000003,3.66,3.77,33924,12690434.0,0.0,0,3.79,0
20050915,1126713600000,3.77,3.79,3.72,3.7600000000000002,14803,5558609.0,0.0,0,3.77,0
20050916,1126800000000,3.79,3.8800000000000003,3.7600000000000002,3.77,18737,7148250.0,0.0,0,3.7600000000000002,0
20050919,1127059200000,3.8,3.84,3.73,3.83,12710,4835051.000000001,0.0,0,3.77,0
20050920,1127145600000,3.84,3.84,3.71,3.76,17266,6487757.0,0.0,0,3.83,0
20050921,1127232000000,3.78,3.78,3.65,3.65,11965,4415255.0,0.0,0,3.76,0
20050922,1127318400000,3.65,3.69,3.42,3.5,16520,5862600.000000001,0.0,0,3.65,0
20050923,1127404800000,3.5,3.58,3.47,3.5500000000000003,11534,4055476.0,0.0,0,3.5,0
20050926,1127664000000,3.6,3.7,3.56,3.61,20382,7373497.0,0.0,0,3.5500000000000003,0
20050927,1127750400000,3.6100000000000003,3.66,3.49,3.5100000000000002,17043,6103437.0,0.0,0,3.6100000000000003,0
20050928,1127836800000,3.48,3.59,3.31,3.33,12152,4125775.0,0.0,0,3.5100000000000002,0
20050929,1127923200000,3.33,3.43,3.33,3.42,6490,2200258.0000000005,0.0,0,3.33,0
20050930,1128009600000,3.43,3.44,3.35,3.35,4051,1374832.0,0.0,0,3.42,0
20051010,1128873600000,3.35,3.39,3.3000000000000003,3.31,5086,1705361.0,0.0,0,3.35,0
20051011,1128960000000,3.2800000000000002,3.4000000000000004,3.2800000000000002,3.4000000000000004,4935,1646814.0,0.0,0,3.31,0
20051012,1129046400000,3.4,3.5,3.36,3.46,6461,2218427.0,0.0,0,3.4,0
20051013,1129132800000,3.44,3.46,3.37,3.41,5614,1913846.0,0.0,0,3.46,0
20051014,1129219200000,3.3800000000000003,3.41,3.3200000000000003,3.35,2704,907221.9999999999,0.0,0,3.41,0
20051017,1129478400000,3.3200000000000003,3.3800000000000003,3.3000000000000003,3.3800000000000003,3019,1007639.0,0.0,0,3.35,0
20051018,1129564800000,3.39,3.5,3.39,3.47,7440,2568302.0,0.0,0,3.3800000000000003,0
20051019,1129651200000,3.48,3.5700000000000003,3.43,3.5100000000000002,8969,3147648.0,0.0,0,3.47,0
20051020,1129737600000,3.46,3.5500000000000003,3.37,3.54,7391,2557042.0,0.0,0,3.5100000000000002,0
20051021,1129824000000,3.5,3.6,3.5,3.58,14462,5149343.0,0.0,0,3.54,0
20051024,1130083200000,3.5500000000000003,3.62,3.5500000000000003,3.5900000000000003,7172,2571992.0,0.0,0,3.58,0
20051025,1130169600000,3.52,3.56,3.41,3.43,5630,1954727.0000000002,0.0,0,3.5900000000000003,0
20051026,1130256000000,3.3800000000000003,3.41,3.2800000000000002,3.35,8187,2737773.0000000005,0.0,0,3.43,0
20051027,1130342400000,3.3200000000000003,3.41,3.2800000000000002,3.4000000000000004,6452,2155251.0,0.0,0,3.35,0
20051028,1130428800000,3.35,3.38,3.1,3.2800000000000002,8501,2751670.0,0.0,0,3.4,0
20051031,1130688000000,3.2,3.2800000000000002,3.14,3.23,4315,1385502.9999999998,0.0,0,3.2800000000000002,0
20051101,1130774400000,3.2,3.2,3.0300000000000002,3.0500000000000003,7362,2278835.0,0.0,0,3.2300000000000004,0
20051102,1130860800000,3.08,3.16,3.08,3.14,6598,2064561.0000000002,0.0,0,3.0500000000000003,0
20051103,1130947200000,3.15,3.19,3.09,3.11,4283,1338236.9999999998,0.0,0,3.1399999999999997,0
20051104,1131033600000,3.0999999999999996,3.15,3.09,3.15,2997,936229.0,0.0,0,3.11,0
20051107,1131292800000,3.1599999999999997,3.2199999999999998,3.11,3.21,4640,1472887.0,0.0,0,3.15,0
20051108,1131379200000,3.23,3.36,3.21,3.31,11812,3891471.0000000005,0.0,0,3.21,0
20051109,1131465600000,3.31,3.55,3.25,3.47,29164,10023076.0,0.0,0,3.31,0
20051110,1131552000000,3.43,3.43,3.2,3.22,16064,5367820.000000001,0.0,0,3.47,0
20051111,1131638400000,3.1999999999999997,3.27,3.13,3.25,6868,2199371.0,0.0,0,3.2199999999999998,0
20051114,1131897600000,3.25,3.2800000000000002,3.18,3.27,3408,1105372.0,0.0,0,3.25,0
20051115,1131984000000,3.2399999999999998,3.29,3.21,3.25,3220,1049009.0,0.0,0,3.27,0
20051116,1132070400000,3.24,3.2800000000000002,3.14,3.27,3988,1280471.0,0.0,0,3.25,0
20051117,1132156800000,3.25,3.35,3.25,3.3,5568,1839009.0,0.0,0,3.27,0
20051118,1132243200000,3.28,3.39,3.27,3.37,7504,2514385.0000000005,0.0,0,3.3,0
20051121,1132502400000,3.36,3.42,3.35,3.38,4571,1544388.0,0.0,0,3.37,0
20051122,1132588800000,3.35,3.37,3.29,3.3,3181,1056518.0,0.0,0,3.38,0
20051123,1132675200000,3.2800000000000002,3.3400000000000003,3.2800000000000002,3.33,2512,833643.0000000001,0.0,0,3.3000000000000003,0
20051124,1132761600000,3.34,3.38,3.33,3.36,4023,1349813.0000000002,0.0,0,3.33,0
20051125,1132848000000,3.37,3.37,3.31,3.35,3848,1282671.0,0.0,0,3.36,0
20051128,1133107200000,3.35,3.37,3.3000000000000003,3.3400000000000003,2687,896320.0000000001,0.0,0,3.35,0
20051129,1133193600000,3.3200000000000003,3.3200000000000003,3.2600000000000002,3.27,4005,1314682.0,0.0,0,3.3400000000000003,0
20051130,1133280000000,3.2600000000000002,3.2600000000000002,3.22,3.25,3877,1256599.0,0.0,0,3.27,0
20051201,1133366400000,3.23,3.27,3.22,3.2600000000000002,2137,694066.0,0.0,0,3.25,0
20051202,1133452800000,3.25,3.25,3.17,3.1799999999999997,2323,744430.0,0.0,0,3.26,0
20051205,1133712000000,3.1,3.1500000000000004,3.0300000000000002,3.04,4818,1485472.0,0.0,0,3.18,0
20051206,1133798400000,3.04,3.1,3.04,3.08,3900,1197382.0,0.0,0,3.04,0
20051207,1133884800000,3.0700000000000003,3.1100000000000003,3.0700000000000003,3.1100000000000003,4268,1318611.0,0.0,0,3.08,0
20051208,1133971200000,3.11,3.13,3.06,3.09,2341,723147.0,0.0,0,3.11,0
20051209,1134057600000,3.08,3.14,3.0500000000000003,3.1300000000000003,3396,1058236.0,0.0,0,3.0900000000000003,0
20051212,1134316800000,3.1399999999999997,3.1799999999999997,3.13,3.1599999999999997,2554,804822.0,0.0,0,3.13,0
20051213,1134403200000,3.16,3.37,3.16,3.3600000000000003,21727,7110513.0,0.0,0,3.16,0
20051214,1134489600000,3.36,3.36,3.25,3.3,8398,2765920.0000000005,0.0,0,3.36,0
20051215,1134576000000,3.31,3.43,3.25,3.29,15284,5109532.0,0.0,0,3.3,0
20051216,1134662400000,3.31,3.34,3.25,3.3,7037,2304082.0,0.0,0,3.29,0
20051219,1134921600000,3.3,3.4,3.27,3.4,16890,5658875.000000001,0.0,0,3.3,0
20051220,1135008000000,3.4000000000000004,3.41,3.3000000000000003,3.35,5774,1932802.0,0.0,0,3.4000000000000004,0
20051221,1135094400000,3.35,3.35,3.25,3.27,5504,1810173.0,0.0,0,3.35,0
20051222,1135180800000,3.27,3.29,3.23,3.27,2328,759398.0000000001,0.0,0,3.27,0
20051223,1135267200000,3.25,3.31,3.24,3.3000000000000003,4249,1393951.0000000002,0.0,0,3.27,0
20051226,1135526400000,3.29,3.3400000000000003,3.2800000000000002,3.33,4193,1392375.0,0.0,0,3.3000000000000003,0
20051227,1135612800000,3.3200000000000003,3.3400000000000003,3.3000000000000003,3.31,3032,1006970.0,0.0,0,3.33,0
20051228,1135699200000,3.33,3.36,3.31,3.32,3821,1275471.0,0.0,0,3.31,0
20051229,1135785600000,3.36,3.39,3.31,3.37,7365,2477145.0,0.0,0,3.32,0
20051230,1135872000000,3.37,3.37,3.29,3.31,4975,1654114.0,0.0,0,3.37,0
20060104,1136304000000,3.3000000000000003,3.3600000000000003,3.3000000000000003,3.35,4317,1442949.0,0.0,0,3.31,0
20060105,1136390400000,3.35,3.4,3.33,3.39,8001,2695640.0,0.0,0,3.35,0
20060106,1136476800000,3.38,3.44,3.37,3.43,12841,4380712.999999999,0.0,0,3.39,0
20060109,1136736000000,3.45,3.47,3.39,3.44,8752,3005362.0,0.0,0,3.43,0
20060110,1136822400000,3.42,3.48,3.4,3.4699999999999998,8565,2946223.0,0.0,0,3.44,0
20060111,1136908800000,3.48,3.48,3.38,3.4,7113,2439145.0,0.0,0,3.4699999999999998,0
20060112,1136995200000,3.38,3.48,3.38,3.48,9749,3363376.0000000005,0.0,0,3.4,0
20060113,1137081600000,3.48,3.52,3.43,3.5100000000000002,12888,4483663.0,0.0,0,3.48,0
20060116,1137340800000,3.5,3.6,3.48,3.4899999999999998,17840,6309281.0,0.0,0,3.51,0
20060117,1137427200000,3.4699999999999998,3.51,3.42,3.44,7094,2453529.0,0.0,0,3.4899999999999998,0
20060118,1137513600000,3.44,3.52,3.43,3.49,7235,2522696.0000000005,0.0,0,3.44,0
20060119,1137600000000,3.49,3.5500000000000003,3.47,3.54,8917,3129937.0,0.0,0,3.49,0
20060120,1137686400000,3.53,3.73,3.48,3.64,25136,9111849.0,0.0,0,3.54,0
20060123,1137945600000,3.7199999999999998,4.0,3.69,3.89,61320,23785218.0,0.0,0,3.64,0
20060124,1138032000000,3.9,4.24,3.89,4.19,59291,24354291.0,0.0,0,3.89,0
20060125,1138118400000,4.1899999999999995,4.35,4.1,4.1899999999999995,41544,17536893.0,0.0,0,4.1899999999999995,0
20060206,1139155200000,4.2299999999999995,4.609999999999999,4.22,4.609999999999999,36165,16279955.000000002,0.0,0,4.1899999999999995,0
20060207,1139241600000,4.61,4.970000000000001,4.57,4.640000000000001,41375,19629490.0,0.0,0,4.61,0
20060208,1139328000000,4.64,4.81,4.5,4.74,21586,10027580.000000002,0.0,0,4.64,0
20060209,1139414400000,4.6899999999999995,5.02,4.68,4.75,27230,13171602.0,0.0,0,4.739999999999999,0
20060210,1139500800000,4.72,4.9,4.7,4.8100000000000005,16160,7778571.0,0.0,0,4.75,0
20060213,1139760000000,4.82,4.890000000000001,4.5600000000000005,4.61,23707,11026593.0,0.0,0,4.8100000000000005,0
20060214,1139846400000,4.6,4.96,4.58,4.89,28617,13875907.0,0.0,0,4.61,0
20060215,1139932800000,4.890000000000001,4.92,4.78,4.9,14367,6984684.000000001,0.0,0,4.890000000000001,0
20060216,1140019200000,4.9,5.0600000000000005,4.73,4.74,17963,8740213.0,0.0,0,4.9,0
20060217,1140105600000,4.7,5.07,4.66,5.04,36977,18278561.0,0.0,0,4.74,0
20060220,1140364800000,5.0,5.09,4.89,4.96,18821,9362303.0,0.0,0,5.04,0
20060221,1140451200000,4.95,5.0,4.67,4.91,17091,8160509.0,0.0,0,4.96,0
20060222,1140537600000,4.859999999999999,4.93,4.76,4.77,15937,7702969.0,0.0,0,4.91,0
20060223,1140624000000,4.74,4.800000000000001,4.61,4.7,14827,6941972.0,0.0,0,4.7700000000000005,0
20060224,1140710400000,4.69,4.82,4.69,4.74,10401,4935057.0,0.0,0,4.7,0
20060227,1140969600000,4.75,5.12,4.74,5.09,36622,18282822.000000004,0.0,0,4.74,0
20060228,1141056000000,5.08,5.08,4.87,4.97,14346,7123994.000000001,0.0,0,5.09,0
20060301,1141142400000,4.96,5.04,4.82,4.95,9792,4797167.0,0.0,0,4.970000000000001,0
20060302,1141228800000,4.930000000000001,5.220000000000001,4.8500000000000005,5.000000000000001,22069,11205181.0,0.0,0,4.95,0
20060303,1141315200000,5.0,5.03,4.86,4.96,7835,3848311.0,0.0,0,5.0,0
20060306,1141574400000,4.970000000000001,4.970000000000001,4.82,4.86,6082,2953776.0,0.0,0,4.96,0
20060307,1141660800000,4.859999999999999,4.859999999999999,4.72,4.77,6963,3329976.9999999995,0.0,0,4.859999999999999,0
20060308,1141747200000,4.74,4.74,4.55,4.7,9451,4408756.0,0.0,0,4.77,0
20060309,1141833600000,4.66,4.75,4.66,4.72,2816,1322315.0,0.0,0,4.7,0
20060310,1141920000000,4.75,4.78,4.62,4.76,4249,2010299.0000000002,0.0,0,4.72,0
20060313,1142179200000,4.75,4.8999999999999995,4.68,4.859999999999999,5089,2446742.0,0.0,0,4.76,0
20060314,1142265600000,4.8500000000000005,4.95,4.78,4.890000000000001,3277,1599914.0000000002,0.0,0,4.86,0
20060315,1142352000000,4.88,4.9799999999999995,4.8,4.83,8234,4043923.0,0.0,0,4.89,0
20060316,1142438400000,4.88,5.09,4.82,4.98,10502,5215036.0,0.0,0,4.83,0
20060317,1142524800000,4.92,5.0200000000000005,4.87,4.92,4918,2419606.0,0.0,0,4.98,0
20060320,1142784000000,4.920000000000001,4.920000000000001,4.7700000000000005,4.86,6762,3259265.0,0.0,0,4.920000000000001,0
20060321,1142870400000,4.88,4.93,4.8,4.93,4793,2333400.0,0.0,0,4.859999999999999,0
20060322,1142956800000,4.930000000000001,5.010000000000001,4.8500000000000005,4.99,6081,3003930.0,0.0,0,4.930000000000001,0
20060323,1143043200000,4.970000000000001,5.03,4.8500000000000005,4.970000000000001,6557,3251555.0000000005,0.0,0,4.99,0
20060324,1143129600000,4.909999999999999,5.35,4.89,5.199999999999999,27642,14290713.0,0.0,0,4.97,0
20060327,1143388800000,5.25,5.5600000000000005,5.16,5.55,34627,18812729.999999996,0.0,0,5.2,0
20060328,1143475200000,5.51,5.55,5.37,5.44,18320,9984583.000000002,0.0,0,5.55,0
20060329,1143561600000,5.470000000000001,5.63,5.32,5.44,15512,8465706.0,0.0,0,5.44,0
20060330,1143648000000,5.390000000000001,5.45,5.23,5.24,15555,8259890.000000001,0.0,0,5.44,0
20060331,1143734400000,5.1899999999999995,5.37,5.14,5.319999999999999,9058,4773311.0,0.0,0,5.239999999999999,0
20060403,1143993600000,5.33,5.6,5.33,5.4,16292,8929152.000000002,0.0,0,5.32,0
20060404,1144080000000,5.45,5.8500000000000005,5.45,5.78,33348,18822890.0,0.0,0,5.4,0
20060405,1144166400000,5.83,5.96,5.66,5.88,24528,14300569.0,0.0,0,5.78,0
20060406,1144252800000,5.88,6.25,5.88,5.92,28535,17287990.0,0.0,0,5.88,0
20060407,1144339200000,5.88,6.3500000000000005,5.82,6.15,29972,18369597.000000004,0.0,0,5.92,0
20060410,1144598400000,6.3,6.77,6.3,6.77,50625,34016801.0,0.0,0,6.1499999999999995,0
20060411,1144684800000,6.970000000000001,7.45,6.9,7.45,69340,51167217.0,0.0,0,6.7700000000000005,0
20060412,1144771200000,7.6,7.73,7.17,7.2,33035,24091203.0,0.0,0,7.45,0
20060413,1144857600000,7.16,7.3,6.7,6.9,25780,18042481.0,0.0,0,7.2,0
20060414,1144944000000,6.88,7.5,6.75,7.34,20615,14747285.0,0.0,0,6.9,0
20060417,1145203200000,7.2,7.710000000000001,6.890000000000001,7.300000000000001,26465,19803711.0,0.0,0,7.340000000000001,0
20060418,1145289600000,7.300000000000001,7.57,7.23,7.470000000000001,14707,10933836.0,0.0,0,7.300000000000001,0
20060419,1145376000000,7.48,7.55,7.2,7.49,12937,9474029.0,0.0,0,7.470000000000001,0
20060420,1145462400000,7.49,8.24,7.4,8.24,38665,31093893.0,0.0,0,7.49,0
20060421,1145548800000,8.24,8.9,8.0,8.63,29097,24653105.0,0.0,0,8.24,0
20060424,1145808000000,8.180000000000001,9.4,8.13,9.06,28868,25150676.0,0.0,0,8.63,0
20060425,1145894400000,8.94,9.58,8.6,9.299999999999999,24799,23123222.0,0.0,0,9.06,0
20060426,1145980800000,9.24,9.690000000000001,8.98,8.99,23362,21831342.0,0.0,0,9.3,0
20060427,1146067200000,9.0,9.48,8.9,9.280000000000001,17633,16329122.0,0.0,0,8.99,0
20060428,1146153600000,9.0,9.5,8.91,9.28,17499,16152750.000000002,0.0,0,9.28,0
20060508,1147017600000,9.28,9.28,9.28,9.28,0,0.0,0.0,0,9.28,1
20060509,1147104000000,9.28,9.28,9.28,9.28,0,0.0,0.0,0,9.28,1
20060510,1147190400000,9.28,9.28,9.28,9.28,0,0.0,0.0,0,9.28,1
20060511,1147276800000,9.28,9.28,9.28,9.28,0,0.0,0.0,0,9.28,1
20060512,1147363200000,9.28,9.28,9.28,9.28,0,0.0,0.0,0,9.28,1
20060515,1147622400000,9.28,9.28,9.28,9.28,0,0.0,0.0,0,9.28,1
20060516,1147708800000,9.28,9.28,9.28,9.28,0,0.0,0.0,0,9.28,1
20060517,1147795200000,9.28,9.28,9.28,9.28,0,0.0,0.0,0,9.28,1
20060518,1147881600000,9.28,9.28,9.28,9.28,0,0.0,0.0,0,9.28,1
20060519,1147968000000,10.21,10.21,10.21,10.21,1998,2040499.0,0.0,0,9.280000000000001,0
20060522,1148227200000,11.23,11.23,11.23,11.23,7239,8129453.0,0.0,0,10.21,0
20060523,1148313600000,12.25,12.25,11.6,12.25,73878,90051750.99999999,0.0,0,11.139999999999999,0
20060524,1148400000000,12.510000000000002,12.510000000000002,11.200000000000001,12.23,42433,50445433.0,0.0,0,12.250000000000002,0
20060525,1148486400000,11.9,12.3,11.18,11.25,26051,30788006.0,0.0,0,12.23,0
20060526,1148572800000,11.25,11.25,11.25,11.25,0,0.0,0.0,0,11.25,1
20060529,1148832000000,11.25,11.25,11.25,11.25,0,0.0,0.0,0,11.25,1
20060530,1148918400000,11.25,11.25,11.25,11.25,0,0.0,0.0,0,11.25,1
20060531,1149004800000,11.25,11.25,11.25,11.25,0,0.0,0.0,0,11.25,1
20060601,1149091200000,11.25,11.25,11.25,11.25,0,0.0,0.0,0,11.25,1
20060602,1149177600000,11.25,11.25,11.25,11.25,0,0.0,0.0,0,11.25,1
20060605,1149436800000,11.25,11.25,11.25,11.25,0,0.0,0.0,0,11.25,1
20060606,1149523200000,11.25,11.25,11.25,11.25,0,0.0,0.0,0,11.25,1
20060607,1149609600000,11.25,11.25,11.25,11.25,0,0.0,0.0,0,11.25,1
20060608,1149696000000,11.25,11.25,11.25,11.25,0,0.0,0.0,0,11.25,1
20060609,1149782400000,11.25,11.25,11.25,11.25,0,0.0,0.0,0,11.25,1
20060612,1150041600000,11.25,11.25,11.25,11.25,0,0.0,0.0,0,11.25,1
20060613,1150128000000,11.25,11.25,11.25,11.25,0,0.0,0.0,0,11.25,1
20060614,1150214400000,11.25,11.25,11.25,11.25,0,0.0,0.0,0,11.25,1
20060615,1150300800000,11.25,11.25,11.25,11.25,0,0.0,0.0,0,11.25,1
20060616,1150387200000,11.25,11.25,11.25,11.25,0,0.0,0.0,0,11.25,1
20060619,1150646400000,11.25,11.25,11.25,11.25,0,0.0,0.0,0,11.25,1
20060620,1150732800000,11.25,11.25,11.25,11.25,0,0.0,0.0,0,11.25,1
20060621,1150819200000,11.25,11.25,11.25,11.25,0,0.0,0.0,0,11.25,1
20060622,1150905600000,11.25,11.25,11.25,11.25,0,0.0,0.0,0,11.25,1
20060623,1150992000000,11.25,11.25,11.25,11.25,0,0.0,0.0,0,11.25,1
20060626,1151251200000,11.25,11.25,11.25,11.25,0,0.0,0.0,0,11.25,1
20060627,1151337600000,11.25,11.25,11.25,11.25,0,0.0,0.0,0,11.25,1
20060628,1151424000000,9.98,10.0,9.42,9.45,70692,68420517.99999999,0.0,0,11.25,0
20060629,1151510400000,9.55,9.840000000000002,9.200000000000001,9.410000000000002,55411,52354472.0,0.0,0,9.450000000000001,0
20060630,1151596800000,9.450000000000001,10.35,9.4,10.34,71391,71745481.0,0.0,0,9.41,0
20060703,1151856000000,10.38,10.38,9.91,10.16,39299,39553520.0,0.0,0,10.34,0
20060704,1151942400000,10.180000000000001,10.200000000000001,9.88,9.930000000000001,28357,28216979.999999996,0.0,0,10.16,0
20060705,1152028800000,9.930000000000001,9.930000000000001,9.21,9.57,36298,34624556.0,0.0,0,9.930000000000001,0
20060706,1152115200000,9.450000000000001,9.780000000000001,9.450000000000001,9.690000000000001,22804,21944295.0,0.0,0,9.57,0
20060707,1152201600000,9.700000000000001,9.700000000000001,9.3,9.38,24302,22942891.0,0.0,0,9.690000000000001,0
20060710,1152460800000,9.379999999999999,9.379999999999999,8.53,8.899999999999999,39046,34905776.00000001,0.0,0,9.379999999999999,0
20060711,1152547200000,8.88,9.180000000000001,8.72,9.15,23182,20905436.999999996,0.0,0,8.9,0
20060712,1152633600000,9.1,10.07,9.01,9.879999999999999,82239,81381422.0,0.0,0,9.15,0
20060713,1152720000000,9.88,9.88,8.89,8.89,69915,64024687.0,0.0,0,9.88,0
20060714,1152806400000,8.600000000000001,9.05,8.39,8.620000000000001,30978,26762645.0,0.0,0,8.89,0
20060717,1153065600000,8.62,8.889999999999999,8.53,8.68,14126,12342397.999999998,0.0,0,8.62,0
20060718,1153152000000,8.690000000000001,8.88,8.55,8.850000000000001,8806,7644866.0,0.0,0,8.680000000000001,0
20060719,1153238400000,8.850000000000001,8.850000000000001,8.3,8.48,17305,14891020.000000002,0.0,0,8.850000000000001,0
20060720,1153324800000,8.5,8.68,8.31,8.6,7003,5959946.0,0.0,0,8.48,0
20060721,1153411200000,8.67,8.67,8.4,8.5,6544,5581270.0,0.0,0,8.6,0
20060724,1153670400000,8.209999999999999,8.45,8.2,8.299999999999999,8496,7056616.000000001,0.0,0,8.5,0
20060725,1153756800000,8.3,8.83,8.3,8.64,14198,12243768.0,0.0,0,8.3,0
20060726,1153843200000,8.6,9.120000000000001,8.58,8.88,24568,22028806.0,0.0,0,8.64,0
20060727,1153929600000,8.88,9.0,8.64,8.870000000000001,9420,8302412.0,0.0,0,8.88,0
20060728,1154016000000,8.870000000000001,8.98,8.56,8.780000000000001,7031,6158900.0,0.0,0,8.870000000000001,0
20060731,1154275200000,8.7,8.75,7.92,7.96,12690,10366081.0,0.0,0,8.78,0
20060801,1154361600000,7.96,8.040000000000001,7.62,7.7,19304,14992214.999999998,0.0,0,7.96,0
20060802,1154448000000,7.7,7.71,7.33,7.42,19677,14734626.0,0.0,0,7.7,0
20060803,1154534400000,7.5,7.67,7.2,7.42,8509,6317455.0,0.0,0,7.42,0
20060804,1154620800000,7.54,7.54,6.68,6.68,39294,27608402.0,0.0,0,7.42,0
20060807,1154880000000,6.62,6.7700000000000005,6.4,6.5,12778,8369652.0,0.0,0,6.680000000000001,0
20060808,1154966400000,6.38,6.79,6.32,6.75,19391,12937370.999999998,0.0,0,6.5,0
20060809,1155052800000,6.79,7.17,6.68,6.97,19998,14029808.0,0.0,0,6.75,0
20060810,1155139200000,6.970000000000001,7.1000000000000005,6.8500000000000005,7.040000000000001,10621,7414132.000000001,0.0,0,6.970000000000001,0
20060811,1155225600000,7.08,7.08,6.94,6.98,6626,4636623.000000001,0.0,0,7.04,0
20060814,1155484800000,6.96,6.96,6.28,6.3,30581,19617629.0,0.0,0,6.98,0
20060815,1155571200000,6.25,6.380000000000001,6.11,6.380000000000001,17034,10704949.0,0.0,0,6.300000000000001,0
20060816,1155657600000,6.38,6.65,6.25,6.64,25301,16244321.000000002,0.0,0,6.38,0
20060817,1155744000000,6.630000000000001,6.66,6.3500000000000005,6.5200000000000005,17140,11159194.0,0.0,0,6.640000000000001,0
20060818,1155830400000,6.55,6.95,6.55,6.89,39888,27084194.0,0.0,0,6.52,0
20060821,1156089600000,6.500000000000001,7.58,6.3100000000000005,7.5,50565,36373115.0,0.0,0,6.890000000000001,0
20060822,1156176000000,7.45,7.9,7.25,7.65,44889,34343670.0,0.0,0,7.5,0
20060823,1156262400000,7.72,7.7299999999999995,7.43,7.54,21053,15982661.0,0.0,0,7.6499999999999995,0
20060824,1156348800000,7.52,7.89,7.5,7.84,27618,21391342.0,0.0,0,7.54,0
20060825,1156435200000,7.8500000000000005,7.8500000000000005,7.65,7.69,14666,11342729.0,0.0,0,7.840000000000001,0
20060828,1156694400000,7.8100000000000005,7.94,7.6000000000000005,7.8100000000000005,18426,14302545.999999998,0.0,0,7.69,0
20060829,1156780800000,7.8500000000000005,8.16,7.73,7.98,30854,24738604.000000004,0.0,0,7.8100000000000005,0
20060830,1156867200000,7.98,7.98,7.98,7.98,0,0.0,0.0,0,7.98,1
20060831,1156953600000,8.02,8.32,8.02,8.23,29091,23770250.0,0.0,0,7.9799999999999995,0
20060901,1157040000000,8.23,8.350000000000001,7.930000000000001,7.960000000000001,18940,15257789.0,0.0,0,8.23,0
20060904,1157299200000,7.96,8.35,7.86,7.99,22533,17995818.0,0.0,0,7.96,0
20060905,1157385600000,8.03,8.36,8.02,8.299999999999999,35693,29545163.0,0.0,0,7.989999999999999,0
20060906,1157472000000,8.3,8.3,8.15,8.26,13172,10829419.0,0.0,0,8.3,0
20060907,1157558400000,8.26,8.54,8.2,8.479999999999999,33051,27759801.0,0.0,0,8.26,0
20060908,1157644800000,8.48,9.0,8.33,8.92,50857,44693784.0,0.0,0,8.48,0
20060911,1157904000000,9.05,9.75,9.0,9.24,69735,65169844.0,0.0,0,8.92,0
20060912,1157990400000,9.24,9.58,9.19,9.2,26645,25012091.0,0.0,0,9.24,0
20060913,1158076800000,9.05,9.26,8.83,9.07,24085,21659256.0,0.0,0,9.2,0
20060914,1158163200000,9.049999999999999,9.09,8.85,9.02,15563,13941844.0,0.0,0,9.07,0
20060915,1158249600000,9.030000000000001,9.360000000000001,8.9,9.25,19983,18433606.0,0.0,0,9.02,0
20060918,1158508800000,9.2,9.68,9.19,9.54,14975,14258314.0,0.0,0,9.25,0
20060919,1158595200000,9.53,9.6,9.33,9.39,10400,9802738.0,0.0,0,9.540000000000001,0
20060920,1158681600000,9.39,9.4,9.06,9.15,14523,13359220.0,0.0,0,9.39,0
20060921,1158768000000,9.120000000000001,9.280000000000001,8.9,8.99,15746,14255439.0,0.0,0,9.15,0
20060922,1158854400000,8.97,9.08,8.75,8.88,19275,17114470.0,0.0,0,8.99,0
20060925,1159113600000,8.88,9.21,8.790000000000001,9.190000000000001,14448,12911946.999999998,0.0,0,8.88,0
20060926,1159200000000,9.3,9.55,9.15,9.17,27850,26147866.0,0.0,0,9.19,0
20060927,1159286400000,9.1,10.08,9.08,10.07,62844,60891225.0,0.0,0,9.17,0
20060928,1159372800000,10.07,10.100000000000001,9.8,9.82,33463,33183569.0,0.0,0,10.07,0
20060929,1159459200000,9.82,10.290000000000001,9.82,10.07,27337,27534609.0,0.0,0,9.82,0
20061009,1160323200000,10.09,10.25,10.0,10.15,22917,23137357.000000004,0.0,0,10.07,0
20061010,1160409600000,10.100000000000001,10.5,9.790000000000001,10.260000000000002,27730,27994496.000000004,0.0,0,10.15,0
20061011,1160496000000,10.25,10.86,9.57,10.59,30843,32476574.0,0.0,0,10.26,0
20061012,1160582400000,10.530000000000001,10.56,9.63,9.940000000000001,48158,47914113.99999999,0.0,0,10.59,0
20061013,1160668800000,9.9,9.9,8.950000000000001,8.950000000000001,73842,68026332.0,0.0,0,9.940000000000001,0
20061016,1160928000000,8.75,8.780000000000001,8.06,8.58,40250,33830298.0,0.0,0,8.950000000000001,0
20061017,1161014400000,8.44,8.64,8.25,8.5,22829,19114233.0,0.0,0,8.58,0
20061018,1161100800000,8.44,8.62,8.35,8.56,17172,14587864.0,0.0,0,8.5,0
20061019,1161187200000,8.58,8.629999999999999,8.43,8.62,16392,14035240.000000002,0.0,0,8.56,0
20061020,1161273600000,8.32,8.600000000000001,7.8500000000000005,8.030000000000001,46577,38007322.99999999,0.0,0,8.620000000000001,0
20061023,1161532800000,8.0,8.280000000000001,7.98,8.15,17257,14098614.0,0.0,0,8.030000000000001,0
20061024,1161619200000,8.25,8.25,7.8,8.17,19954,15925946.0,0.0,0,8.15,0
20061025,1161705600000,8.09,8.15,7.8,7.859999999999999,26220,20807359.0,0.0,0,8.17,0
20061026,1161792000000,7.81,8.01,7.5,7.92,24889,19287702.0,0.0,0,7.86,0
20061027,1161878400000,8.02,8.1,7.63,7.6499999999999995,35200,27724375.0,0.0,0,7.92,0
20061030,1162137600000,7.59,7.9799999999999995,7.3,7.76,15763,12032033.0,0.0,0,7.6499999999999995,0
20061031,1162224000000,7.76,8.22,7.75,8.08,22184,17736397.0,0.0,0,7.76,0
20061101,1162310400000,8.01,8.12,8.01,8.08,16867,13603213.000000002,0.0,0,8.08,0
20061102,1162396800000,8.08,8.23,7.95,8.11,20118,16259454.0,0.0,0,8.08,0
20061103,1162483200000,8.09,8.15,7.97,8.14,21392,17242701.0,0.0,0,8.11,0
20061106,1162742400000,8.0,8.16,7.9,8.08,13813,11153051.0,0.0,0,8.14,0
20061107,1162828800000,8.09,8.13,7.71,7.93,15963,12574701.0,0.0,0,8.08,0
20061108,1162915200000,7.94,7.94,7.73,7.74,11022,8627955.0,0.0,0,7.930000000000001,0
20061109,1163001600000,7.75,8.25,7.75,8.22,26656,21587611.0,0.0,0,7.74,0
20061110,1163088000000,8.25,8.68,8.2,8.5,44339,37449791.0,0.0,0,8.219999999999999,0
20061113,1163347200000,8.48,8.94,8.41,8.7,58469,50638537.00000001,0.0,0,8.5,0
20061114,1163433600000,8.76,8.76,8.16,8.5,29924,25178581.000000004,0.0,0,8.7,0
20061115,1163520000000,8.5,8.629999999999999,8.28,8.53,17148,14560157.999999998,0.0,0,8.5,0
20061116,1163606400000,8.5,8.57,8.16,8.18,21092,17481260.0,0.0,0,8.53,0
20061117,1163692800000,8.11,8.16,7.8,8.15,19265,15357570.0,0.0,0,8.18,0
20061120,1163952000000,8.0,8.25,7.9,7.96,11926,9540208.000000002,0.0,0,8.15,0
20061121,1164038400000,7.9399999999999995,8.1,7.8,8.08,14620,11612338.000000002,0.0,0,7.96,0
20061122,1164124800000,8.09,8.5,7.930000000000001,8.350000000000001,28190,23365858.000000004,0.0,0,8.08,0
20061123,1164211200000,8.33,8.4,8.23,8.370000000000001,15410,12848839.0,0.0,0,8.35,0
20061124,1164297600000,8.4,8.629999999999999,8.19,8.54,29059,24496805.000000004,0.0,0,8.37,0
20061127,1164556800000,8.51,8.86,8.5,8.86,27222,23761711.000000004,0.0,0,8.54,0
20061128,1164643200000,8.950000000000001,9.24,8.8,9.010000000000002,31969,29006246.0,0.0,0,8.860000000000001,0
20061129,1164729600000,8.879999999999999,9.18,8.52,9.01,20862,18713961.0,0.0,0,9.01,0
20061130,1164816000000,9.02,9.559999999999999,9.02,9.49,41232,38773227.99999999,0.0,0,9.01,0
20061201,1164902400000,9.5,9.63,9.33,9.48,33324,31629498.0,0.0,0,9.49,0
20061204,1165161600000,9.52,9.61,9.35,9.5,37471,35394887.0,0.0,0,9.48,0
20061205,1165248000000,9.49,9.790000000000001,9.48,9.5,45846,44109369.0,0.0,0,9.5,0
20061206,1165334400000,9.51,9.74,8.66,8.92,43308,39458197.99999999,0.0,0,9.5,0
20061207,1165420800000,8.88,8.96,8.48,8.77,33116,28727161.000000004,0.0,0,8.92,0
20061208,1165507200000,8.68,8.68,8.01,8.03,22470,18766675.0,0.0,0,8.77,0
20061211,1165766400000,8.02,8.26,8.02,8.2,14673,12002170.0,0.0,0,8.03,0
20061212,1165852800000,8.27,8.44,8.0,8.2,14308,11691476.000000002,0.0,0,8.2,0
20061213,1165939200000,8.28,8.959999999999999,8.26,8.94,37216,32132429.000000004,0.0,0,8.2,0
20061214,1166025600000,9.07,9.08,8.59,8.8,32604,28698409.000000004,0.0,0,8.94,0
20061215,1166112000000,8.8,8.85,8.56,8.790000000000001,31862,27605967.0,0.0,0,8.8,0
20061218,1166371200000,8.799999999999999,9.07,8.69,8.9,27642,24661704.000000004,0.0,0,8.79,0
20061219,1166457600000,8.94,9.05,8.5,9.03,34707,30292011.0,0.0,0,8.9,0
20061220,1166544000000,9.100000000000001,9.430000000000001,8.88,9.340000000000002,56681,52110094.00000001,0.0,0,9.030000000000001,0
20061221,1166630400000,9.34,9.35,8.9,8.93,31902,29050942.999999996,0.0,0,9.34,0
20061222,1166716800000,8.860000000000001,9.080000000000002,8.700000000000001,8.8,17847,15777589.0,0.0,0,8.930000000000001,0
20061225,1166976000000,8.8,9.08,8.74,8.790000000000001,23911,21228686.0,0.0,0,8.8,0
20061226,1167062400000,8.790000000000001,8.89,8.46,8.610000000000001,13997,12141464.999999998,0.0,0,8.790000000000001,0
20061227,1167148800000,8.6,8.6,8.49,8.53,20481,17470928.0,0.0,0,8.61,0
20061228,1167235200000,8.52,8.75,8.26,8.27,15693,13202119.000000002,0.0,0,8.53,0
20061229,1167321600000,8.27,8.469999999999999,8.27,8.33,14753,12333144.0,0.0,0,8.27,0
20070104,1167840000000,8.3,8.55,8.3,8.360000000000001,20842,17484318.0,0.0,0,8.33,0
20070105,1167926400000,8.299999999999999,8.549999999999999,8.18,8.53,23578,19588280.0,0.0,0,8.36,0
20070108,1168185600000,8.569999999999999,9.049999999999999,8.45,8.93,28847,25329531.000000004,0.0,0,8.53,0
20070109,1168272000000,8.97,9.17,8.82,9.040000000000001,31463,28456639.999999996,0.0,0,8.93,0
20070110,1168358400000,9.13,9.450000000000001,9.13,9.360000000000001,39288,36438442.0,0.0,0,9.040000000000001,0
20070111,1168444800000,9.65,9.940000000000001,9.4,9.49,64423,62425912.0,0.0,0,9.360000000000001,0
20070112,1168531200000,9.450000000000001,9.73,8.88,8.98,38605,35753779.0,0.0,0,9.49,0
20070115,1168790400000,8.81,9.75,8.81,9.71,51648,48796932.0,0.0,0,8.98,0
20070116,1168876800000,9.74,10.68,9.5,10.68,105973,108013451.0,0.0,0,9.71,0
20070117,1168963200000,10.68,11.1,10.02,10.5,82730,87993333.00000001,0.0,0,10.68,0
20070118,1169049600000,10.52,11.549999999999999,10.36,11.37,74024,80989831.0,0.0,0,10.5,0
20070119,1169136000000,11.32,11.78,11.09,11.6,54452,62234938.0,0.0,0,11.37,0
20070122,1169395200000,11.5,11.75,11.36,11.58,60202,69323861.99999999,0.0,0,11.6,0
20070123,1169481600000,11.61,12.25,11.5,12.06,71257,85047402.00000001,0.0,0,11.58,0
20070124,1169568000000,12.02,12.13,11.75,11.81,38242,45394317.00000001,0.0,0,12.06,0
20070125,1169654400000,11.75,11.75,10.98,11.24,74832,84670050.0,0.0,0,11.81,0
20070126,1169740800000,11.000000000000002,11.38,10.120000000000001,10.830000000000002,32388,34775897.0,0.0,0,11.240000000000002,0
20070129,1170000000000,10.85,11.34,10.83,11.22,30916,34389347.0,0.0,0,10.83,0
20070130,1170086400000,11.25,11.4,11.0,11.3,25294,28373835.0,0.0,0,11.22,0
20070131,1170172800000,11.25,11.39,10.34,10.37,29991,32807858.000000004,0.0,0,11.3,0
20070201,1170259200000,10.330000000000002,10.600000000000001,9.870000000000001,10.170000000000002,20529,20862297.0,0.0,0,10.370000000000001,0
20070202,1170345600000,10.18,10.4,9.81,9.84,16105,16244720.0,0.0,0,10.17,0
20070205,1170604800000,9.56,10.120000000000001,9.56,9.96,14725,14681901.0,0.0,0,9.84,0
20070206,1170691200000,10.02,10.219999999999999,9.93,10.2,20858,21025282.0,0.0,0,9.959999999999999,0
20070207,1170777600000,10.379999999999999,10.51,10.18,10.27,16773,17314053.0,0.0,0,10.2,0
20070208,1170864000000,10.29,10.62,10.1,10.6,32455,33501392.000000004,0.0,0,10.27,0
20070209,1170950400000,10.620000000000001,10.670000000000002,10.290000000000001,10.38,19894,20769344.0,0.0,0,10.600000000000001,0
20070212,1171209600000,10.42,10.75,10.33,10.68,20748,21984825.0,0.0,0,10.38,0
20070213,1171296000000,10.750000000000002,11.3,10.620000000000001,11.180000000000001,27742,30614735.0,0.0,0,10.680000000000001,0
20070214,1171382400000,11.15,11.43,11.08,11.2,25824,29100624.0,0.0,0,11.18,0
20070215,1171468800000,11.200000000000001,11.540000000000001,11.200000000000001,11.39,27541,31371775.0,0.0,0,11.200000000000001,0
20070216,1171555200000,11.46,12.23,11.4,11.81,31849,37742078.0,0.0,0,11.39,0
20070226,1172419200000,11.88,12.680000000000001,11.88,12.530000000000001,33286,40978725.0,0.0,0,11.81,0
20070227,1172505600000,12.549999999999999,12.66,11.28,11.28,40045,47434288.0,0.0,0,12.53,0
20070228,1172592000000,11.0,11.55,10.33,11.47,31440,34861373.00000001,0.0,0,11.28,0
20070301,1172678400000,11.47,11.47,10.5,10.6,29972,32502658.000000004,0.0,0,11.47,0
20070302,1172764800000,10.55,11.08,10.55,10.89,27446,29768035.999999996,0.0,0,10.600000000000001,0
20070305,1173024000000,11.0,11.299999999999999,10.6,11.27,34457,37943987.0,0.0,0,10.889999999999999,0
20070306,1173110400000,11.41,12.0,11.35,11.86,65978,77733389.99999999,0.0,0,11.27,0
20070307,1173196800000,12.01,12.229999999999999,11.86,12.0,39682,47602614.99999999,0.0,0,11.86,0
20070308,1173283200000,12.010000000000002,12.360000000000001,11.88,12.17,38424,46567038.0,0.0,0,12.0,0
20070309,1173369600000,12.180000000000001,12.25,11.8,11.82,37477,44833005.99999999,0.0,0,12.17,0
20070312,1173628800000,11.84,12.7,11.84,12.62,53511,66418456.0,0.0,0,11.82,0
20070313,1173715200000,12.709999999999999,12.94,12.52,12.69,45311,57875467.00000001,0.0,0,12.62,0
20070314,1173801600000,12.61,12.61,11.6,12.08,43783,52913190.99999999,0.0,0,12.69,0
20070315,1173888000000,12.100000000000001,12.670000000000002,11.950000000000001,12.590000000000002,41235,50685642.00000001,0.0,0,12.080000000000002,0
20070316,1173974400000,12.64,13.19,12.01,12.23,44192,56260830.0,0.0,0,12.59,0
20070319,1174233600000,11.9,13.450000000000001,11.620000000000001,13.260000000000002,65988,85606188.0,0.0,0,12.23,0
20070320,1174320000000,13.260000000000002,13.58,12.96,13.25,35366,46801901.00000001,0.0,0,13.260000000000002,0
20070321,1174406400000,13.330000000000002,13.600000000000001,13.200000000000001,13.280000000000001,24828,33135212.0,0.0,0,13.250000000000002,0
20070322,1174492800000,13.32,13.99,13.25,13.35,37620,50864135.0,0.0,0,13.28,0
20070323,1174579200000,13.3,13.59,12.83,13.23,28733,37727532.0,0.0,0,13.35,0
20070326,1174838400000,13.23,13.52,13.18,13.459999999999999,26856,35917076.0,0.0,0,13.23,0
20070327,1174924800000,13.46,13.860000000000001,13.4,13.530000000000001,26373,35881387.00000001,0.0,0,13.46,0
20070328,1175011200000,13.6,13.9,12.6,13.25,40393,53810198.0,0.0,0,13.53,0
20070329,1175097600000,13.23,13.260000000000002,12.200000000000001,12.340000000000002,46483,58893044.99999999,0.0,0,13.250000000000002,0
20070330,1175184000000,12.29,12.54,12.0,12.52,40147,49322200.0,0.0,0,12.34,0
20070402,1175443200000,12.48,12.55,12.200000000000001,12.440000000000001,39874,49353709.0,0.0,0,12.520000000000001,0
20070403,1175529600000,12.5,12.8,12.48,12.76,37187,47062730.0,0.0,0,12.440000000000001,0
20070404,1175616000000,12.8,12.830000000000002,12.450000000000001,12.65,32962,41552939.0,0.0,0,12.760000000000002,0
20070405,1175702400000,12.64,12.860000000000001,12.4,12.75,30980,39109733.0,0.0,0,12.65,0
20070406,1175788800000,12.8,13.170000000000002,12.700000000000001,13.080000000000002,36059,46882306.00000001,0.0,0,12.750000000000002,0
20070409,1176048000000,13.11,13.38,12.92,13.11,37091,48801754.0,0.0,0,13.08,0
20070410,1176134400000,13.200000000000001,13.48,12.8,13.38,43777,57972484.0,0.0,0,13.110000000000001,0
20070411,1176220800000,13.43,13.5,13.0,13.17,31965,42146044.00000001,0.0,0,13.38,0
20070412,1176307200000,13.17,13.399999999999999,12.86,13.379999999999999,48320,63426994.0,0.0,0,13.17,0
20070413,1176393600000,13.35,13.85,13.0,13.53,84264,114458622.0,0.0,0,13.38,0
20070416,1176652800000,13.7,14.7,13.6,14.52,106431,150600990.0,0.0,0,13.53,0
20070417,1176739200000,14.22,14.47,13.65,14.22,66459,93868436.0,0.0,0,14.52,0
20070418,1176825600000,14.180000000000001,14.4,13.8,14.370000000000001,49457,69634452.0,0.0,0,14.22,0
20070419,1176912000000,14.25,14.25,12.93,13.12,50951,69084241.0,0.0,0,14.37,0
20070420,1176998400000,13.19,13.65,13.19,13.52,39705,53330733.0,0.0,0,13.12,0
20070423,1177257600000,13.7,14.14,13.5,14.04,48293,66837234.0,0.0,0,13.52,0
20070424,1177344000000,14.09,14.299999999999999,13.85,13.98,51970,72730274.0,0.0,0,14.04,0
20070425,1177430400000,13.99,13.99,13.25,13.64,34239,46818921.99999999,0.0,0,13.98,0
20070426,1177516800000,13.66,14.200000000000001,13.65,14.120000000000001,41538,58390631.0,0.0,0,13.64,0
20070427,1177603200000,14.09,14.530000000000001,13.98,14.07,51818,73794637.0,0.0,0,14.120000000000001,0
20070430,1177862400000,13.38,13.98,13.0,13.17,64329,85629960.0,0.0,0,14.07,0
20070508,1178553600000,13.42,13.48,12.8,13.450000000000001,69182,91359515.00000001,0.0,0,13.17,0
20070509,1178640000000,13.34,14.0,13.18,13.91,64582,87887809.0,0.0,0,13.45,0
20070510,1178726400000,13.879999999999999,14.35,13.52,14.08,61125,85672935.0,0.0,0,13.91,0
20070511,1178812800000,14.08,14.98,13.68,14.37,84597,122555404.0,0.0,0,14.08,0
20070514,1179072000000,14.08,14.7,13.84,14.23,60729,87689459.0,0.0,0,14.37,0
20070515,1179158400000,14.3,14.4,13.51,13.6,55600,77533385.0,0.0,0,14.23,0
20070516,1179244800000,13.52,14.36,13.52,14.32,41093,57409281.0,0.0,0,13.6,0
20070517,1179331200000,14.39,15.21,14.39,14.91,101077,150169695.0,0.0,0,14.32,0
20070518,1179417600000,14.91,14.91,14.5,14.63,46131,67798087.0,0.0,0,14.91,0
20070521,1179676800000,13.89,15.39,13.8,15.21,80863,119791983.0,0.0,0,14.63,0
20070522,1179763200000,15.37,16.08,15.1,15.4,120702,188408949.0,0.0,0,15.209999999999999,0
20070523,1179849600000,15.4,15.4,15.4,15.4,0,0.0,0.0,0,15.4,1
20070524,1179936000000,15.82,16.16,14.99,15.68,92972,144888680.0,0.0,0,15.4,0
20070525,1180022400000,15.700000000000001,15.930000000000001,15.3,15.47,59315,92018997.99999999,0.0,0,15.680000000000001,0
20070528,1180281600000,15.75,16.45,15.39,16.13,93061,148555841.0,0.0,0,15.47,0
20070529,1180368000000,16.080000000000002,16.290000000000003,15.610000000000001,15.920000000000002,58742,93600161.0,0.0,0,16.130000000000003,0
20070530,1180454400000,14.8,15.6,14.33,14.33,73691,109121665.0,0.0,0,15.92,0
20070531,1180540800000,13.89,14.32,12.9,13.09,65231,86098846.00000001,0.0,0,14.33,0
20070601,1180627200000,13.229999999999999,13.45,11.78,11.78,62812,77721468.0,0.0,0,13.09,0
20070604,1180886400000,11.879999999999999,12.25,10.6,10.61,52463,58383026.0,0.0,0,11.78,0
20070605,1180972800000,10.6,11.200000000000001,9.65,11.190000000000001,49783,52206454.0,0.0,0,10.61,0
20070606,1181059200000,11.350000000000001,11.350000000000001,10.8,11.09,44024,49124372.0,0.0,0,11.190000000000001,0
20070607,1181145600000,11.1,11.59,11.02,11.49,44879,50827997.0,0.0,0,11.09,0
20070608,1181232000000,11.389999999999999,12.07,11.35,11.67,57627,67883375.0,0.0,0,11.49,0
20070611,1181491200000,11.6,12.28,11.59,12.0,48604,58297913.00000001,0.0,0,11.67,0
20070612,1181577600000,12.1,12.48,11.51,12.219999999999999,38096,46019761.0,0.0,0,12.0,0
20070613,1181664000000,12.5,12.72,12.15,12.51,50178,62656462.00000001,0.0,0,12.22,0
20070614,1181750400000,12.51,12.51,12.51,12.51,0,0.0,0.0,0,12.51,1
20070615,1181836800000,12.200000000000001,12.5,11.81,12.06,60229,72724604.0,0.0,0,12.51,0
20070618,1182096000000,12.17,12.84,12.0,12.69,61832,75920798.00000001,0.0,0,12.06,0
20070619,1182182400000,12.360000000000001,12.63,12.15,12.46,37032,45994632.0,0.0,0,12.690000000000001,0
20070620,1182268800000,12.459999999999999,12.879999999999999,11.69,11.85,39411,49228457.0,0.0,0,12.459999999999999,0
20070621,1182355200000,11.85,12.239999999999998,11.28,11.6,38424,44866374.0,0.0,0,11.85,0
20070622,1182441600000,11.67,11.799999999999999,10.44,10.559999999999999,34747,38256308.0,0.0,0,11.6,0
20070625,1182700800000,10.68,11.51,10.02,10.52,48246,52700106.00000001,0.0,0,10.559999999999999,0
20070626,1182787200000,10.4,10.600000000000001,9.700000000000001,10.430000000000001,37767,38146112.0,0.0,0,10.520000000000001,0
20070627,1182873600000,10.4,11.15,10.3,11.040000000000001,44101,47933430.0,0.0,0,10.430000000000001,0
20070628,1182960000000,11.049999999999999,11.25,9.94,9.959999999999999,27891,29533095.000000004,0.0,0,11.04,0
20070629,1183046400000,9.87,9.87,9.0,9.23,27888,26224747.0,0.0,0,9.96,0
20070702,1183305600000,9.180000000000001,9.620000000000001,9.120000000000001,9.520000000000001,16418,15370926.0,0.0,0,9.23,0
20070703,1183392000000,9.52,9.75,9.36,9.52,19123,18228203.000000004,0.0,0,9.52,0
20070704,1183478400000,9.65,9.66,9.38,9.42,13067,12406266.000000002,0.0,0,9.520000000000001,0
20070705,1183564800000,9.3,9.38,8.620000000000001,8.65,13793,12363997.000000002,0.0,0,9.420000000000002,0
20070706,1183651200000,8.6,9.2,8.6,9.17,20015,17780677.0,0.0,0,8.65,0
20070709,1183910400000,9.16,9.6,9.16,9.49,21174,20046847.0,0.0,0,9.17,0
20070710,1183996800000,9.58,9.58,9.02,9.2,14555,13473464.000000002,0.0,0,9.49,0
20070711,1184083200000,9.18,9.43,9.1,9.389999999999999,8817,8202437.000000001,0.0,0,9.2,0
20070712,1184169600000,9.3,9.56,9.3,9.5,9319,8824642.999999998,0.0,0,9.39,0
20070713,1184256000000,9.5,9.879999999999999,9.44,9.85,18476,17827190.0,0.0,0,9.5,0
20070716,1184515200000,9.82,9.82,9.3,9.32,11487,11018718.0,0.0,0,9.850000000000001,0
20070717,1184601600000,9.34,9.75,8.98,9.57,10185,9530017.0,0.0,0,9.32,0
20070718,1184688000000,9.58,9.58,9.21,9.350000000000001,6880,6471529.999999999,0.0,0,9.47,0
20070719,1184774400000,9.25,9.53,9.25,9.45,5461,5140810.0,0.0,0,9.35,0
20070720,1184860800000,9.540000000000001,9.8,9.450000000000001,9.770000000000001,18029,17491274.0,0.0,0,9.450000000000001,0
20070723,1185120000000,9.700000000000001,10.3,9.700000000000001,10.180000000000001,27347,27538083.0,0.0,0,9.770000000000001,0
20070724,1185206400000,10.2,10.6,10.02,10.17,24314,25199858.000000004,0.0,0,10.18,0
20070725,1185292800000,10.05,10.620000000000001,10.05,10.520000000000001,19181,19955664.0,0.0,0,10.17,0
20070726,1185379200000,10.52,10.84,10.49,10.68,21665,23179081.0,0.0,0,10.52,0
20070727,1185465600000,10.700000000000001,11.08,10.56,10.96,23765,25935142.0,0.0,0,10.68,0
20070730,1185724800000,10.96,11.340000000000002,10.96,11.260000000000002,29130,32595370.0,0.0,0,10.96,0
20070731,1185811200000,11.25,11.28,10.85,11.02,30124,33134528.000000004,0.0,0,11.26,0
20070801,1185897600000,11.11,11.39,10.5,10.51,36310,39859407.0,0.0,0,11.02,0
20070802,1185984000000,10.84,10.98,10.48,10.870000000000001,22319,24068145.0,0.0,0,10.51,0
20070803,1186070400000,10.870000000000001,11.100000000000001,10.700000000000001,10.9,29597,32338855.000000004,0.0,0,10.870000000000001,0
20070806,1186329600000,11.05,11.250000000000002,10.950000000000001,11.14,32676,36246785.0,0.0,0,10.9,0
20070807,1186416000000,11.22,11.98,10.88,11.48,52728,60704084.99999999,0.0,0,11.14,0
20070808,1186502400000,11.58,11.86,10.91,11.11,41245,46966331.0,0.0,0,11.48,0
20070809,1186588800000,11.14,11.29,10.6,10.92,29712,32717717.0,0.0,0,11.11,0
20070810,1186675200000,10.95,10.95,10.28,10.58,25586,27008566.0,0.0,0,10.92,0
20070813,1186934400000,10.360000000000001,11.420000000000002,10.3,11.4,56577,63016731.0,0.0,0,10.58,0
20070814,1187020800000,11.4,11.600000000000001,11.22,11.350000000000001,32628,37236924.0,0.0,0,11.4,0
20070815,1187107200000,11.4,11.44,10.92,11.18,22515,25236963.0,0.0,0,11.35,0
20070816,1187193600000,11.14,11.42,10.9,11.360000000000001,28616,31933794.000000004,0.0,0,11.18,0
20070817,1187280000000,11.32,11.54,11.25,11.32,33190,37922354.0,0.0,0,11.36,0
20070820,1187539200000,11.56,11.94,11.41,11.81,38766,45313186.0,0.0,0,11.32,0
20070821,1187625600000,11.88,12.06,11.71,11.89,34164,40692031.0,0.0,0,11.81,0
20070822,1187712000000,11.59,12.28,11.51,12.129999999999999,42726,51464842.0,0.0,0,11.89,0
20070823,1187798400000,12.200000000000001,12.35,11.9,11.97,32217,38690448.0,0.0,0,12.13,0
20070824,1187884800000,11.98,12.540000000000001,11.65,12.34,61594,74330206.00000001,0.0,0,11.97,0
20070827,1188144000000,12.39,12.4,11.85,11.959999999999999,33364,40308842.0,0.0,0,12.34,0
20070828,1188230400000,12.000000000000002,12.260000000000002,11.700000000000001,12.000000000000002,30988,37054486.0,0.0,0,11.96,0
20070829,1188316800000,11.709999999999999,12.23,11.44,12.18,37361,44179967.0,0.0,0,12.0,0
20070830,1188403200000,12.33,13.28,12.33,13.05,99954,128509775.0,0.0,0,12.18,0
20070831,1188489600000,12.98,13.46,12.8,13.05,57924,76253924.0,0.0,0,13.05,0
20070903,1188748800000,13.2,13.379999999999999,13.01,13.08,42432,55961174.0,0.0,0,13.049999999999999,0
20070904,1188835200000,13.1,13.9,13.1,13.56,46113,61983054.0,0.0,0,13.08,0
20070905,1188921600000,13.350000000000001,13.63,12.81,13.13,34041,44734334.00000001,0.0,0,13.56,0
20070906,1189008000000,13.200000000000001,13.35,12.98,13.01,27744,36452723.0,0.0,0,13.13,0
20070907,1189094400000,12.92,12.97,12.4,12.43,40137,50716918.0,0.0,0,13.01,0
20070910,1189353600000,12.3,12.840000000000002,12.200000000000001,12.82,25552,32353790.000000004,0.0,0,12.430000000000001,0
20070911,1189440000000,12.899999999999999,12.98,11.61,11.7,27360,34378550.00000001,0.0,0,12.82,0
20070912,1189526400000,11.92,12.87,11.92,12.87,26963,33990322.0,0.0,0,11.7,0
20070913,1189612800000,14.000000000000002,14.000000000000002,13.200000000000001,13.290000000000001,105403,143093307.0,0.0,0,12.870000000000001,0
20070914,1189699200000,13.379999999999999,14.62,13.1,14.62,112692,163393725.0,0.0,0,13.29,0
20070917,1189958400000,14.83,15.459999999999999,14.68,15.03,122024,184107020.0,0.0,0,14.62,0
20070918,1190044800000,14.979999999999999,16.5,14.61,15.879999999999999,73850,115397024.0,0.0,0,15.03,0
20070919,1190131200000,15.98,16.53,15.18,15.379999999999999,58311,93037714.0,0.0,0,15.879999999999999,0
20070920,1190217600000,15.370000000000001,15.8,15.05,15.3,43591,66632368.0,0.0,0,15.38,0
20070921,1190304000000,15.200000000000001,15.350000000000001,14.3,14.72,44768,66128488.0,0.0,0,15.3,0
20070924,1190563200000,14.72,15.3,14.08,15.19,48456,70683229.0,0.0,0,14.72,0
20070925,1190649600000,14.799999999999999,15.49,14.44,14.59,29641,44071130.0,0.0,0,15.19,0
20070926,1190736000000,14.6,14.77,13.85,13.889999999999999,24950,35409788.0,0.0,0,14.59,0
20070927,1190822400000,13.94,14.45,13.94,14.12,15592,22113045.000000004,0.0,0,13.889999999999999,0
20070928,1190908800000,14.200000000000001,14.660000000000002,14.200000000000001,14.48,20659,29951301.0,0.0,0,14.120000000000001,0
20071008,1191772800000,14.590000000000002,14.700000000000001,14.030000000000001,14.05,18252,25960581.0,0.0,0,14.48,0
20071009,1191859200000,14.07,14.450000000000001,13.98,14.4,15238,21777547.0,0.0,0,14.05,0
20071010,1191945600000,14.389999999999999,14.52,13.94,14.059999999999999,20144,28466984.0,0.0,0,14.4,0
20071011,1192032000000,13.9,14.06,13.3,13.360000000000001,29628,40222842.00000001,0.0,0,14.06,0
20071012,1192118400000,13.299999999999999,13.58,12.02,12.78,37612,47136436.0,0.0,0,13.36,0
20071015,1192377600000,12.78,13.18,12.51,12.78,20092,25951036.0,0.0,0,12.78,0
20071016,1192464000000,12.76,13.35,12.58,13.25,20189,26246544.000000004,0.0,0,12.78,0
20071017,1192550400000,13.290000000000001,13.580000000000002,12.780000000000001,13.13,12624,16616626.0,0.0,0,13.250000000000002,0
20071018,1192636800000,13.13,13.13,12.5,12.53,13138,16651750.0,0.0,0,13.13,0
20071019,1192723200000,12.54,12.79,12.1,12.36,12895,15896103.999999998,0.0,0,12.53,0
20071022,1192982400000,12.35,12.35,11.73,11.74,12356,14830775.0,0.0,0,12.360000000000001,0
20071023,1193068800000,11.89,12.18,11.35,11.98,10647,12553546.0,0.0,0,11.74,0
20071024,1193155200000,11.979999999999999,12.049999999999999,11.36,11.379999999999999,13127,15307944.000000002,0.0,0,11.979999999999999,0
20071025,1193241600000,11.2,11.2,10.24,10.24,19001,19881589.0,0.0,0,11.38,0
20071026,1193328000000,10.1,10.27,9.32,9.89,15368,15204525.0,0.0,0,10.24,0
20071029,1193587200000,10.17,10.3,9.9,10.25,9582,9651832.000000002,0.0,0,9.89,0
20071030,1193673600000,10.24,10.4,10.08,10.33,11490,11751847.000000002,0.0,0,10.25,0
20071031,1193760000000,10.379999999999999,11.049999999999999,10.36,10.889999999999999,17738,19016549.0,0.0,0,10.33,0
20071101,1193846400000,10.950000000000001,10.97,10.370000000000001,10.4,12432,13147204.0,0.0,0,10.89,0
20071102,1193932800000,10.3,10.850000000000001,10.21,10.530000000000001,17444,18533528.0,0.0,0,10.4,0
20071105,1194192000000,10.53,10.87,10.52,10.62,7885,8421429.0,0.0,0,10.53,0
20071106,1194278400000,10.63,11.08,10.63,10.850000000000001,9141,9988033.0,0.0,0,10.620000000000001,0
20071107,1194364800000,11.03,11.05,10.41,10.67,6983,7456604.0,0.0,0,10.85,0
20071108,1194451200000,10.5,10.7,10.0,10.05,6870,7112895.0,0.0,0,10.67,0
20071109,1194537600000,10.09,10.100000000000001,9.8,10.0,5509,5488443.000000001,0.0,0,10.05,0
20071112,1194796800000,9.92,9.94,9.5,9.8,5642,5491858.0,0.0,0,10.0,0
20071113,1194883200000,9.8,10.19,9.75,9.95,5905,5896112.0,0.0,0,9.8,0
20071114,1194969600000,9.98,10.31,9.98,10.3,7581,7728653.0,0.0,0,9.950000000000001,0
20071115,1195056000000,10.299999999999999,10.44,10.1,10.129999999999999,9195,9333270.0,0.0,0,10.299999999999999,0
20071116,1195142400000,10.370000000000001,10.83,10.3,10.58,19234,20440148.0,0.0,0,10.13,0
20071119,1195401600000,10.47,11.0,10.23,10.82,13486,14516087.000000002,0.0,0,10.58,0
20071120,1195488000000,10.799999999999999,10.93,10.6,10.82,11505,12403616.999999998,0.0,0,10.82,0
20071121,1195574400000,10.8,10.88,10.55,10.620000000000001,8232,8791802.0,0.0,0,10.82,0
20071122,1195660800000,10.35,10.55,9.9,10.0,6624,6795143.999999999,0.0,0,10.620000000000001,0
20071123,1195747200000,9.98,10.42,9.93,10.34,4406,4499508.0,0.0,0,10.0,0
20071126,1196006400000,10.48,10.65,10.18,10.209999999999999,5148,5396097.0,0.0,0,10.34,0
20071127,1196092800000,10.1,10.549999999999999,10.1,10.28,4644,4796274.0,0.0,0,10.209999999999999,0
20071128,1196179200000,10.3,10.64,10.3,10.48,4579,4788307.0,0.0,0,10.280000000000001,0
20071129,1196265600000,10.58,10.97,10.51,10.94,21466,23255693.999999996,0.0,0,10.48,0
20071130,1196352000000,10.9,11.100000000000001,10.64,10.700000000000001,10100,10964197.0,0.0,0,10.940000000000001,0
20071203,1196611200000,10.87,11.12,10.6,11.0,13867,15175680.000000002,0.0,0,10.7,0
20071204,1196697600000,11.1,11.15,10.74,10.76,6920,7512333.0,0.0,0,11.0,0
20071205,1196784000000,10.76,10.94,10.6,10.92,9275,10011125.0,0.0,0,10.76,0
20071206,1196870400000,11.04,11.04,10.68,10.82,7125,7683716.0,0.0,0,10.92,0
20071207,1196956800000,10.75,11.0,10.75,10.95,7961,8673069.0,0.0,0,10.82,0
20071210,1197216000000,10.8,11.31,10.58,11.23,18336,20385525.000000004,0.0,0,10.95,0
20071211,1197302400000,11.23,11.38,11.07,11.370000000000001,16539,18597207.0,0.0,0,11.23,0
20071212,1197388800000,11.330000000000002,11.450000000000001,11.200000000000001,11.420000000000002,14497,16428271.0,0.0,0,11.370000000000001,0
20071213,1197475200000,11.31,11.56,10.81,10.870000000000001,13837,15615569.0,0.0,0,11.42,0
20071214,1197561600000,10.7,11.17,10.51,11.11,11334,12313981.0,0.0,0,10.87,0
20071217,1197820800000,11.110000000000001,11.46,10.9,11.25,15026,16835011.0,0.0,0,11.110000000000001,0
20071218,1197907200000,11.34,11.82,11.05,11.64,28508,32857367.0,0.0,0,11.25,0
20071219,1197993600000,11.64,12.02,11.57,11.790000000000001,25144,29614274.999999996,0.0,0,11.64,0
20071220,1198080000000,11.780000000000001,11.89,11.72,11.770000000000001,13515,15939892.0,0.0,0,11.790000000000001,0
20071221,1198166400000,11.620000000000001,12.000000000000002,11.620000000000001,11.920000000000002,13966,16546612.0,0.0,0,11.770000000000001,0
20071224,1198425600000,12.01,12.39,11.92,11.95,19237,23397273.0,0.0,0,11.92,0
20071225,1198512000000,12.15,12.430000000000001,11.97,12.200000000000001,16041,19617294.0,0.0,0,11.950000000000001,0
20071226,1198598400000,12.200000000000001,12.65,12.200000000000001,12.590000000000002,17064,21252228.0,0.0,0,12.200000000000001,0
20071227,1198684800000,12.68,12.98,12.58,12.62,18829,24042346.0,0.0,0,12.59,0
20071228,1198771200000,12.85,12.9,12.5,12.61,22437,28463799.0,0.0,0,12.62,0
20080102,1199203200000,12.81,13.65,12.66,13.63,24414,32471902.000000004,0.0,0,12.61,0
20080103,1199289600000,13.59,14.6,13.43,14.03,34031,47735574.0,0.0,0,13.629999999999999,0
20080104,1199376000000,13.950000000000001,14.42,13.55,14.05,21265,29648839.000000004,0.0,0,14.030000000000001,0
20080107,1199635200000,14.0,14.4,13.81,13.950000000000001,21163,29613066.0,0.0,0,14.05,0
20080108,1199721600000,14.08,14.38,13.3,13.42,27261,37962534.00000001,0.0,0,13.950000000000001,0
20080109,1199808000000,13.21,13.66,13.21,13.66,17369,23388560.0,0.0,0,13.420000000000002,0
20080110,1199894400000,13.709999999999999,14.2,13.51,13.97,21536,29923765.0,0.0,0,13.66,0
20080111,1199980800000,13.950000000000001,13.950000000000001,13.46,13.620000000000001,16924,23010350.0,0.0,0,13.97,0
20080114,1200240000000,13.59,13.79,13.36,13.629999999999999,15376,20797387.0,0.0,0,13.62,0
20080115,1200326400000,13.73,14.080000000000002,13.620000000000001,13.870000000000001,16555,22909717.0,0.0,0,13.63,0
20080116,1200412800000,13.83,14.2,13.6,13.959999999999999,32358,45396952.0,0.0,0,13.87,0
20080117,1200499200000,13.93,14.36,13.25,13.73,26240,36369830.0,0.0,0,13.96,0
20080118,1200585600000,13.6,13.66,13.1,13.41,18982,25270740.999999996,0.0,0,13.73,0
20080121,1200844800000,13.41,13.500000000000002,12.450000000000001,12.500000000000002,19100,24650223.0,0.0,0,13.41,0
20080122,1200931200000,12.35,12.35,11.25,11.25,16833,19383341.000000004,0.0,0,12.5,0
20080123,1201017600000,11.010000000000002,11.66,10.88,11.620000000000001,19007,21527190.0,0.0,0,11.25,0
20080124,1201104000000,11.61,12.18,11.6,12.08,18820,22454509.000000004,0.0,0,11.62,0
20080125,1201190400000,12.08,12.15,11.71,11.790000000000001,13993,16642163.000000002,0.0,0,12.08,0
20080128,1201449600000,11.41,11.78,10.61,10.61,14082,15474667.999999998,0.0,0,11.79,0
20080129,1201536000000,10.8,11.17,10.65,11.06,8086,8863068.0,0.0,0,10.610000000000001,0
20080130,1201622400000,11.17,11.35,10.85,11.12,5470,6083010.0,0.0,0,11.06,0
20080131,1201708800000,11.07,11.33,10.9,11.07,4435,4923090.0,0.0,0,11.120000000000001,0
20080201,1201795200000,11.3,11.3,10.0,10.46,6738,7046399.0,0.0,0,11.07,0
20080204,1202054400000,10.61,11.33,10.61,11.32,8330,9244253.0,0.0,0,10.459999999999999,0
20080205,1202140800000,11.28,11.54,11.0,11.45,7479,8444701.0,0.0,0,11.32,0
20080213,1202832000000,11.17,11.54,11.1,11.299999999999999,3998,4540039.000000001,0.0,0,11.45,0
20080214,1202918400000,11.54,11.719999999999999,11.36,11.62,8904,10297823.0,0.0,0,11.299999999999999,0
20080215,1203004800000,11.600000000000001,11.780000000000001,11.46,11.75,9123,10627732.000000002,0.0,0,11.620000000000001,0
20080218,1203264000000,12.1,12.38,11.91,12.16,15139,18518588.000000004,0.0,0,11.75,0
20080219,1203350400000,12.09,12.34,12.01,12.24,8177,10020692.0,0.0,0,12.16,0
20080220,1203436800000,12.3,12.4,12.0,12.05,10629,12934792.0,0.0,0,12.24,0
20080221,1203523200000,12.000000000000002,12.500000000000002,11.700000000000001,12.48,15879,19377206.0,0.0,0,12.05,0
20080222,1203609600000,12.43,12.83,12.0,12.18,14735,18322199.0,0.0,0,12.48,0
20080225,1203868800000,12.18,12.45,11.92,11.98,9907,12089504.000000002,0.0,0,12.18,0
20080226,1203955200000,12.16,12.469999999999999,11.6,12.09,8438,10121623.999999998,0.0,0,11.98,0
20080227,1204041600000,12.15,12.55,12.09,12.51,11602,14378335.0,0.0,0,12.09,0
20080228,1204128000000,12.700000000000001,12.700000000000001,12.32,12.36,8479,10575798.0,0.0,0,12.51,0
20080229,1204214400000,12.370000000000001,12.57,12.32,12.450000000000001,8836,11010275.0,0.0,0,12.36,0
20080303,1204473600000,12.49,12.92,12.35,12.82,16353,20874064.0,0.0,0,12.45,0
20080304,1204560000000,13.0,13.0,12.56,12.59,12600,16039127.0,0.0,0,12.82,0
20080305,1204646400000,12.59,12.73,12.26,12.51,10983,13680771.0,0.0,0,12.59,0
20080306,1204732800000,12.700000000000001,13.760000000000002,12.700000000000001,13.4,86252,117445108.0,0.0,0,12.510000000000002,0
20080307,1204819200000,13.0,13.5,12.91,13.1,30140,39613970.0,0.0,0,13.4,0
20080310,1205078400000,13.33,13.69,13.1,13.66,59660,80122649.0,0.0,0,13.1,0
20080311,1205164800000,13.58,14.15,13.3,14.13,61582,84877460.00000001,0.0,0,13.66,0
20080312,1205251200000,14.4,14.5,13.65,13.66,45392,63754379.00000001,0.0,0,14.13,0
20080313,1205337600000,13.4,13.56,12.4,12.56,29453,37936121.0,0.0,0,13.66,0
20080314,1205424000000,12.520000000000001,12.860000000000001,12.200000000000001,12.31,16732,20708049.0,0.0,0,12.56,0
20080317,1205683200000,12.03,12.370000000000001,11.08,11.08,25595,29092761.000000004,0.0,0,12.31,0
20080318,1205769600000,11.0,11.0,9.97,10.07,24728,25602457.000000004,0.0,0,11.08,0
20080319,1205856000000,10.35,10.82,10.11,10.5,22690,23676942.0,0.0,0,10.07,0
20080320,1205942400000,10.49,11.15,9.75,10.88,22718,23738113.0,0.0,0,10.5,0
20080321,1206028800000,10.860000000000001,11.38,10.63,11.020000000000001,20441,22628281.0,0.0,0,10.88,0
20080324,1206288000000,11.25,11.350000000000001,10.8,10.860000000000001,15542,17214019.000000004,0.0,0,11.020000000000001,0
20080325,1206374400000,10.59,11.1,10.32,10.97,10811,11572812.0,0.0,0,10.86,0
20080326,1206460800000,11.02,11.35,10.9,11.040000000000001,9781,10888721.0,0.0,0,10.97,0
20080327,1206547200000,11.0,11.0,10.16,10.18,13084,13704868.0,0.0,0,11.040000000000001,0
20080328,1206633600000,9.99,10.63,9.700000000000001,10.510000000000002,9773,9989380.0,0.0,0,10.180000000000001,0
20080331,1206892800000,10.3,10.3,9.73,9.99,8023,8103596.0,0.0,0,10.51,0
20080401,1206979200000,10.08,10.18,8.99,8.99,15586,14401552.000000002,0.0,0,9.99,0
20080402,1207065600000,9.11,9.219999999999999,8.1,8.25,13610,11707342.0,0.0,0,8.99,0
20080403,1207152000000,8.15,8.74,8.15,8.530000000000001,7103,5972247.0,0.0,0,8.25,0
20080407,1207497600000,8.55,9.05,8.040000000000001,9.010000000000002,9033,7956815.0,0.0,0,8.530000000000001,0
20080408,1207584000000,9.05,9.25,9.0,9.09,8963,8175253.0,0.0,0,9.01,0
20080409,1207670400000,9.01,9.129999999999999,8.26,8.35,9718,8585444.000000002,0.0,0,9.09,0
20080410,1207756800000,8.33,8.53,7.8,8.47,9542,7872524.0,0.0,0,8.35,0
20080411,1207843200000,8.55,8.85,8.5,8.69,6791,5881640.999999999,0.0,0,8.47,0
20080414,1208102400000,8.5,8.5,8.0,8.0,8681,7119593.0,0.0,0,8.69,0
20080415,1208188800000,8.0,8.3,7.8,8.3,6021,4831112.0,0.0,0,8.0,0
20080416,1208275200000,8.15,8.379999999999999,8.01,8.08,5213,4271229.0,0.0,0,8.299999999999999,0
20080417,1208361600000,8.1,8.25,7.5,7.79,4911,3887163.9999999995,0.0,0,8.08,0
20080418,1208448000000,7.79,7.79,7.12,7.16,6136,4552577.0,0.0,0,7.79,0
20080421,1208707200000,7.7,7.87,7.03,7.12,8462,6312035.0,0.0,0,7.16,0
20080422,1208793600000,7.1,7.25,6.5,6.9,7050,4796006.0,0.0,0,7.12,0
20080423,1208880000000,6.9,7.26,6.7,7.18,7629,5397622.0,0.0,0,6.9,0
20080424,1208966400000,7.9,7.9,7.7,7.9,20930,16434050.000000002,0.0,0,7.18,0
20080425,1209052800000,8.05,8.32,7.8,7.9799999999999995,20016,16238740.0,0.0,0,7.8999999999999995,0
20080428,1209312000000,7.8,8.15,7.8,7.97,8925,7134850.0,0.0,0,7.9799999999999995,0
20080429,1209398400000,7.99,8.18,7.83,7.98,10086,8076671.0,0.0,0,7.97,0
20080430,1209484800000,7.98,8.290000000000001,7.98,8.27,16974,13868214.0,0.0,0,7.98,0
20080505,1209916800000,8.35,8.55,8.15,8.540000000000001,14292,11977872.000000002,0.0,0,8.27,0
20080506,1210003200000,8.540000000000001,8.540000000000001,8.22,8.32,13646,11381708.0,0.0,0,8.540000000000001,0
20080507,1210089600000,8.26,8.43,7.8500000000000005,7.86,14238,11629065.999999998,0.0,0,8.32,0
20080508,1210176000000,7.8500000000000005,8.05,7.7,8.05,10546,8321101.000000001,0.0,0,7.86,0
20080509,1210262400000,8.01,8.19,7.86,8.05,13616,10965927.0,0.0,0,8.05,0
20080512,1210521600000,8.0,8.2,7.71,8.1,13043,10402505.0,0.0,0,8.05,0
20080513,1210608000000,7.75,8.879999999999999,7.71,8.83,40571,33925319.0,0.0,0,8.1,0
20080514,1210694400000,8.76,8.98,8.56,8.91,37432,32890675.999999996,0.0,0,8.83,0
20080515,1210780800000,8.86,9.12,8.68,8.7,23535,20898058.999999996,0.0,0,8.91,0
20080516,1210867200000,8.66,8.84,8.34,8.51,13530,11620653.0,0.0,0,8.7,0
20080519,1211126400000,8.5,8.79,8.42,8.75,10915,9433194.0,0.0,0,8.51,0
20080520,1211212800000,8.77,8.83,7.88,7.92,12905,10889866.000000002,0.0,0,8.75,0
20080521,1211299200000,7.91,8.35,7.5,8.33,18125,14311023.0,0.0,0,7.92,0
20080522,1211385600000,8.16,8.88,8.120000000000001,8.66,31138,26890540.999999996,0.0,0,8.330000000000002,0
20080523,1211472000000,8.7,8.7,8.08,8.290000000000001,13821,11556445.0,0.0,0,8.66,0
20080526,1211731200000,8.290000000000001,8.32,7.8100000000000005,7.880000000000001,9111,7360185.0,0.0,0,8.290000000000001,0
20080527,1211817600000,7.8,7.99,7.79,7.9,5910,4665365.0,0.0,0,7.88,0
20080528,1211904000000,7.9,7.9,7.9,7.9,0,0.0,0.0,0,7.9,1
20080529,1211990400000,8.14,8.690000000000001,8.040000000000001,8.690000000000001,33753,29222708.000000004,0.0,0,7.900000000000001,0
20080530,1212076800000,8.9,9.08,8.48,8.97,68903,60691528.99999999,0.0,0,8.690000000000001,0
20080602,1212336000000,8.750000000000002,9.3,8.700000000000001,9.020000000000001,40480,36484253.0,0.0,0,8.97,0
20080603,1212422400000,9.04,9.91,8.68,9.68,59841,55770961.99999999,0.0,0,9.02,0
20080604,1212508800000,9.4,9.680000000000001,9.200000000000001,9.410000000000002,36968,34787027.0,0.0,0,9.680000000000001,0
20080605,1212595200000,9.360000000000001,9.4,8.8,8.84,24516,22161401.0,0.0,0,9.41,0
20080606,1212681600000,8.9,9.08,8.56,8.74,17140,15123289.0,0.0,0,8.84,0
20080610,1213027200000,8.3,8.45,7.87,7.87,13760,11007829.0,0.0,0,8.74,0
20080611,1213113600000,7.5,7.59,7.11,7.17,17892,13067396.000000002,0.0,0,7.87,0
20080612,1213200000000,7.03,7.41,7.03,7.21,11953,8635930.0,0.0,0,7.17,0
20080613,1213286400000,7.34,7.4,6.82,6.86,9116,6426388.999999999,0.0,0,7.21,0
20080616,1213545600000,6.91,7.0,6.55,6.96,6113,4158202.0000000005,0.0,0,6.859999999999999,0
20080617,1213632000000,6.98,7.19,6.4,6.46,10239,6981997.0,0.0,0,6.960000000000001,0
20080618,1213718400000,6.5,6.880000000000001,6.0200000000000005,6.78,12431,8129936.0,0.0,0,6.460000000000001,0
20080619,1213804800000,6.78,6.78,6.1000000000000005,6.1000000000000005,10226,6485498.000000001,0.0,0,6.78,0
20080620,1213891200000,6.04,6.45,5.66,6.04,15200,9289264.0,0.0,0,6.1000000000000005,0
20080623,1214150400000,6.000000000000001,6.15,5.8500000000000005,5.890000000000001,4980,2949859.0,0.0,0,5.960000000000001,0
20080624,1214236800000,5.859999999999999,6.13,5.72,6.09,4823,2897214.0,0.0,0,5.89,0
20080625,1214323200000,6.09,6.56,6.05,6.4399999999999995,13280,8428359.000000002,0.0,0,6.09,0
20080626,1214409600000,6.5,6.680000000000001,6.4,6.57,14882,9684937.999999998,0.0,0,6.44,0
20080627,1214496000000,6.25,6.3500000000000005,5.91,5.91,11829,7169511.0,0.0,0,6.57,0
20080630,1214755200000,5.79,6.0,5.79,5.97,6187,3663044.0,0.0,0,5.91,0
20080701,1214841600000,5.95,6.11,5.8500000000000005,6.0200000000000005,5848,3500439.0000000005,0.0,0,5.970000000000001,0
20080702,1214928000000,6.05,6.27,5.92,6.16,8542,5240446.0,0.0,0,6.02,0
20080703,1215014400000,6.05,6.52,5.96,6.46,12058,7681161.0,0.0,0,6.16,0
20080704,1215100800000,6.37,6.59,6.37,6.53,11846,7712834.000000001,0.0,0,6.46,0
20080707,1215360000000,6.53,6.87,6.53,6.83,11608,7832851.0,0.0,0,6.53,0
20080708,1215446400000,6.8,7.199999999999999,6.72,7.109999999999999,22397,15770389.0,0.0,0,6.83,0
20080709,1215532800000,7.090000000000001,7.41,7.0200000000000005,7.2,42157,30497971.0,0.0,0,7.11,0
20080710,1215619200000,7.1,7.38,6.83,6.91,26592,18961906.0,0.0,0,7.2,0
20080711,1215705600000,6.86,6.98,6.49,6.67,18017,12042045.000000002,0.0,0,6.91,0
20080714,1215964800000,6.58,6.87,6.51,6.859999999999999,10851,7295068.0,0.0,0,6.67,0
20080715,1216051200000,6.81,6.94,6.5,6.59,9498,6379566.0,0.0,0,6.86,0
20080716,1216137600000,6.66,6.66,6.0200000000000005,6.2,9108,5799753.0,0.0,0,6.590000000000001,0
20080717,1216224000000,6.47,6.47,6.08,6.12,6082,3795451.0,0.0,0,6.2,0
20080718,1216310400000,6.21,6.45,6.08,6.37,4460,2786245.0,0.0,0,6.12,0
20080721,1216569600000,6.4,6.680000000000001,6.36,6.680000000000001,8591,5628767.0,0.0,0,6.37,0
20080722,1216656000000,6.680000000000001,6.94,6.61,6.87,20182,13677455.999999998,0.0,0,6.680000000000001,0
20080723,1216742400000,6.87,6.94,6.7,6.88,16817,11511316.000000002,0.0,0,6.87,0
20080724,1216828800000,6.880000000000001,7.040000000000001,6.8100000000000005,6.960000000000001,15228,10552425.0,0.0,0,6.880000000000001,0
20080725,1216915200000,6.880000000000001,6.890000000000001,6.73,6.840000000000001,7518,5113449.000000001,0.0,0,6.960000000000001,0
20080728,1217174400000,6.75,7.07,6.75,7.06,15307,10682660.0,0.0,0,6.84,0
20080729,1217260800000,6.99,7.0,6.78,6.87,7493,5145496.0,0.0,0,7.0600000000000005,0
20080730,1217347200000,6.94,7.2,6.87,7.08,15585,10943410.999999998,0.0,0,6.87,0
20080731,1217433600000,7.11,7.11,6.75,6.9,9719,6692292.0,0.0,0,7.08,0
20080801,1217520000000,6.7299999999999995,6.99,6.63,6.95,12065,8268379.000000001,0.0,0,6.9,0
20080804,1217779200000,6.9,6.9,6.7700000000000005,6.86,4599,3140192.0,0.0,0,6.95,0
20080805,1217865600000,6.84,6.88,6.68,6.859999999999999,7481,5063080.0,0.0,0,6.859999999999999,0
20080806,1217952000000,6.86,7.1000000000000005,6.7700000000000005,7.090000000000001,27439,19068247.0,0.0,0,6.86,0
20080807,1218038400000,7.28,7.7700000000000005,7.2,7.41,61222,45671437.0,0.0,0,7.09,0
20080808,1218124800000,7.25,7.4,6.67,6.67,25535,17938900.0,0.0,0,7.41,0
20080811,1218384000000,6.21,6.47,6.0,6.01,25923,15647407.000000002,0.0,0,6.67,0
20080812,1218470400000,5.48,5.970000000000001,5.48,5.69,17025,9709483.0,0.0,0,6.010000000000001,0
20080813,1218556800000,5.65,5.78,5.3100000000000005,5.750000000000001,11362,6304339.0,0.0,0,5.69,0
20080814,1218643200000,5.75,5.78,5.55,5.7,8899,5059399.0,0.0,0,5.75,0
20080815,1218729600000,5.65,6.0600000000000005,5.53,5.800000000000001,20087,11764434.000000002,0.0,0,5.7,0
20080818,1218988800000,5.75,5.75,5.22,5.26,15978,8696648.0,0.0,0,5.8,0
20080819,1219075200000,5.170000000000001,5.41,5.0200000000000005,5.32,7410,3903041.0000000005,0.0,0,5.260000000000001,0
20080820,1219161600000,5.18,5.79,5.18,5.7299999999999995,12036,6736098.0,0.0,0,5.319999999999999,0
20080821,1219248000000,5.67,5.78,5.37,5.4,11238,6214393.999999999,0.0,0,5.73,0
20080822,1219334400000,5.3100000000000005,5.45,5.11,5.32,8566,4537146.0,0.0,0,5.4,0
20080825,1219593600000,5.390000000000001,5.49,5.28,5.4,6389,3458428.0,0.0,0,5.32,0
20080826,1219680000000,5.420000000000001,5.420000000000001,4.98,5.050000000000001,7134,3651944.0,0.0,0,5.4,0
20080827,1219766400000,5.050000000000001,5.050000000000001,5.050000000000001,5.050000000000001,0,0.0,0.0,0,5.050000000000001,1
20080828,1219852800000,5.029999999999999,5.18,5.01,5.109999999999999,4788,2442495.0,0.0,0,5.05,0
20080829,1219939200000,5.13,5.37,5.12,5.3100000000000005,7088,3740936.9999999995,0.0,0,5.11,0
20080901,1220198400000,5.28,5.28,5.1000000000000005,5.170000000000001,3962,2045809.9999999998,0.0,0,5.3100000000000005,0
20080902,1220284800000,5.17,5.43,5.05,5.35,8964,4744429.0,0.0,0,5.17,0
20080903,1220371200000,5.38,5.8100000000000005,5.16,5.68,22852,12628388.0,0.0,0,5.3500000000000005,0
20080904,1220457600000,5.67,6.050000000000001,5.53,5.74,44281,25884851.0,0.0,0,5.680000000000001,0
20080905,1220544000000,5.5,5.59,5.17,5.17,17866,9595555.0,0.0,0,5.74,0
20080908,1220803200000,5.1899999999999995,5.25,4.8,4.84,12357,6192139.0,0.0,0,5.17,0
20080909,1220889600000,4.8100000000000005,5.050000000000001,4.8100000000000005,5.040000000000001,6902,3406055.0,0.0,0,4.840000000000001,0
20080910,1220976000000,4.99,5.2,4.87,5.05,7579,3836996.0000000005,0.0,0,5.04,0
20080911,1221062400000,5.0200000000000005,5.140000000000001,4.98,5.08,7109,3591783.0,0.0,0,5.050000000000001,0
20080912,1221148800000,5.12,5.13,5.0,5.05,5107,2583997.0,0.0,0,5.08,0
20080916,1221494400000,5.04,5.05,4.83,4.93,5996,2957304.0,0.0,0,5.05,0
20080917,1221580800000,4.99,4.99,4.8,4.84,3933,1911860.0,0.0,0,4.93,0
20080918,1221667200000,4.99,4.99,4.37,4.65,9549,4371066.0,0.0,0,4.84,0
20080919,1221753600000,5.05,5.12,5.01,5.12,14378,7333824.0,0.0,0,4.6499999999999995,0
20080922,1222012800000,5.4,5.62,5.15,5.340000000000001,25284,13534653.000000002,0.0,0,5.12,0
20080923,1222099200000,5.16,5.26,5.05,5.06,13991,7172583.0,0.0,0,5.34,0
20080924,1222185600000,5.15,5.47,5.0,5.41,23827,12496281.0,0.0,0,5.06,0
20080925,1222272000000,5.34,5.52,5.3,5.41,21304,11529173.0,0.0,0,5.41,0
20080926,1222358400000,5.45,5.48,5.2,5.23,12757,6750020.000000001,0.0,0,5.41,0
20081006,1223222400000,5.15,5.15,4.96,5.0,7682,3852163.0000000005,0.0,0,5.23,0
20081007,1223308800000,4.8500000000000005,5.03,4.8100000000000005,4.99,5867,2894129.0,0.0,0,5.000000000000001,0
20081008,1223395200000,4.9,5.07,4.83,4.88,4543,2232781.0,0.0,0,4.99,0
20081009,1223481600000,4.97,5.07,4.88,4.8999999999999995,3453,1706174.0,0.0,0,4.88,0
20081010,1223568000000,4.73,4.76,4.46,4.4799999999999995,4695,2157587.0,0.0,0,4.9,0
20081013,1223827200000,4.3999999999999995,4.62,4.22,4.6,5916,2613648.0,0.0,0,4.4799999999999995,0
20081014,1223913600000,4.840000000000001,4.8500000000000005,4.44,4.45,5248,2425756.0,0.0,0,4.6000000000000005,0
20081015,1224000000000,4.4,4.64,4.33,4.57,3260,1439884.0,0.0,0,4.45,0
20081016,1224086400000,4.18,4.47,4.18,4.42,4244,1857212.9999999998,0.0,0,4.569999999999999,0
20081017,1224172800000,4.41,4.55,4.26,4.4799999999999995,2649,1175072.0000000002,0.0,0,4.42,0
20081020,1224432000000,4.41,4.83,4.03,4.66,12569,5783798.0,0.0,0,4.48,0
20081021,1224518400000,4.550000000000001,4.970000000000001,4.4,4.930000000000001,24556,11738591.0,0.0,0,4.66,0
20081022,1224604800000,4.8,4.95,4.71,4.72,11277,5412444.999999999,0.0,0,4.93,0
20081023,1224691200000,4.7,4.970000000000001,4.5200000000000005,4.930000000000001,8233,3893240.0,0.0,0,4.720000000000001,0
20081024,1224777600000,4.9,5.13,4.75,5.05,11462,5611135.0,0.0,0,4.93,0
20081027,1225036800000,5.05,5.3,4.75,5.04,16078,7919467.0,0.0,0,5.05,0
20081028,1225123200000,5.000000000000001,5.28,4.8500000000000005,5.24,18169,9277094.0,0.0,0,5.040000000000001,0
20081029,1225209600000,5.25,5.760000000000001,4.73,4.920000000000001,44566,24152942.000000004,0.0,0,5.24,0
20081030,1225296000000,4.699999999999999,4.77,4.43,4.66,23999,10950168.0,0.0,0,4.92,0
20081031,1225382400000,4.65,4.78,4.41,4.74,15324,6992802.000000001,0.0,0,4.66,0
20081103,1225641600000,4.73,4.86,4.5200000000000005,4.790000000000001,8991,4216800.0,0.0,0,4.74,0
20081104,1225728000000,5.08,5.21,4.8,4.92,21003,10426674.0,0.0,0,4.79,0
20081105,1225814400000,4.9,5.2,4.82,5.180000000000001,24484,12390974.0,0.0,0,4.92,0
20081106,1225900800000,5.09,5.16,4.95,5.1000000000000005,14539,7367113.0,0.0,0,5.180000000000001,0
20081107,1225987200000,5.1000000000000005,5.45,4.8500000000000005,5.3100000000000005,25712,13591568.0,0.0,0,5.1000000000000005,0
20081110,1226246400000,5.4,5.74,5.36,5.62,33717,18794167.000000004,0.0,0,5.3100000000000005,0
20081111,1226332800000,5.65,5.85,5.46,5.58,53345,30284493.000000004,0.0,0,5.62,0
20081112,1226419200000,5.48,5.65,5.3100000000000005,5.58,25381,13938062.0,0.0,0,5.58,0
20081113,1226505600000,5.6000000000000005,5.8500000000000005,5.53,5.71,42737,24463873.0,0.0,0,5.58,0
20081114,1226592000000,5.72,6.09,5.5,6.0,54353,31512310.0,0.0,0,5.71,0
20081117,1226851200000,6.0,6.12,5.8,6.06,53403,31979614.0,0.0,0,6.0,0
20081118,1226937600000,6.03,6.03,5.45,5.45,49173,27989799.000000004,0.0,0,6.0600000000000005,0
20081119,1227024000000,5.380000000000001,5.880000000000001,5.3500000000000005,5.82,36602,20600316.0,0.0,0,5.45,0
20081120,1227110400000,5.6499999999999995,5.859999999999999,5.51,5.63,27047,15315739.0,0.0,0,5.819999999999999,0
20081121,1227196800000,5.45,5.73,5.2700000000000005,5.5600000000000005,19804,10906310.0,0.0,0,5.630000000000001,0
20081124,1227456000000,5.550000000000001,5.7,5.4,5.430000000000001,14096,7848548.000000001,0.0,0,5.5600000000000005,0
20081125,1227542400000,5.5,5.6000000000000005,5.2,5.3500000000000005,10624,5716783.0,0.0,0,5.430000000000001,0
20081126,1227628800000,5.41,5.470000000000001,5.2700000000000005,5.45,10451,5617949.0,0.0,0,5.3500000000000005,0
20081127,1227715200000,5.73,5.84,5.45,5.45,23197,13098613.0,0.0,0,5.45,0
20081128,1227801600000,5.39,5.6,5.3,5.52,14585,8003303.999999999,0.0,0,5.45,0
20081201,1228060800000,5.47,5.77,5.47,5.75,18274,10343686.0,0.0,0,5.52,0
20081202,1228147200000,5.61,5.8500000000000005,5.61,5.800000000000001,23706,13634933.0,0.0,0,5.75,0
20081203,1228233600000,5.87,6.0,5.71,5.99,28318,16702213.0,0.0,0,5.8,0
20081204,1228320000000,6.040000000000001,6.130000000000001,5.8500000000000005,5.880000000000001,37093,22216666.0,0.0,0,5.99,0
20081205,1228406400000,5.8500000000000005,6.12,5.7700000000000005,6.08,28594,17146162.0,0.0,0,5.880000000000001,0
20081208,1228665600000,6.1499999999999995,6.6899999999999995,6.05,6.6899999999999995,79697,51646218.00000001,0.0,0,6.08,0
20081209,1228752000000,6.800000000000001,7.0200000000000005,6.69,6.73,128396,88099336.0,0.0,0,6.69,0
20081210,1228838400000,6.74,7.2700000000000005,6.6000000000000005,7.250000000000001,104785,72404904.99999999,0.0,0,6.73,0
20081211,1228924800000,7.300000000000001,7.48,7.07,7.19,100739,73183853.0,0.0,0,7.25,0
20081212,1229011200000,7.15,7.28,6.96,7.24,82368,58900429.00000001,0.0,0,7.19,0
20081215,1229270400000,7.35,7.7,7.25,7.59,105955,79379514.99999999,0.0,0,7.24,0
20081216,1229356800000,7.59,7.59,7.11,7.36,87019,63586145.00000001,0.0,0,7.59,0
20081217,1229443200000,7.430000000000001,7.58,7.36,7.430000000000001,91260,67984099.0,0.0,0,7.36,0
20081218,1229529600000,7.5,7.79,7.43,7.6899999999999995,90393,68802687.0,0.0,0,7.43,0
20081219,1229616000000,7.7,8.4,7.61,7.99,100335,79369651.0,0.0,0,7.69,0
20081222,1229875200000,8.01,8.27,7.88,8.26,78775,63488787.0,0.0,0,7.99,0
20081223,1229961600000,8.26,8.33,7.8500000000000005,8.0,84274,68362317.0,0.0,0,8.26,0
20081224,1230048000000,7.949999999999999,8.05,7.22,7.27,84702,63781991.0,0.0,0,8.0,0
20081225,1230134400000,7.250000000000001,7.500000000000001,7.0600000000000005,7.33,61461,45036781.0,0.0,0,7.2700000000000005,0
20081226,1230220800000,7.33,7.380000000000001,6.6000000000000005,6.6000000000000005,75528,51752725.99999999,0.0,0,7.33,0
20081229,1230480000000,6.5,6.680000000000001,6.23,6.61,70822,45582572.0,0.0,0,6.6000000000000005,0
20081230,1230566400000,6.5200000000000005,6.61,6.33,6.36,47497,30711383.000000004,0.0,0,6.61,0
20081231,1230652800000,6.32,6.43,6.09,6.109999999999999,35667,22297791.0,0.0,0,6.359999999999999,0
20090105,1231084800000,6.33,6.66,6.16,6.5,57202,36346673.0,0.0,0,6.11,0
20090106,1231171200000,6.48,6.880000000000001,6.390000000000001,6.710000000000001,85276,56594661.0,0.0,0,6.500000000000001,0
20090107,1231257600000,6.7,6.93,6.55,6.81,72708,48868033.0,0.0,0,6.71,0
20090108,1231344000000,6.7,6.98,6.6000000000000005,6.74,49045,33214875.999999996,0.0,0,6.8100000000000005,0
20090109,1231430400000,6.7,6.82,6.45,6.7,54776,36490799.0,0.0,0,6.74,0
20090112,1231689600000,6.7,6.97,6.66,6.96,55809,38209114.00000001,0.0,0,6.7,0
20090113,1231776000000,6.77,6.9799999999999995,6.55,6.6,40549,27398410.000000004,0.0,0,6.96,0
20090114,1231862400000,6.59,6.85,6.54,6.83,31382,21208343.999999996,0.0,0,6.6,0
20090115,1231948800000,6.74,7.35,6.71,7.17,61157,43177171.0,0.0,0,6.83,0
20090116,1232035200000,7.19,7.51,7.12,7.2,59340,43443773.0,0.0,0,7.17,0
20090119,1232294400000,7.45,7.45,7.01,7.12,39273,28247584.0,0.0,0,7.2,0
20090120,1232380800000,7.12,7.22,6.97,7.1,22947,16262226.0,0.0,0,7.12,0
20090121,1232467200000,7.04,7.35,7.0,7.23,33375,24135246.0,0.0,0,7.1,0
20090122,1232553600000,7.21,7.3,7.01,7.18,26269,18827839.0,0.0,0,7.2299999999999995,0
20090123,1232640000000,7.15,7.4,7.15,7.28,33655,24579929.0,0.0,0,7.180000000000001,0
20090202,1233504000000,7.33,7.69,7.29,7.6,38823,29340392.0,0.0,0,7.28,0
20090203,1233590400000,7.6000000000000005,8.23,7.53,7.99,55495,43892870.0,0.0,0,7.6000000000000005,0
20090204,1233676800000,7.99,8.15,7.75,7.92,53025,41785415.0,0.0,0,7.99,0
20090205,1233763200000,8.0,8.22,7.53,7.61,60000,47135617.0,0.0,0,7.92,0
20090206,1233849600000,7.56,7.96,7.55,7.89,52707,41075101.0,0.0,0,7.609999999999999,0
20090209,1234108800000,8.05,8.18,7.83,8.13,63458,50884058.00000001,0.0,0,7.89,0
20090210,1234195200000,8.100000000000001,8.14,7.8500000000000005,8.13,52403,41894366.0,0.0,0,8.13,0
20090211,1234281600000,8.08,8.46,7.92,8.17,69028,56842690.0,0.0,0,8.13,0
20090212,1234368000000,8.23,8.9,7.95,8.75,80391,67545950.0,0.0,0,8.17,0
20090213,1234454400000,8.780000000000001,8.870000000000001,8.540000000000001,8.770000000000001,60181,52274361.00000001,0.0,0,8.750000000000002,0
20090216,1234713600000,8.72,8.92,8.47,8.780000000000001,55683,48200587.0,0.0,0,8.770000000000001,0
20090217,1234800000000,8.71,8.8,7.91,7.98,60295,49988822.00000001,0.0,0,8.78,0
20090218,1234886400000,7.8,8.17,7.68,7.6899999999999995,39672,31431686.000000004,0.0,0,7.9799999999999995,0
20090219,1234972800000,7.720000000000001,7.9,7.69,7.87,26374,20588995.0,0.0,0,7.69,0
20090220,1235059200000,7.87,8.4,7.8,8.34,34446,28052432.999999996,0.0,0,7.87,0
20090223,1235318400000,8.299999999999999,8.799999999999999,8.28,8.709999999999999,63456,55011840.00000001,0.0,0,8.34,0
20090224,1235404800000,8.66,8.91,8.28,8.309999999999999,56573,48593950.0,0.0,0,8.709999999999999,0
20090225,1235491200000,8.4,8.52,8.01,8.41,41070,34190758.0,0.0,0,8.31,0
20090226,1235577600000,8.43,8.47,7.57,7.57,42716,34304498.0,0.0,0,8.41,0
20090227,1235664000000,7.3500000000000005,7.5600000000000005,6.8100000000000005,6.86,35170,24898948.0,0.0,0,7.57,0
20090302,1235923200000,6.78,7.16,6.67,7.03,18994,13265443.0,0.0,0,6.86,0
20090303,1236009600000,6.88,7.24,6.8,7.08,21644,15341221.0,0.0,0,7.03,0
20090304,1236096000000,7.0200000000000005,7.6000000000000005,7.0200000000000005,7.550000000000001,31601,23278969.0,0.0,0,7.08,0
20090305,1236182400000,7.510000000000001,7.74,7.3100000000000005,7.5600000000000005,33249,25093938.0,0.0,0,7.550000000000001,0
20090306,1236268800000,7.3999999999999995,7.68,7.3,7.64,25788,19512330.0,0.0,0,7.56,0
20090309,1236528000000,7.62,7.840000000000001,7.4,7.720000000000001,31469,24091953.0,0.0,0,7.640000000000001,0
20090310,1236614400000,7.69,8.290000000000001,7.640000000000001,8.15,64425,52257762.0,0.0,0,7.720000000000001,0
20090311,1236700800000,8.12,8.23,7.84,7.92,49361,39518474.0,0.0,0,8.15,0
20090312,1236787200000,8.0,8.57,7.890000000000001,8.540000000000001,71383,58998834.00000001,0.0,0,7.920000000000001,0
20090313,1236873600000,8.47,8.68,8.16,8.26,58003,48748331.99999999,0.0,0,8.540000000000001,0
20090316,1237132800000,8.1,8.24,7.9,8.08,36382,29220562.0,0.0,0,8.26,0
20090317,1237219200000,8.100000000000001,8.350000000000001,8.040000000000001,8.33,36355,30001548.0,0.0,0,8.08,0
20090318,1237305600000,8.35,8.559999999999999,8.28,8.309999999999999,38058,32086424.0,0.0,0,8.33,0
20090319,1237392000000,8.28,8.9,8.01,8.85,66394,56518686.00000001,0.0,0,8.31,0
20090320,1237478400000,8.8,8.8,8.4,8.540000000000001,46392,39754821.0,0.0,0,8.85,0
20090323,1237737600000,8.51,8.67,8.36,8.53,42159,35876306.0,0.0,0,8.54,0
20090324,1237824000000,8.61,8.7,8.36,8.51,35932,30513331.0,0.0,0,8.53,0
20090325,1237910400000,8.51,8.51,8.11,8.17,35395,29462355.0,0.0,0,8.51,0
20090326,1237996800000,8.18,8.34,8.16,8.31,24132,19937213.999999996,0.0,0,8.17,0
20090327,1238083200000,8.31,8.31,8.31,8.31,0,0.0,0.0,0,8.31,1
20090330,1238342400000,8.31,8.680000000000001,8.21,8.530000000000001,35512,30111669.0,0.0,0,8.31,0
20090331,1238428800000,8.479999999999999,8.62,8.28,8.479999999999999,26985,22805589.000000004,0.0,0,8.53,0
20090401,1238515200000,8.5,8.770000000000001,8.39,8.76,57171,49355841.00000001,0.0,0,8.48,0
20090402,1238601600000,8.84,8.850000000000001,8.55,8.57,43803,38209318.00000001,0.0,0,8.760000000000002,0
20090403,1238688000000,8.59,8.649999999999999,8.28,8.43,40606,34320675.0,0.0,0,8.569999999999999,0
20090407,1239033600000,8.43,8.53,8.34,8.49,22257,18762675.0,0.0,0,8.43,0
20090408,1239120000000,8.48,8.559999999999999,8.02,8.059999999999999,28278,23478158.0,0.0,0,8.49,0
20090409,1239206400000,8.06,8.22,8.01,8.19,20525,16594988.0,0.0,0,8.06,0
20090410,1239292800000,8.23,8.6,8.15,8.49,32275,27135997.0,0.0,0,8.19,0
20090413,1239552000000,8.64,8.690000000000001,8.39,8.5,40844,34863687.0,0.0,0,8.49,0
20090414,1239638400000,8.52,9.17,8.45,8.989999999999998,101439,90031971.0,0.0,0,8.5,0
20090415,1239724800000,8.91,9.090000000000002,8.63,8.96,58503,51817034.0,0.0,0,8.99,0
20090416,1239811200000,9.14,9.17,8.8,9.040000000000001,59390,53694044.0,0.0,0,8.96,0
20090417,1239897600000,9.05,9.05,8.59,8.66,45682,39952351.0,0.0,0,9.04,0
20090420,1240156800000,8.65,8.92,8.6,8.87,27309,24093698.000000004,0.0,0,8.66,0
20090421,1240243200000,8.770000000000001,9.4,8.700000000000001,9.290000000000001,78922,72115605.0,0.0,0,8.870000000000001,0
20090422,1240329600000,9.12,9.37,8.36,8.36,76159,67655853.0,0.0,0,9.29,0
20090423,1240416000000,8.33,8.59,8.19,8.5,29633,24978685.999999996,0.0,0,8.36,0
20090424,1240502400000,8.549999999999999,8.68,8.43,8.549999999999999,33597,28764270.000000004,0.0,0,8.5,0
20090427,1240761600000,8.48,8.57,8.18,8.2,27558,22894972.0,0.0,0,8.549999999999999,0
20090428,1240848000000,8.2,8.2,8.2,8.2,0,0.0,0.0,0,8.2,1
20090429,1240934400000,8.31,8.52,8.25,8.48,34245,28822496.0,0.0,0,8.2,0
20090430,1241020800000,8.55,8.75,8.5,8.7,35775,30997261.0,0.0,0,8.48,0
20090504,1241366400000,8.7,9.57,8.68,9.57,119785,111772646.00000001,0.0,0,8.7,0
20090505,1241452800000,9.62,10.27,9.43,9.969999999999999,167651,163618973.0,0.0,0,9.57,0
20090506,1241539200000,9.729999999999999,10.139999999999999,9.61,9.87,86163,84753284.0,0.0,0,9.969999999999999,0
20090507,1241625600000,9.8,10.7,9.66,10.44,126226,128960483.0,0.0,0,9.870000000000001,0
20090508,1241712000000,10.25,10.66,10.1,10.129999999999999,84498,87094277.0,0.0,0,10.44,0
20090511,1241971200000,10.129999999999999,10.18,9.28,9.309999999999999,71462,69722686.0,0.0,0,10.129999999999999,0
20090512,1242057600000,9.2,9.7,9.19,9.7,39770,37903883.0,0.0,0,9.309999999999999,0
20090513,1242144000000,9.67,9.83,9.53,9.729999999999999,34088,33080228.0,0.0,0,9.7,0
20090514,1242230400000,9.700000000000001,9.72,9.4,9.66,27781,26619158.000000004,0.0,0,9.73,0
20090515,1242316800000,9.69,10.12,9.61,10.03,48533,47868799.0,0.0,0,9.66,0
20090518,1242576000000,9.95,10.09,9.66,10.0,29411,29038434.000000004,0.0,0,9.95,0
20090519,1242662400000,10.0,10.17,9.85,9.9,30907,30772426.0,0.0,0,10.0,0
20090520,1242748800000,9.89,9.95,9.66,9.67,29292,28605271.000000004,0.0,0,9.9,0
20090521,1242835200000,9.57,9.770000000000001,9.450000000000001,9.520000000000001,21662,20780832.0,0.0,0,9.670000000000002,0
20090522,1242921600000,9.549999999999999,9.76,9.51,9.72,24908,24056298.0,0.0,0,9.52,0
20090525,1243180800000,9.5,9.92,9.4,9.9,32948,31924530.0,0.0,0,9.72,0
20090526,1243267200000,9.9,10.35,9.76,10.07,63172,63906967.0,0.0,0,9.9,0
20090527,1243353600000,10.05,10.13,9.83,9.91,28252,28181003.999999996,0.0,0,10.07,0
20090601,1243785600000,9.95,10.2,9.85,10.0,39370,39605664.0,0.0,0,9.91,0
20090602,1243872000000,10.4,10.48,9.99,10.02,59471,60485394.00000001,0.0,0,10.0,0
20090603,1243958400000,9.77,9.959999999999999,9.77,9.84,40841,40141636.00000001,0.0,0,10.02,0
20090604,1244044800000,9.8,9.84,9.55,9.71,28477,27570364.999999996,0.0,0,9.84,0
20090605,1244131200000,9.750000000000002,9.9,9.620000000000001,9.700000000000001,26603,25963962.0,0.0,0,9.71,0
20090608,1244390400000,9.700000000000001,9.85,9.56,9.64,17305,16762716.0,0.0,0,9.700000000000001,0
20090609,1244476800000,9.6,9.82,9.43,9.799999999999999,28854,27704977.000000004,0.0,0,9.64,0
20090610,1244563200000,9.88,9.950000000000001,9.71,9.91,31831,31380851.0,0.0,0,9.8,0
20090611,1244649600000,9.91,10.13,9.8,9.870000000000001,34390,34275368.00000001,0.0,0,9.91,0
20090612,1244736000000,9.9,9.96,9.42,9.53,26572,25755539.0,0.0,0,9.87,0
20090615,1244995200000,9.53,9.64,9.41,9.61,15099,14391758.000000002,0.0,0,9.53,0
20090616,1245081600000,9.55,9.58,9.38,9.450000000000001,13901,13151077.999999998,0.0,0,9.610000000000001,0
20090617,1245168000000,9.459999999999999,9.58,9.44,9.549999999999999,12058,11486038.0,0.0,0,9.45,0
20090618,1245254400000,9.51,9.75,9.51,9.75,20558,19814201.000000004,0.0,0,9.549999999999999,0
20090619,1245340800000,9.729999999999999,9.75,9.61,9.69,16837,16308581.000000002,0.0,0,9.75,0
20090622,1245600000000,9.700000000000001,9.91,9.64,9.66,22644,22144061.0,0.0,0,9.690000000000001,0
20090623,1245686400000,9.78,10.58,9.67,10.19,99092,101248095.0,0.0,0,9.66,0
20090624,1245772800000,10.01,10.51,9.86,10.299999999999999,78320,80251274.0,0.0,0,10.19,0
20090625,1245859200000,10.299999999999999,10.31,10.01,10.1,37063,37407804.0,0.0,0,10.299999999999999,0
20090626,1245945600000,10.11,10.19,9.85,9.9,27047,26885343.0,0.0,0,10.1,0
20090629,1246204800000,10.0,10.03,9.78,9.819999999999999,32034,31535793.000000004,0.0,0,9.899999999999999,0
20090630,1246291200000,9.870000000000001,9.88,9.71,9.780000000000001,18458,18055756.0,0.0,0,9.82,0
20090701,1246377600000,9.75,9.92,9.72,9.860000000000001,19861,19525753.0,0.0,0,9.780000000000001,0
20090702,1246464000000,9.88,10.1,9.82,10.01,32747,32622784.0,0.0,0,9.86,0
20090703,1246550400000,9.9,10.139999999999999,9.85,9.99,29348,29337005.000000004,0.0,0,10.01,0
20090706,1246809600000,9.979999999999999,10.309999999999999,9.86,10.24,50124,50785632.00000001,0.0,0,9.99,0
20090707,1246896000000,10.190000000000001,10.34,9.98,10.05,33825,34172411.0,0.0,0,10.24,0
20090708,1246982400000,10.0,10.3,9.88,10.290000000000001,47602,48317534.99999999,0.0,0,10.05,0
20090709,1247068800000,10.290000000000001,10.780000000000001,10.21,10.690000000000001,102562,108779613.00000001,0.0,0,10.290000000000001,0
20090710,1247155200000,10.74,10.74,10.38,10.41,54032,56784825.00000001,0.0,0,10.690000000000001,0
20090713,1247414400000,10.52,10.78,10.42,10.709999999999999,52566,56026269.99999999,0.0,0,10.41,0
20090714,1247500800000,10.79,10.94,10.61,10.74,40465,43359372.0,0.0,0,10.709999999999999,0
20090715,1247587200000,10.750000000000002,10.88,10.620000000000001,10.770000000000001,47211,50706472.00000001,0.0,0,10.74,0
20090716,1247673600000,10.74,10.82,10.46,10.47,49813,52618466.0,0.0,0,10.770000000000001,0
20090717,1247760000000,10.61,10.65,10.41,10.540000000000001,28786,30287507.0,0.0,0,10.47,0
20090720,1248019200000,10.600000000000001,10.940000000000001,10.55,10.760000000000002,49494,53193156.0,0.0,0,10.540000000000001,0
20090721,1248105600000,10.79,10.83,10.0,10.23,49638,51987672.0,0.0,0,10.76,0
20090722,1248192000000,10.39,10.549999999999999,10.26,10.47,35826,37230916.0,0.0,0,10.23,0
20090723,1248278400000,10.450000000000001,10.65,10.3,10.620000000000001,40058,41883707.0,0.0,0,10.47,0
20090724,1248364800000,10.58,10.75,10.3,10.450000000000001,36571,38475042.0,0.0,0,10.620000000000001,0
20090727,1248624000000,10.46,10.8,10.33,10.74,48912,51997200.0,0.0,0,10.45,0
20090728,1248710400000,10.75,11.81,10.66,11.67,145503,165881234.0,0.0,0,10.74,0
20090729,1248796800000,11.38,11.56,10.5,10.58,95714,106105809.0,0.0,0,11.67,0
20090730,1248883200000,10.62,11.26,10.53,11.2,79180,87104758.0,0.0,0,10.58,0
20090731,1248969600000,11.28,12.28,11.28,11.989999999999998,110919,131032835.00000001,0.0,0,11.2,0
20090803,1249228800000,12.1,12.79,11.85,12.76,115009,143336461.0,0.0,0,11.99,0
20090804,1249315200000,13.01,13.68,12.9,12.91,147195,194706665.0,0.0,0,12.76,0
20090805,1249401600000,12.700000000000001,14.200000000000001,12.56,14.200000000000001,135786,185837546.0,0.0,0,12.91,0
20090806,1249488000000,14.49,15.62,14.27,14.95,171352,259376656.0,0.0,0,14.2,0
20090807,1249574400000,14.88,15.5,14.31,14.850000000000001,115485,172471270.00000003,0.0,0,14.950000000000001,0
20090810,1249833600000,14.850000000000001,14.850000000000001,14.850000000000001,14.850000000000001,0,0.0,0.0,0,14.850000000000001,1
20090811,1249920000000,14.850000000000001,14.850000000000001,14.850000000000001,14.850000000000001,0,0.0,0.0,0,14.850000000000001,1
20090812,1250006400000,14.850000000000001,14.850000000000001,14.850000000000001,14.850000000000001,0,0.0,0.0,0,14.850000000000001,1
20090813,1250092800000,14.850000000000001,14.850000000000001,14.850000000000001,14.850000000000001,0,0.0,0.0,0,14.850000000000001,1
20090814,1250179200000,14.850000000000001,14.850000000000001,14.850000000000001,14.850000000000001,0,0.0,0.0,0,14.850000000000001,1
20090817,1250438400000,14.850000000000001,14.850000000000001,14.850000000000001,14.850000000000001,0,0.0,0.0,0,14.850000000000001,1
20090818,1250524800000,14.850000000000001,14.850000000000001,14.850000000000001,14.850000000000001,0,0.0,0.0,0,14.850000000000001,1
20090819,1250611200000,14.850000000000001,14.850000000000001,14.850000000000001,14.850000000000001,0,0.0,0.0,0,14.850000000000001,1
20090820,1250697600000,14.850000000000001,14.850000000000001,14.850000000000001,14.850000000000001,0,0.0,0.0,0,14.850000000000001,1
20090821,1250784000000,14.850000000000001,14.850000000000001,14.850000000000001,14.850000000000001,0,0.0,0.0,0,14.850000000000001,1
20090824,1251043200000,14.850000000000001,14.850000000000001,14.850000000000001,14.850000000000001,0,0.0,0.0,0,14.850000000000001,1
20090825,1251129600000,14.48,16.34,13.68,15.969999999999999,245868,375266288.99999994,0.0,0,14.85,0
20090826,1251216000000,15.190000000000001,16.27,14.88,15.280000000000001,180041,278573456.0,0.0,0,15.97,0
20090827,1251302400000,14.88,14.89,13.82,14.01,141801,202313703.0,0.0,0,15.280000000000001,0
20090828,1251388800000,13.56,13.88,13.040000000000001,13.350000000000001,87817,118326773.00000001,0.0,0,14.010000000000002,0
20090831,1251648000000,13.3,13.3,12.58,12.75,62510,80492700.0,0.0,0,13.35,0
20090901,1251734400000,12.82,13.52,12.73,13.16,80715,106125003.99999999,0.0,0,12.75,0
20090902,1251820800000,13.0,13.04,12.0,12.41,75374,93888038.0,0.0,0,13.16,0
20090903,1251907200000,12.370000000000001,13.360000000000001,12.200000000000001,13.030000000000001,76955,98539065.0,0.0,0,12.410000000000002,0
20090904,1251993600000,12.98,14.16,12.65,13.73,124439,166437053.0,0.0,0,13.030000000000001,0
20090907,1252252800000,13.600000000000001,14.100000000000001,13.450000000000001,13.860000000000001,91711,126124123.0,0.0,0,13.73,0
20090908,1252339200000,13.71,14.49,13.39,14.030000000000001,101926,143386382.0,0.0,0,13.860000000000001,0
20090909,1252425600000,14.030000000000001,14.030000000000001,14.030000000000001,14.030000000000001,0,0.0,0.0,0,14.030000000000001,1
20090910,1252512000000,13.78,14.129999999999999,13.52,13.52,64990,89481543.0,0.0,0,14.03,0
20090911,1252598400000,13.19,14.1,13.19,13.79,70042,96234896.0,0.0,0,13.52,0
20090914,1252857600000,13.74,14.049999999999999,13.6,13.92,57391,79511812.99999999,0.0,0,13.79,0
20090915,1252944000000,13.9,14.430000000000001,13.8,14.200000000000001,77106,108992814.00000001,0.0,0,13.92,0
20090916,1253030400000,14.0,14.03,13.5,13.71,59372,81684129.00000001,0.0,0,14.2,0
20090917,1253116800000,13.63,14.39,13.63,14.110000000000001,70915,99777741.0,0.0,0,13.71,0
20090918,1253203200000,14.09,14.3,13.31,13.49,64568,90266518.0,0.0,0,14.110000000000001,0
20090921,1253462400000,13.26,13.56,12.68,13.299999999999999,36454,48016992.00000001,0.0,0,13.49,0
20090922,1253548800000,13.290000000000001,13.45,12.66,12.68,36375,47369932.0,0.0,0,13.3,0
20090923,1253635200000,12.610000000000001,12.81,11.98,12.18,35163,43529395.99999999,0.0,0,12.68,0
20090924,1253721600000,12.18,12.34,11.69,11.969999999999999,26749,32160871.0,0.0,0,12.18,0
20090925,1253808000000,11.97,12.42,11.75,12.3,29178,35765886.0,0.0,0,11.97,0
20090928,1254067200000,12.38,12.67,11.48,11.49,25220,30601934.000000004,0.0,0,12.3,0
20090929,1254153600000,11.45,11.77,10.6,11.09,27591,30547430.000000004,0.0,0,11.49,0
20090930,1254240000000,11.21,11.350000000000001,10.96,11.100000000000001,19367,21593577.000000004,0.0,0,11.090000000000002,0
20091009,1255017600000,11.250000000000002,11.8,11.120000000000001,11.760000000000002,25484,29418878.0,0.0,0,11.100000000000001,0
20091012,1255276800000,11.700000000000001,11.870000000000001,11.48,11.65,23439,27371531.0,0.0,0,11.76,0
20091013,1255363200000,11.65,11.9,11.56,11.89,19722,23111952.0,0.0,0,11.65,0
20091014,1255449600000,12.0,12.229999999999999,11.86,12.08,29851,35934643.0,0.0,0,11.889999999999999,0
20091015,1255536000000,12.15,12.3,11.950000000000001,12.06,22210,26883868.0,0.0,0,12.080000000000002,0
20091016,1255622400000,12.080000000000002,12.120000000000001,11.620000000000001,11.830000000000002,26146,30862144.999999996,0.0,0,12.06,0
20091019,1255881600000,11.870000000000001,12.3,11.8,12.280000000000001,28499,34537707.0,0.0,0,11.83,0
20091020,1255968000000,12.350000000000001,13.200000000000001,12.21,12.99,70464,89891205.0,0.0,0,12.280000000000001,0
20091021,1256054400000,13.000000000000002,13.000000000000002,12.700000000000001,12.88,42889,54966211.0,0.0,0,12.99,0
20091022,1256140800000,12.75,13.05,12.65,12.91,35557,45577559.0,0.0,0,12.88,0
20091023,1256227200000,12.93,13.389999999999999,12.86,13.03,46337,60799791.0,0.0,0,12.91,0
20091026,1256486400000,13.0,13.030000000000001,12.65,12.8,25071,32008208.0,0.0,0,13.030000000000001,0
20091027,1256572800000,12.6,12.700000000000001,12.15,12.16,36229,44942180.0,0.0,0,12.8,0
20091028,1256659200000,12.100000000000001,12.25,11.88,12.21,24898,30003689.000000004,0.0,0,12.16,0
20091029,1256745600000,12.000000000000002,12.000000000000002,11.700000000000001,11.81,17728,21041817.0,0.0,0,12.21,0
20091030,1256832000000,12.08,12.22,11.92,12.18,23727,28656572.0,0.0,0,11.81,0
20091102,1257091200000,11.9,12.39,11.66,12.34,36561,44102663.0,0.0,0,12.18,0
20091103,1257177600000,12.25,12.88,12.23,12.860000000000001,47158,59462178.0,0.0,0,12.34,0
20091104,1257264000000,12.860000000000001,12.96,12.700000000000001,12.860000000000001,40317,51706238.00000001,0.0,0,12.860000000000001,0
20091105,1257350400000,12.88,13.280000000000001,12.74,13.27,51767,67387725.0,0.0,0,12.86,0
20091106,1257436800000,13.38,13.39,12.96,13.020000000000001,45127,59275163.0,0.0,0,13.270000000000001,0
20091109,1257696000000,13.1,13.38,13.0,13.36,51936,68768500.00000001,0.0,0,13.02,0
20091110,1257782400000,13.41,13.47,13.13,13.21,36098,47682639.00000001,0.0,0,13.360000000000001,0
20091111,1257868800000,13.18,13.46,12.92,13.29,44251,58229027.99999999,0.0,0,13.209999999999999,0
20091112,1257955200000,13.35,13.45,13.1,13.27,43442,57875446.0,0.0,0,13.29,0
20091113,1258041600000,13.25,13.25,12.9,13.21,34893,45661837.00000001,0.0,0,13.27,0
20091116,1258300800000,13.200000000000001,13.8,13.200000000000001,13.690000000000001,71129,96241737.0,0.0,0,13.21,0
20091117,1258387200000,13.76,13.76,13.5,13.66,38611,52495737.0,0.0,0,13.69,0
20091118,1258473600000,13.72,13.88,13.530000000000001,13.72,51866,70890310.0,0.0,0,13.660000000000002,0
20091119,1258560000000,13.799999999999999,13.81,13.51,13.74,47335,64683185.0,0.0,0,13.72,0
20091120,1258646400000,13.85,14.58,13.85,14.299999999999999,117982,168755762.0,0.0,0,13.74,0
20091123,1258905600000,14.15,14.5,14.05,14.47,66536,95352922.00000001,0.0,0,14.3,0
20091124,1258992000000,14.47,14.56,13.3,13.47,71066,99684836.0,0.0,0,14.47,0
20091125,1259078400000,13.3,13.750000000000002,13.200000000000001,13.670000000000002,40087,54020050.0,0.0,0,13.47,0
20091126,1259164800000,13.670000000000002,13.670000000000002,13.670000000000002,13.670000000000002,0,0.0,0.0,0,13.670000000000002,1
20091127,1259251200000,12.8,13.16,12.5,12.55,44206,56342778.0,0.0,0,13.67,0
20091130,1259510400000,12.620000000000001,13.05,12.620000000000001,12.950000000000001,26151,33672095.0,0.0,0,12.55,0
20091201,1259596800000,12.95,13.27,12.91,13.24,30215,39661989.00000001,0.0,0,12.95,0
20091202,1259683200000,13.24,13.74,13.22,13.58,38181,51610688.0,0.0,0,13.24,0
20091203,1259769600000,13.58,13.73,13.34,13.62,36605,49445620.0,0.0,0,13.58,0
20091204,1259856000000,13.600000000000001,14.080000000000002,13.200000000000001,13.840000000000002,57881,79373809.0,0.0,0,13.620000000000001,0
20091207,1260115200000,13.930000000000001,14.100000000000001,13.55,14.08,46296,64156234.0,0.0,0,13.84,0
20091208,1260201600000,14.08,14.25,13.71,13.88,43211,60426504.00000001,0.0,0,14.08,0
20091209,1260288000000,13.65,13.8,13.4,13.610000000000001,29286,39759074.0,0.0,0,13.88,0
20091210,1260374400000,13.7,13.799999999999999,13.43,13.58,18786,25520442.0,0.0,0,13.61,0
20091211,1260460800000,13.65,13.750000000000002,13.450000000000001,13.65,26017,35481941.0,0.0,0,13.580000000000002,0
20091214,1260720000000,13.620000000000001,13.64,13.07,13.35,24992,33216947.000000004,0.0,0,13.65,0
20091215,1260806400000,13.3,13.500000000000002,13.200000000000001,13.350000000000001,14970,20020009.0,0.0,0,13.350000000000001,0
20091216,1260892800000,13.35,13.75,13.35,13.69,34563,47118413.0,0.0,0,13.35,0
20091217,1260979200000,13.72,13.89,13.0,13.08,25466,33877727.0,0.0,0,13.69,0
20091218,1261065600000,12.78,13.39,12.51,12.6,19921,25628121.000000004,0.0,0,13.08,0
20091221,1261324800000,12.68,12.719999999999999,12.36,12.7,12601,15807879.0,0.0,0,12.6,0
20091222,1261411200000,12.700000000000001,12.700000000000001,12.05,12.06,17746,21929545.0,0.0,0,12.700000000000001,0
20091223,1261497600000,12.010000000000002,12.200000000000001,11.950000000000001,12.15,12954,15637133.0,0.0,0,12.06,0
20091224,1261584000000,12.17,12.56,12.1,12.53,18834,23271493.000000004,0.0,0,12.15,0
20091225,1261670400000,12.49,12.66,12.34,12.629999999999999,19014,23728499.0,0.0,0,12.53,0
20091228,1261929600000,12.63,12.78,12.5,12.73,19540,24772282.0,0.0,0,12.63,0
20091229,1262016000000,12.73,12.75,12.48,12.73,16125,20369361.0,0.0,0,12.73,0
20091230,1262102400000,12.73,12.780000000000001,12.540000000000001,12.620000000000001,14613,18461876.0,0.0,0,12.73,0
20091231,1262188800000,12.649999999999999,12.85,12.61,12.79,16632,21191259.0,0.0,0,12.62,0
20100104,1262534400000,12.790000000000001,12.92,12.72,12.860000000000001,20697,26568789.0,0.0,0,12.790000000000001,0
20100105,1262620800000,12.9,13.4,12.8,13.270000000000001,46165,60809175.00000001,0.0,0,12.860000000000001,0
20100106,1262707200000,13.25,13.350000000000001,12.96,12.98,27952,36750734.99999999,0.0,0,13.270000000000001,0
20100107,1262793600000,13.02,13.06,12.4,12.5,24001,30516530.0,0.0,0,12.98,0
20100108,1262880000000,12.5,12.55,12.22,12.520000000000001,16829,20862651.0,0.0,0,12.5,0
20100111,1263139200000,12.54,12.7,12.35,12.65,17714,22217224.000000004,0.0,0,12.52,0
20100112,1263225600000,12.61,12.969999999999999,12.61,12.969999999999999,18802,24186057.000000004,0.0,0,12.649999999999999,0
20100113,1263312000000,12.5,12.94,12.5,12.66,17932,22825526.0,0.0,0,12.97,0
20100114,1263398400000,12.67,13.06,12.66,13.05,28844,37423772.0,0.0,0,12.66,0
20100115,1263484800000,13.1,13.48,13.06,13.41,45792,61085287.0,0.0,0,13.05,0
20100118,1263744000000,13.280000000000001,13.680000000000001,13.280000000000001,13.520000000000001,38261,51626654.0,0.0,0,13.410000000000002,0
20100119,1263830400000,13.530000000000001,13.57,13.23,13.41,27378,36628921.0,0.0,0,13.52,0
20100120,1263916800000,13.3,13.510000000000002,12.72,12.850000000000001,27780,36439726.0,0.0,0,13.41,0
20100121,1264003200000,12.910000000000002,13.260000000000002,12.780000000000001,13.170000000000002,19284,25083972.0,0.0,0,12.850000000000001,0
20100122,1264089600000,13.010000000000002,13.21,12.55,12.860000000000001,22059,28500590.0,0.0,0,13.17,0
20100125,1264348800000,12.860000000000001,12.860000000000001,12.4,12.46,12520,15779043.000000002,0.0,0,12.860000000000001,0
20100126,1264435200000,12.56,12.56,11.55,11.780000000000001,17794,21382291.0,0.0,0,12.46,0
20100127,1264521600000,11.780000000000001,11.94,11.57,11.68,9365,11021902.0,0.0,0,11.780000000000001,0
20100128,1264608000000,11.799999999999999,11.91,11.61,11.77,6705,7894972.999999999,0.0,0,11.68,0
20100129,1264694400000,11.89,11.950000000000001,11.65,11.790000000000001,9700,11469746.0,0.0,0,11.77,0
20100201,1264953600000,11.780000000000001,11.780000000000001,11.200000000000001,11.3,13066,14862658.0,0.0,0,11.790000000000001,0
20100202,1265040000000,11.34,11.79,11.34,11.5,12403,14331615.0,0.0,0,11.3,0
20100203,1265126400000,11.52,11.76,11.1,11.75,14204,16386228.0,0.0,0,11.5,0
20100204,1265212800000,11.75,11.9,11.56,11.75,12644,14878338.0,0.0,0,11.75,0
20100205,1265299200000,11.65,11.870000000000001,11.05,11.83,13518,15793240.0,0.0,0,11.75,0
20100208,1265558400000,11.96,12.16,11.81,11.84,16056,19208705.0,0.0,0,11.83,0
20100209,1265644800000,11.969999999999999,11.969999999999999,11.78,11.889999999999999,6902,8180980.999999999,0.0,0,11.84,0
20100210,1265731200000,11.89,12.049999999999999,11.76,11.93,8902,10588501.0,0.0,0,11.89,0
20100211,1265817600000,11.84,12.02,11.77,11.809999999999999,6262,7432467.000000001,0.0,0,11.93,0
20100212,1265904000000,11.799999999999999,11.94,11.77,11.87,4721,5602763.0,0.0,0,11.809999999999999,0
20100222,1266768000000,11.940000000000001,12.05,11.81,11.96,8129,9715292.0,0.0,0,11.870000000000001,0
20100223,1266854400000,11.99,12.21,11.83,12.18,13387,16078151.000000002,0.0,0,11.96,0
20100224,1266940800000,12.180000000000001,12.690000000000001,12.120000000000001,12.520000000000001,31992,39961513.00000001,0.0,0,12.180000000000001,0
20100225,1267027200000,12.49,12.690000000000001,12.31,12.58,18683,23430878.000000004,0.0,0,12.520000000000001,0
20100226,1267113600000,12.5,13.0,12.41,12.88,35196,45024480.0,0.0,0,12.58,0
20100301,1267372800000,12.97,13.100000000000001,12.8,12.91,33456,43274466.0,0.0,0,12.88,0
20100302,1267459200000,12.91,13.03,12.6,12.9,31884,40770871.00000001,0.0,0,12.91,0
20100303,1267545600000,12.81,13.200000000000001,12.790000000000001,13.190000000000001,36569,47733806.0,0.0,0,12.9,0
20100304,1267632000000,13.15,13.24,12.43,12.469999999999999,27338,35095729.0,0.0,0,13.19,0
20100305,1267718400000,12.5,12.700000000000001,12.3,12.5,13126,16471630.999999998,0.0,0,12.47,0
20100308,1267977600000,12.51,13.22,12.5,13.2,33922,43983877.0,0.0,0,12.5,0
20100309,1268064000000,13.11,13.66,12.93,13.31,78882,105942203.00000001,0.0,0,13.2,0
20100310,1268150400000,13.31,13.31,12.71,12.920000000000002,30134,39068318.00000001,0.0,0,13.31,0
20100311,1268236800000,12.879999999999999,12.94,12.51,12.72,20805,26477433.0,0.0,0,12.92,0
20100312,1268323200000,12.719999999999999,12.85,12.6,12.66,12304,15649813.0,0.0,0,12.719999999999999,0
20100315,1268582400000,12.56,12.66,12.32,12.43,8316,10326335.0,0.0,0,12.66,0
20100316,1268668800000,12.43,12.69,12.36,12.67,8866,11137374.0,0.0,0,12.43,0
20100317,1268755200000,12.69,12.98,12.65,12.94,13487,17356371.0,0.0,0,12.67,0
20100318,1268841600000,12.979999999999999,13.1,12.86,13.07,15755,20456614.0,0.0,0,12.94,0
20100319,1268928000000,13.1,13.56,13.0,13.42,57959,77719071.0,0.0,0,13.07,0
20100322,1269187200000,13.299999999999999,13.53,13.19,13.41,27466,36690167.00000001,0.0,0,13.42,0
20100323,1269273600000,13.479999999999999,13.57,13.11,13.18,28073,37313922.00000001,0.0,0,13.41,0
20100324,1269360000000,13.52,13.940000000000001,13.4,13.48,71090,97511246.99999999,0.0,0,13.18,0
20100325,1269446400000,13.299999999999999,13.4,13.02,13.04,38052,50097160.0,0.0,0,13.48,0
20100326,1269532800000,13.07,13.45,13.0,13.44,24791,32829865.0,0.0,0,13.04,0
20100329,1269792000000,13.56,13.85,13.4,13.63,46533,63698296.0,0.0,0,13.44,0
20100330,1269878400000,13.57,13.88,13.530000000000001,13.770000000000001,38274,52627647.00000001,0.0,0,13.63,0
20100331,1269964800000,13.79,13.84,13.51,13.61,26749,36408127.0,0.0,0,13.77,0
20100401,1270051200000,13.7,14.25,13.61,14.139999999999999,84298,118679665.0,0.0,0,13.61,0
20100402,1270137600000,14.15,14.3,14.0,14.29,64232,91079867.00000001,0.0,0,14.14,0
20100406,1270483200000,14.290000000000001,14.43,14.06,14.18,52356,74375166.0,0.0,0,14.290000000000001,0
20100407,1270569600000,14.15,14.15,13.55,13.770000000000001,58910,81065346.0,0.0,0,14.180000000000001,0
20100408,1270656000000,13.729999999999999,13.899999999999999,13.61,13.85,34743,47929480.0,0.0,0,13.77,0
20100409,1270742400000,13.860000000000001,14.48,13.73,14.25,53735,75887877.00000001,0.0,0,13.85,0
20100412,1271001600000,14.250000000000002,14.370000000000001,14.030000000000001,14.350000000000001,50651,72216937.0,0.0,0,14.250000000000002,0
20100413,1271088000000,14.39,14.39,13.67,13.94,39872,55869157.00000001,0.0,0,14.35,0
20100414,1271174400000,13.9,14.56,13.8,14.520000000000001,58483,83702451.0,0.0,0,13.940000000000001,0
20100415,1271260800000,14.41,14.49,14.0,14.13,35442,50408722.0,0.0,0,14.52,0
20100416,1271347200000,14.07,14.19,13.85,13.879999999999999,21582,30250735.999999996,0.0,0,14.129999999999999,0
20100419,1271606400000,13.7,13.98,13.02,13.19,27814,37840604.0,0.0,0,13.879999999999999,0
20100420,1271692800000,13.16,13.33,12.81,13.21,29569,38768328.99999999,0.0,0,13.190000000000001,0
20100421,1271779200000,13.16,14.1,13.1,14.03,44273,60575856.0,0.0,0,13.209999999999999,0
20100422,1271865600000,13.979999999999999,15.2,13.86,14.879999999999999,138138,202593336.0,0.0,0,14.03,0
20100423,1271952000000,14.9,15.3,14.74,15.0,106160,159700839.99999997,0.0,0,14.88,0
20100426,1272211200000,15.13,15.250000000000002,14.620000000000001,15.15,64890,96866337.0,0.0,0,15.000000000000002,0
20100427,1272297600000,15.01,15.14,14.4,14.88,44517,65755238.0,0.0,0,15.15,0
20100428,1272384000000,14.79,15.99,14.52,15.719999999999999,86467,131680992.00000001,0.0,0,14.879999999999999,0
20100429,1272470400000,15.55,15.65,14.4,14.450000000000001,68131,102828493.0,0.0,0,15.72,0
20100430,1272556800000,14.42,14.600000000000001,13.31,13.75,34881,47986371.0,0.0,0,14.450000000000001,0
20100504,1272902400000,13.58,14.27,13.5,14.15,29255,41190115.0,0.0,0,13.75,0
20100505,1272988800000,13.94,15.0,13.9,14.92,48552,71051587.0,0.0,0,14.15,0
20100506,1273075200000,14.799999999999999,14.959999999999999,13.77,13.799999999999999,42442,61437918.00000001,0.0,0,14.92,0
20100507,1273161600000,13.690000000000001,13.690000000000001,12.56,12.6,63791,83084270.0,0.0,0,13.8,0
20100510,1273420800000,12.510000000000002,12.9,11.700000000000001,11.850000000000001,54929,66628746.99999999,0.0,0,12.600000000000001,0
20100511,1273507200000,12.18,12.229999999999999,11.36,11.44,50669,59690822.0,0.0,0,11.85,0
20100512,1273593600000,11.37,11.56,10.93,11.28,35959,40312450.0,0.0,0,11.44,0
20100513,1273680000000,11.21,11.950000000000001,11.21,11.91,48392,56354834.0,0.0,0,11.280000000000001,0
20100514,1273766400000,11.8,12.06,11.57,11.89,34808,41029026.0,0.0,0,11.91,0
20100517,1274025600000,11.65,11.690000000000001,10.700000000000001,10.700000000000001,29764,33152437.999999996,0.0,0,11.89,0
20100518,1274112000000,10.58,10.99,10.3,10.930000000000001,24867,26491433.0,0.0,0,10.700000000000001,0
20100519,1274198400000,10.8,11.14,10.65,10.870000000000001,18823,20553831.999999996,0.0,0,10.93,0
20100520,1274284800000,10.700000000000001,10.99,10.57,10.6,18035,19450844.999999996,0.0,0,10.870000000000001,0
20100521,1274371200000,10.29,10.79,10.1,10.77,28719,29740919.0,0.0,0,10.6,0
20100524,1274630400000,10.9,11.360000000000001,10.81,11.31,31285,34951402.00000001,0.0,0,10.770000000000001,0
20100525,1274716800000,11.27,11.29,10.94,11.09,24068,26748337.0,0.0,0,11.309999999999999,0
20100526,1274803200000,11.09,11.09,11.09,11.09,0,0.0,0.0,0,11.09,1
20100527,1274889600000,11.08,11.53,11.03,11.459999999999999,30683,34697306.0,0.0,0,11.09,0
20100528,1274976000000,11.61,11.68,11.24,11.5,30585,35131976.0,0.0,0,11.46,0
20100531,1275235200000,11.450000000000001,11.5,10.9,10.92,20343,22978295.000000004,0.0,0,11.5,0
20100601,1275321600000,10.8,11.160000000000002,10.700000000000001,11.010000000000002,14118,15374439.0,0.0,0,10.920000000000002,0
20100602,1275408000000,10.95,11.25,10.83,11.25,16030,17737542.0,0.0,0,11.01,0
20100603,1275494400000,11.290000000000001,11.450000000000001,10.99,11.1,20165,22750004.0,0.0,0,11.25,0
20100604,1275580800000,11.09,11.17,10.91,11.11,11914,13159600.0,0.0,0,11.1,0
20100607,1275840000000,10.9,11.080000000000002,10.700000000000001,10.940000000000001,13873,15159827.999999998,0.0,0,11.110000000000001,0
20100608,1275926400000,10.94,11.299999999999999,10.85,11.19,22053,24524967.0,0.0,0,10.94,0
20100609,1276012800000,11.219999999999999,11.74,11.19,11.65,32775,37523104.0,0.0,0,11.19,0
20100610,1276099200000,11.5,11.860000000000001,11.4,11.48,30739,35817214.0,0.0,0,11.65,0
20100611,1276185600000,11.55,11.68,11.4,11.43,14045,16155278.000000002,0.0,0,11.48,0
20100617,1276704000000,11.600000000000001,11.760000000000002,11.46,11.620000000000001,20531,23865883.000000004,0.0,0,11.430000000000001,0
20100618,1276790400000,11.530000000000001,11.64,10.620000000000001,10.91,22807,25605814.0,0.0,0,11.620000000000001,0
20100621,1277049600000,10.89,11.280000000000001,10.82,11.24,12891,14306216.0,0.0,0,10.91,0
20100622,1277136000000,11.24,11.690000000000001,11.200000000000001,11.540000000000001,21826,24979713.0,0.0,0,11.24,0
20100623,1277222400000,11.450000000000001,11.65,11.32,11.450000000000001,13730,15725827.0,0.0,0,11.540000000000001,0
20100624,1277308800000,11.56,11.600000000000001,11.370000000000001,11.500000000000002,13082,15051282.999999998,0.0,0,11.450000000000001,0
20100625,1277395200000,11.41,11.43,11.0,11.18,15368,17153936.0,0.0,0,11.5,0
20100628,1277654400000,11.18,11.190000000000001,10.65,10.780000000000001,12629,13787479.0,0.0,0,11.18,0
20100629,1277740800000,10.709999999999999,10.979999999999999,9.78,9.809999999999999,29751,30466632.0,0.0,0,10.78,0
20100630,1277827200000,9.83,9.83,9.4,9.59,15365,14740231.0,0.0,0,9.81,0
20100701,1277913600000,9.43,9.959999999999999,9.43,9.57,11561,11170541.0,0.0,0,9.59,0
20100702,1278000000000,9.41,9.61,9.0,9.46,9240,8610057.0,0.0,0,9.48,0
20100705,1278259200000,9.459999999999999,9.77,9.27,9.62,8530,8158154.0,0.0,0,9.459999999999999,0
20100706,1278345600000,9.73,9.959999999999999,9.59,9.879999999999999,12124,11912482.000000002,0.0,0,9.62,0
20100707,1278432000000,9.88,10.07,9.71,9.950000000000001,9809,9706002.0,0.0,0,9.88,0
20100708,1278518400000,9.95,10.07,9.92,10.01,13488,13480508.999999998,0.0,0,9.95,0
20100709,1278604800000,10.0,10.69,9.85,10.41,22289,23105934.0,0.0,0,10.01,0
20100712,1278864000000,10.85,11.3,10.59,10.68,26013,28228606.0,0.0,0,10.41,0
20100713,1278950400000,10.4,10.94,10.32,10.91,22285,23736957.0,0.0,0,10.68,0
20100714,1279036800000,10.770000000000001,10.99,10.71,10.8,16304,17721446.999999996,0.0,0,10.91,0
20100715,1279123200000,10.77,10.91,10.5,10.52,12967,13931614.0,0.0,0,10.8,0
20100716,1279209600000,10.38,10.72,10.38,10.64,9690,10216812.0,0.0,0,10.520000000000001,0
20100719,1279468800000,10.55,10.93,10.5,10.85,13051,14145998.999999998,0.0,0,10.64,0
20100720,1279555200000,10.82,11.07,10.82,11.01,36590,40062876.00000001,0.0,0,10.85,0
20100721,1279641600000,11.020000000000001,11.180000000000001,10.88,10.96,25104,27650690.0,0.0,0,11.010000000000002,0
20100722,1279728000000,10.899999999999999,11.459999999999999,10.78,11.43,40140,44960510.0,0.0,0,10.959999999999999,0
20100723,1279814400000,11.41,11.6,11.23,11.38,29423,33439785.0,0.0,0,11.43,0
20100726,1280073600000,11.38,12.18,11.25,11.63,64859,75861076.0,0.0,0,11.38,0
20100727,1280160000000,11.43,11.6,11.43,11.49,22075,25412323.0,0.0,0,11.629999999999999,0
20100728,1280246400000,11.49,11.77,11.36,11.719999999999999,34422,40184179.00000001,0.0,0,11.49,0
20100729,1280332800000,11.72,11.87,11.58,11.72,26717,31320873.0,0.0,0,11.72,0
20100730,1280419200000,11.72,11.780000000000001,11.39,11.530000000000001,23241,26884169.0,0.0,0,11.72,0
20100802,1280678400000,11.48,11.9,11.48,11.81,27020,31802494.0,0.0,0,11.530000000000001,0
20100803,1280764800000,11.83,11.88,11.42,11.44,27168,31761954.0,0.0,0,11.81,0
20100804,1280851200000,11.44,11.52,11.16,11.47,26949,30529227.000000004,0.0,0,11.44,0
20100805,1280937600000,11.4,11.690000000000001,11.39,11.450000000000001,23113,26646421.999999996,0.0,0,11.47,0
20100806,1281024000000,11.450000000000001,11.790000000000001,11.4,11.780000000000001,31795,37087763.0,0.0,0,11.450000000000001,0
20100809,1281283200000,11.799999999999999,12.08,11.78,12.0,36762,43899909.0,0.0,0,11.78,0
20100810,1281369600000,12.0,12.07,11.42,11.48,31422,37086047.00000001,0.0,0,12.0,0
20100811,1281456000000,11.44,11.89,11.43,11.86,28548,33320254.000000004,0.0,0,11.48,0
20100812,1281542400000,11.790000000000001,12.96,11.700000000000001,12.500000000000002,97582,120833226.0,0.0,0,11.860000000000001,0
20100813,1281628800000,12.36,12.85,12.27,12.809999999999999,69513,87787353.0,0.0,0,12.5,0
20100816,1281888000000,12.7,13.14,12.67,12.84,64990,83632362.0,0.0,0,12.81,0
20100817,1281974400000,12.75,12.98,12.75,12.9,37214,47858739.99999999,0.0,0,12.84,0
20100818,1282060800000,12.91,13.469999999999999,12.85,13.17,55494,73284180.00000001,0.0,0,12.9,0
20100819,1282147200000,13.41,14.08,13.35,13.6,98736,134976151.0,0.0,0,13.17,0
20100820,1282233600000,13.5,13.5,12.85,13.04,58636,76786894.0,0.0,0,13.6,0
20100823,1282492800000,12.96,14.06,12.870000000000001,13.760000000000002,84290,115410801.99999999,0.0,0,13.040000000000001,0
20100824,1282579200000,13.790000000000001,14.010000000000002,13.47,13.84,50291,69154766.0,0.0,0,13.76,0
20100825,1282665600000,13.71,13.82,13.3,13.350000000000001,35570,48057767.0,0.0,0,13.84,0
20100826,1282752000000,13.31,13.63,13.31,13.56,20771,27948479.0,0.0,0,13.35,0
20100827,1282838400000,13.549999999999999,13.65,13.35,13.51,17866,24099924.0,0.0,0,13.56,0
20100830,1283097600000,13.620000000000001,14.350000000000001,13.530000000000001,14.160000000000002,62479,86861697.0,0.0,0,13.510000000000002,0
20100831,1283184000000,14.15,14.64,13.91,14.5,68375,98250014.0,0.0,0,14.16,0
20100901,1283270400000,14.549999999999999,15.2,14.43,15.0,84930,126148895.0,0.0,0,14.5,0
20100902,1283356800000,15.35,16.5,15.35,16.5,45939,74649151.0,0.0,0,15.0,0
20100903,1283443200000,17.89,17.89,16.7,17.08,167525,288224621.0,0.0,0,16.5,0
20100906,1283702400000,17.82,18.39,16.52,16.78,119487,207509207.00000003,0.0,0,17.08,0
20100907,1283788800000,16.48,17.25,16.45,17.11,87377,147621592.0,0.0,0,16.779999999999998,0
20100908,1283875200000,17.110000000000003,17.12,16.580000000000002,16.96,54614,92029294.99999999,0.0,0,17.110000000000003,0
20100909,1283961600000,17.09,17.6,16.62,16.67,73691,126610563.0,0.0,0,16.96,0
20100910,1284048000000,16.66,17.880000000000003,16.6,17.8,85717,149752706.0,0.0,0,16.67,0
20100913,1284307200000,17.7,17.7,16.8,17.12,76610,131824052.0,0.0,0,17.8,0
20100914,1284393600000,17.3,17.69,17.16,17.37,53651,93326751.0,0.0,0,17.12,0
20100915,1284480000000,17.35,17.35,15.71,15.920000000000002,77040,126435844.0,0.0,0,17.37,0
20100916,1284566400000,16.0,16.26,14.9,16.22,62252,97221146.0,0.0,0,15.92,0
20100917,1284652800000,15.98,16.080000000000002,15.55,15.65,32782,51622346.0,0.0,0,16.220000000000002,0
20100920,1284912000000,15.7,16.17,15.58,15.65,25972,41217895.00000001,0.0,0,15.65,0
20100921,1284998400000,15.850000000000001,15.870000000000001,15.06,15.33,18816,28969380.999999996,0.0,0,15.65,0
20100927,1285516800000,15.36,15.84,15.35,15.83,22370,35127896.0,0.0,0,15.33,0
20100928,1285603200000,15.83,16.53,15.6,16.38,41432,67451854.0,0.0,0,15.83,0
20100929,1285689600000,16.6,17.07,16.1,16.51,51732,86231269.00000001,0.0,0,16.380000000000003,0
20100930,1285776000000,16.36,16.85,15.6,16.63,35534,58274499.00000001,0.0,0,16.509999999999998,0
20101008,1286467200000,16.68,16.93,16.43,16.68,34470,57609264.0,0.0,0,16.63,0
20101011,1286726400000,16.66,16.700000000000003,16.080000000000002,16.240000000000002,38307,62591274.0,0.0,0,16.680000000000003,0
20101012,1286812800000,16.24,16.779999999999998,16.15,16.36,31847,52168731.0,0.0,0,16.24,0
20101013,1286899200000,16.35,16.36,15.75,16.02,36695,58442105.0,0.0,0,16.36,0
20101014,1286985600000,15.850000000000001,16.0,14.8,14.91,45788,70090327.0,0.0,0,16.02,0
20101015,1287072000000,14.81,15.38,14.65,14.83,41893,62571940.00000001,0.0,0,14.91,0
20101018,1287331200000,14.85,15.370000000000001,14.32,15.35,43294,64250514.0,0.0,0,14.83,0
20101019,1287417600000,15.28,15.7,15.0,15.53,28568,44137905.0,0.0,0,15.35,0
20101020,1287504000000,15.05,17.080000000000002,15.05,17.080000000000002,63978,105821553.99999999,0.0,0,15.530000000000001,0
20101021,1287590400000,17.45,18.349999999999998,17.2,17.68,113203,202406769.0,0.0,0,17.08,0
20101022,1287676800000,17.55,17.700000000000003,17.1,17.540000000000003,47122,81880879.0,0.0,0,17.68,0
20101025,1287936000000,17.33,18.2,17.18,18.0,56216,99229325.0,0.0,0,17.54,0
20101026,1288022400000,17.8,17.88,17.5,17.74,34529,60946634.00000001,0.0,0,18.0,0
20101027,1288108800000,17.740000000000002,18.96,17.23,18.14,60059,109193815.00000001,0.0,0,17.740000000000002,0
20101028,1288195200000,17.9,18.919999999999998,17.81,18.439999999999998,41383,76540543.0,0.0,0,18.139999999999997,0
20101029,1288281600000,18.67,20.28,18.490000000000002,20.28,86916,172609448.0,0.0,0,18.44,0
20101101,1288540800000,20.900000000000002,20.95,19.8,20.55,92644,188709975.0,0.0,0,20.28,0
20101102,1288627200000,20.5,22.0,20.02,20.81,62724,132348196.0,0.0,0,20.55,0
20101103,1288713600000,20.72,21.2,19.38,19.419999999999998,40482,82168993.0,0.0,0,20.81,0
20101104,1288800000000,19.43,20.7,19.18,20.419999999999998,50130,100726464.0,0.0,0,19.419999999999998,0
20101105,1288886400000,20.55,21.650000000000002,20.1,20.85,52943,111096225.00000001,0.0,0,20.42,0
20101108,1289145600000,20.9,21.44,20.18,20.38,52241,108041239.0,0.0,0,20.85,0
20101109,1289232000000,20.38,20.4,19.61,19.919999999999998,41187,81755160.0,0.0,0,20.38,0
20101110,1289318400000,20.15,20.15,19.38,19.689999999999998,35232,69253601.0,0.0,0,19.919999999999998,0
20101111,1289404800000,19.55,19.94,19.46,19.55,61808,121488944.00000001,0.0,0,19.69,0
20101112,1289491200000,19.330000000000002,19.450000000000003,17.6,17.6,65473,119548881.0,0.0,0,19.55,0
20101115,1289750400000,17.05,18.150000000000002,17.05,17.96,34160,60254921.00000001,0.0,0,17.6,0
20101116,1289836800000,18.0,18.29,16.91,16.94,43024,75997716.00000001,0.0,0,17.96,0
20101117,1289923200000,16.8,17.35,16.6,17.09,24448,41675477.0,0.0,0,16.94,0
20101118,1290009600000,17.09,17.9,17.09,17.87,26178,46027288.00000001,0.0,0,17.09,0
20101119,1290096000000,17.98,18.0,17.31,17.99,26972,47797623.00000001,0.0,0,17.869999999999997,0
20101122,1290355200000,17.919999999999998,18.29,17.7,18.04,30521,55065197.99999999,0.0,0,17.99,0
20101123,1290441600000,18.0,18.0,16.95,17.57,27309,47632899.00000001,0.0,0,18.04,0
20101124,1290528000000,17.6,18.6,17.48,18.490000000000002,42200,77191654.0,0.0,0,17.57,0
20101125,1290614400000,18.69,19.1,18.490000000000002,18.770000000000003,45939,86369631.99999999,0.0,0,18.490000000000002,0
20101126,1290700800000,18.509999999999998,18.7,17.93,18.23,29525,53959262.0,0.0,0,18.77,0
20101129,1290960000000,18.23,18.23,17.63,17.79,22510,40327444.0,0.0,0,18.23,0
20101130,1291046400000,17.799999999999997,18.119999999999997,16.72,17.22,25727,44472832.99999999,0.0,0,17.79,0
20101201,1291132800000,17.18,17.2,16.75,16.98,15408,26196412.0,0.0,0,17.22,0
20101202,1291219200000,17.2,17.47,17.0,17.09,17334,29930059.0,0.0,0,16.98,0
20101203,1291305600000,17.23,17.279999999999998,16.7,17.06,14120,23897971.000000004,0.0,0,17.09,0
20101206,1291564800000,16.91,17.09,16.7,16.77,10315,17379835.000000004,0.0,0,17.06,0
20101207,1291651200000,16.71,17.34,16.27,17.19,14191,24150718.0,0.0,0,16.77,0
20101208,1291737600000,17.19,18.28,17.19,17.73,32459,57853431.00000001,0.0,0,17.19,0
20101209,1291824000000,17.5,17.849999999999998,17.04,17.06,15401,26928553.0,0.0,0,17.73,0
20101210,1291910400000,16.92,17.5,16.73,17.28,10604,18283292.0,0.0,0,17.06,0
20101213,1292169600000,17.36,18.18,17.36,18.099999999999998,25865,46584807.99999999,0.0,0,17.28,0
20101214,1292256000000,18.19,18.34,17.85,18.3,28042,50739853.0,0.0,0,18.1,0
20101215,1292342400000,18.4,18.4,17.95,18.09,22648,41221037.00000001,0.0,0,18.3,0
20101216,1292428800000,18.1,18.200000000000003,17.900000000000002,18.040000000000003,14615,26410727.0,0.0,0,18.090000000000003,0
20101217,1292515200000,18.12,18.15,17.77,17.96,17887,31986769.000000004,0.0,0,18.04,0
20101220,1292774400000,18.0,18.72,17.43,18.47,66898,122675195.0,0.0,0,17.96,0
20101221,1292860800000,18.23,19.0,17.92,18.89,64131,119983256.00000001,0.0,0,18.470000000000002,0
20101222,1292947200000,18.75,19.05,18.35,18.630000000000003,35686,66537878.00000001,0.0,0,18.89,0
20101223,1293033600000,18.580000000000002,18.860000000000003,17.900000000000002,18.020000000000003,24332,44461935.0,0.0,0,18.630000000000003,0
20101224,1293120000000,17.900000000000002,18.000000000000004,17.150000000000002,17.19,19975,34861078.0,0.0,0,18.020000000000003,0
20101227,1293379200000,17.080000000000002,17.42,15.860000000000001,16.0,28058,46951423.0,0.0,0,17.19,0
20101228,1293465600000,15.84,16.24,15.6,15.92,15659,24915921.0,0.0,0,16.0,0
20101229,1293552000000,15.85,16.35,15.85,16.24,8067,13037591.0,0.0,0,15.92,0
20101230,1293638400000,16.05,17.1,16.05,16.830000000000002,23895,40168386.00000001,0.0,0,16.240000000000002,0
20101231,1293724800000,16.83,17.07,16.7,16.91,16812,28316036.0,0.0,0,16.83,0
20110104,1294070400000,16.87,17.349999999999998,16.86,17.15,14548,24972452.0,0.0,0,16.91,0
20110105,1294156800000,17.2,17.7,17.0,17.56,19379,33798657.0,0.0,0,17.15,0
20110106,1294243200000,17.619999999999997,17.79,17.31,17.45,13901,24303241.0,0.0,0,17.56,0
20110107,1294329600000,17.3,17.53,16.96,17.130000000000003,14400,24849468.0,0.0,0,17.45,0
20110110,1294588800000,16.96,17.8,16.86,17.14,13269,23068558.0,0.0,0,17.13,0
20110111,1294675200000,17.03,17.580000000000002,16.8,17.51,14506,25061977.0,0.0,0,17.14,0
20110112,1294761600000,17.540000000000003,17.8,17.42,17.740000000000002,17367,30635340.000000004,0.0,0,17.51,0
20110113,1294848000000,17.810000000000002,17.970000000000002,17.3,17.400000000000002,16063,28201186.0,0.0,0,17.740000000000002,0
20110114,1294934400000,17.400000000000002,17.470000000000002,16.8,17.01,14611,24887173.000000004,0.0,0,17.400000000000002,0
20110117,1295193600000,16.84,17.22,16.65,16.81,10496,17706246.000000004,0.0,0,17.009999999999998,0
20110118,1295280000000,16.78,17.0,16.59,16.99,6826,11498678.000000002,0.0,0,16.81,0
20110119,1295366400000,17.03,18.0,16.51,17.970000000000002,26813,47339377.99999999,0.0,0,16.990000000000002,0
20110120,1295452800000,17.9,17.9,17.0,17.05,19684,34425026.0,0.0,0,17.97,0
20110121,1295539200000,16.990000000000002,17.76,16.6,17.39,18208,31594956.0,0.0,0,17.05,0
20110124,1295798400000,17.4,17.88,17.18,17.79,29029,51411243.00000001,0.0,0,17.39,0
20110125,1295884800000,17.8,18.28,16.62,16.82,26073,44871058.00000001,0.0,0,17.79,0
20110126,1295971200000,16.400000000000002,16.98,16.330000000000002,16.8,11720,19520877.0,0.0,0,16.82,0
20110127,1296057600000,16.59,17.18,16.59,17.06,10882,18457726.0,0.0,0,16.8,0
20110128,1296144000000,16.71,18.77,16.68,18.77,52096,95434226.00000001,0.0,0,17.06,0
20110131,1296403200000,19.189999999999998,20.0,18.88,19.849999999999998,103995,202679745.0,0.0,0,18.77,0
20110201,1296489600000,19.650000000000002,19.680000000000003,19.01,19.37,50579,97603372.00000001,0.0,0,19.85,0
20110209,1297180800000,19.34,20.18,19.1,19.82,61312,120678963.0,0.0,0,19.37,0
20110210,1297267200000,19.69,20.37,19.27,20.29,57351,114531656.0,0.0,0,19.82,0
20110211,1297353600000,20.23,20.470000000000002,19.71,19.75,52487,105245133.0,0.0,0,20.29,0
20110214,1297612800000,19.5,19.970000000000002,19.21,19.95,50548,99148530.0,0.0,0,19.75,0
20110215,1297699200000,19.99,20.599999999999998,19.61,19.66,54750,109884079.0,0.0,0,19.95,0
20110216,1297785600000,19.54,20.97,19.43,20.86,71327,145256282.0,0.0,0,19.66,0
20110217,1297872000000,20.700000000000003,20.900000000000002,20.150000000000002,20.580000000000002,51751,105768722.0,0.0,0,20.860000000000003,0
20110218,1297958400000,20.47,20.59,19.3,19.32,60672,120238301.00000001,0.0,0,20.580000000000002,0
20110221,1298217600000,19.22,19.78,19.02,19.599999999999998,41242,80382490.0,0.0,0,19.32,0
20110222,1298304000000,19.6,19.610000000000003,18.01,18.35,59164,111093345.0,0.0,0,19.6,0
20110223,1298390400000,18.21,19.03,18.19,18.8,32883,61549956.0,0.0,0,18.35,0
20110224,1298476800000,18.76,19.17,18.6,18.93,20158,38136295.0,0.0,0,18.8,0
20110225,1298563200000,18.970000000000002,19.480000000000004,18.400000000000002,19.46,33829,64585435.00000001,0.0,0,18.930000000000003,0
20110228,1298822400000,19.459999999999997,19.779999999999998,19.22,19.72,25038,48954191.0,0.0,0,19.459999999999997,0
20110301,1298908800000,19.68,19.8,19.27,19.58,27165,52894090.99999999,0.0,0,19.72,0
20110302,1298995200000,19.45,19.45,18.88,19.099999999999998,22149,42297538.0,0.0,0,19.58,0
20110303,1299081600000,19.1,19.19,18.42,18.490000000000002,22382,42107860.0,0.0,0,19.1,0
20110304,1299168000000,18.490000000000002,19.0,18.37,18.96,11239,21103621.0,0.0,0,18.490000000000002,0
20110307,1299427200000,19.1,19.400000000000002,18.900000000000002,19.39,21475,41238681.0,0.0,0,18.96,0
20110308,1299513600000,19.37,19.75,19.37,19.61,21619,42257728.0,0.0,0,19.39,0
20110309,1299600000000,19.6,19.89,19.3,19.69,27211,53403589.0,0.0,0,19.61,0
20110310,1299686400000,19.69,19.860000000000003,19.1,19.130000000000003,22496,43741224.0,0.0,0,19.69,0
20110311,1299772800000,19.05,19.47,19.0,19.12,18739,36114404.00000001,0.0,0,19.13,0
20110314,1300032000000,19.000000000000004,19.3,18.650000000000002,19.160000000000004,17654,33406813.0,0.0,0,19.12,0
20110315,1300118400000,19.060000000000002,19.200000000000003,18.53,19.19,23017,43409569.00000001,0.0,0,19.16,0
20110316,1300204800000,19.189999999999998,21.11,19.13,21.11,70774,146070367.0,0.0,0,19.189999999999998,0
20110317,1300291200000,21.5,21.5,20.5,20.83,77640,162010244.0,0.0,0,21.11,0
20110318,1300377600000,20.7,21.98,20.39,21.27,89850,191221565.0,0.0,0,20.830000000000002,0
20110321,1300636800000,21.189999999999998,22.299999999999997,20.81,21.73,68991,149265855.99999997,0.0,0,21.27,0
20110322,1300723200000,21.560000000000002,22.19,21.05,21.18,44435,95055641.00000001,0.0,0,21.73,0
20110323,1300809600000,21.099999999999998,21.5,20.77,21.49,39103,82739575.00000001,0.0,0,21.18,0
20110324,1300896000000,21.52,21.98,21.23,21.77,44014,95307278.0,0.0,0,21.490000000000002,0
20110325,1300982400000,21.98,21.98,21.28,21.560000000000002,35917,77242719.0,0.0,0,21.77,0
20110328,1301241600000,21.580000000000002,22.21,21.21,21.7,52409,114323808.0,0.0,0,21.560000000000002,0
20110329,1301328000000,21.45,21.650000000000002,20.3,20.34,48185,100091756.0,0.0,0,21.7,0
20110330,1301414400000,20.259999999999998,20.62,19.68,19.89,25847,51876374.00000001,0.0,0,20.34,0
20110331,1301500800000,19.9,20.3,19.75,19.94,15213,30405357.0,0.0,0,19.89,0
20110401,1301587200000,20.05,20.34,19.82,20.25,14972,30098438.0,0.0,0,19.94,0
20110406,1302019200000,20.240000000000002,20.5,19.55,19.6,22584,44930872.0,0.0,0,20.25,0
20110407,1302105600000,19.490000000000002,19.95,19.48,19.73,18377,36242901.0,0.0,0,19.6,0
20110408,1302192000000,19.61,20.45,19.57,20.36,25963,52056293.0,0.0,0,19.73,0
20110411,1302451200000,20.47,20.48,20.02,20.19,24255,48987238.00000001,0.0,0,20.36,0
20110412,1302537600000,20.0,20.0,19.21,19.27,32019,62332821.0,0.0,0,20.19,0
20110413,1302624000000,19.17,19.200000000000003,18.650000000000002,19.130000000000003,25253,47620977.0,0.0,0,19.270000000000003,0
20110414,1302710400000,19.130000000000003,19.19,18.740000000000002,18.92,17406,32924896.0,0.0,0,19.130000000000003,0
20110415,1302796800000,18.85,19.0,18.3,18.67,21429,39900879.0,0.0,0,18.92,0
20110418,1303056000000,18.58,18.869999999999997,18.29,18.63,20282,37615610.0,0.0,0,18.669999999999998,0
20110419,1303142400000,18.459999999999997,18.63,18.31,18.5,14474,26681277.000000004,0.0,0,18.63,0
20110420,1303228800000,18.46,19.05,18.46,18.66,16253,30469574.0,0.0,0,18.5,0
20110421,1303315200000,18.66,19.06,18.66,18.94,13855,26214426.0,0.0,0,18.66,0
20110422,1303401600000,19.0,19.0,18.55,18.970000000000002,15021,28216869.000000004,0.0,0,18.94,0
20110425,1303660800000,18.97,19.0,17.5,17.66,22706,41368829.0,0.0,0,18.97,0
20110426,1303747200000,17.66,17.95,17.22,17.439999999999998,11029,19322707.0,0.0,0,17.66,0
20110427,1303833600000,17.79,17.79,17.31,17.419999999999998,7936,13900499.0,0.0,0,17.439999999999998,0
20110428,1303920000000,17.490000000000002,17.73,17.21,17.3,10060,17580545.000000004,0.0,0,17.42,0
20110429,1304006400000,17.39,18.79,17.39,18.240000000000002,17969,32629010.0,0.0,0,17.3,0
20110503,1304352000000,18.23,18.490000000000002,18.080000000000002,18.46,12118,22227177.0,0.0,0,18.240000000000002,0
20110504,1304438400000,18.419999999999998,18.419999999999998,17.52,17.79,14897,26702605.0,0.0,0,18.46,0
20110505,1304524800000,17.62,18.0,17.41,17.68,8719,15407352.0,0.0,0,17.79,0
20110506,1304611200000,17.68,17.68,17.68,17.68,0,0.0,0.0,0,17.68,1
20110509,1304870400000,17.6,18.1,17.6,17.96,8113,14561397.999999998,0.0,0,17.68,0
20110510,1304956800000,17.98,18.17,17.900000000000002,18.080000000000002,6562,11825206.000000002,0.0,0,17.96,0
20110511,1305043200000,18.13,18.75,17.97,18.619999999999997,22084,40976999.0,0.0,0,18.08,0
20110512,1305129600000,18.4,18.779999999999998,18.38,18.669999999999998,17287,32117136.000000004,0.0,0,18.619999999999997,0
20110513,1305216000000,18.500000000000004,19.500000000000004,18.490000000000002,19.250000000000004,39216,75279935.0,0.0,0,18.67,0
20110516,1305475200000,19.25,19.950000000000003,19.1,19.5,38398,75091057.0,0.0,0,19.25,0
20110517,1305561600000,19.55,19.77,19.0,19.48,33518,65245469.0,0.0,0,19.5,0
20110518,1305648000000,19.290000000000003,20.200000000000003,19.03,19.900000000000002,38882,77071185.0,0.0,0,19.48,0
20110519,1305734400000,19.92,20.080000000000002,19.650000000000002,19.8,18573,36793060.0,0.0,0,19.900000000000002,0
20110520,1305820800000,19.720000000000002,19.720000000000002,19.330000000000002,19.580000000000002,19141,37226752.0,0.0,0,19.700000000000003,0
20110523,1306080000000,19.39,19.84,18.5,18.66,27244,51887278.0,0.0,0,19.58,0
20110524,1306166400000,18.51,18.73,18.01,18.520000000000003,11218,20569834.000000004,0.0,0,18.66,0
20110525,1306252800000,18.68,18.86,18.45,18.49,10462,19504210.0,0.0,0,18.52,0
20110526,1306339200000,18.6,18.75,18.18,18.23,10588,19596990.0,0.0,0,18.49,0
20110527,1306425600000,18.6,19.540000000000003,17.6,17.93,32957,61906345.0,0.0,0,18.23,0
20110530,1306684800000,17.34,17.84,16.14,17.3,17811,30509084.000000004,0.0,0,17.93,0
20110531,1306771200000,16.81,17.5,16.81,17.33,12731,21996584.0,0.0,0,17.299999999999997,0
20110601,1306857600000,17.48,17.62,17.3,17.57,11407,19940964.0,0.0,0,17.330000000000002,0
20110602,1306944000000,17.21,17.490000000000002,17.01,17.400000000000002,9660,16651527.000000002,0.0,0,17.57,0
20110603,1307030400000,17.490000000000002,18.490000000000002,17.400000000000002,17.950000000000003,11399,20528261.0,0.0,0,17.400000000000002,0
20110607,1307376000000,17.650000000000002,18.150000000000002,17.650000000000002,17.990000000000002,8066,14519393.0,0.0,0,17.950000000000003,0
20110608,1307462400000,17.900000000000002,18.240000000000002,17.8,18.04,9933,17939582.0,0.0,0,17.990000000000002,0
20110609,1307548800000,18.000000000000004,18.250000000000004,17.900000000000002,17.94,17727,32099636.000000004,0.0,0,18.040000000000003,0
20110610,1307635200000,17.92,18.65,17.75,18.53,21023,38220160.0,0.0,0,17.94,0
20110613,1307894400000,18.48,19.13,18.27,19.1,34201,64675722.0,0.0,0,18.53,0
20110614,1307980800000,19.1,19.15,18.82,19.06,16247,30942349.0,0.0,0,19.1,0
20110615,1308067200000,19.16,19.16,18.75,18.93,14901,28249364.999999996,0.0,0,19.06,0
20110616,1308153600000,19.080000000000002,19.54,18.41,18.44,24502,46576999.0,0.0,0,18.93,0
20110617,1308240000000,17.990000000000002,18.39,17.53,17.98,16667,29903979.000000004,0.0,0,18.44,0
20110620,1308499200000,17.84,17.990000000000002,17.26,17.900000000000002,7246,12875075.000000002,0.0,0,17.98,0
20110621,1308585600000,17.990000000000002,18.090000000000003,17.650000000000002,18.040000000000003,8545,15294371.000000002,0.0,0,17.900000000000002,0
20110622,1308672000000,18.04,18.400000000000002,17.8,18.09,8773,15931988.000000002,0.0,0,18.04,0
20110623,1308758400000,18.0,18.349999999999998,17.72,18.24,8432,15295741.000000002,0.0,0,18.09,0
20110624,1308844800000,17.89,19.13,17.89,18.93,21601,40573648.0,0.0,0,18.240000000000002,0
20110627,1309104000000,18.75,20.0,18.75,19.99,46148,90343041.0,0.0,0,18.93,0
20110628,1309190400000,19.990000000000002,20.25,19.62,20.040000000000003,46383,92860553.0,0.0,0,19.990000000000002,0
20110629,1309276800000,20.0,20.61,19.71,20.310000000000002,50174,101613604.0,0.0,0,20.04,0
20110630,1309363200000,20.349999999999998,20.73,20.13,20.49,36031,73558966.0,0.0,0,20.31,0
20110701,1309449600000,20.549999999999997,21.88,20.31,21.68,69297,147365145.0,0.0,0,20.49,0
20110704,1309708800000,21.7,22.45,21.5,22.21,60558,133607136.00000001,0.0,0,21.68,0
20110705,1309795200000,22.0,22.19,21.66,21.99,27354,59719322.00000001,0.0,0,22.21,0
20110706,1309881600000,21.96,22.220000000000002,21.6,21.98,26985,59149985.0,0.0,0,21.990000000000002,0
20110707,1309968000000,21.900000000000002,22.27,21.28,21.98,42677,92771431.0,0.0,0,21.98,0
20110708,1310054400000,21.900000000000002,21.900000000000002,21.35,21.64,20492,44295637.00000001,0.0,0,21.98,0
20110711,1310313600000,21.58,23.48,21.38,23.009999999999998,49184,111358100.00000001,0.0,0,21.64,0
20110712,1310400000000,22.56,24.48,22.5,23.8,58364,137617999.0,0.0,0,23.01,0
20110713,1310486400000,23.529999999999998,23.97,23.2,23.71,37018,87225702.0,0.0,0,23.8,0
20110714,1310572800000,23.69,24.18,23.41,23.72,25418,60505199.0,0.0,0,23.71,0
20110715,1310659200000,23.8,25.24,23.45,25.08,41039,100161178.0,0.0,0,23.72,0
20110718,1310918400000,24.8,24.98,24.080000000000002,24.17,41422,101004978.0,0.0,0,25.080000000000002,0
20110719,1311004800000,24.040000000000003,24.790000000000003,23.1,24.68,58590,140167812.0,0.0,0,24.17,0
20110720,1311091200000,24.45,24.6,23.18,24.21,54004,129008206.0,0.0,0,24.68,0
20110721,1311177600000,23.7,24.35,22.5,22.68,37691,88261039.0,0.0,0,24.21,0
20110722,1311264000000,22.75,22.99,22.5,22.66,22625,51413398.0,0.0,0,22.68,0
20110725,1311523200000,22.8,23.360000000000003,21.85,22.080000000000002,35493,79910915.0,0.0,0,22.66,0
20110726,1311609600000,22.099999999999998,22.57,21.52,22.259999999999998,22738,50500111.0,0.0,0,22.08,0
20110727,1311696000000,22.22,23.55,21.91,23.42,30143,68514953.0,0.0,0,22.26,0
20110728,1311782400000,22.880000000000003,23.380000000000003,22.400000000000002,22.650000000000002,30236,68741656.0,0.0,0,23.42,0
20110729,1311868800000,22.630000000000003,23.0,22.21,22.48,17042,38427564.00000001,0.0,0,22.650000000000002,0
20110801,1312128000000,22.110000000000003,23.000000000000004,22.080000000000002,22.44,26379,59406734.0,0.0,0,22.48,0
20110802,1312214400000,22.310000000000002,22.310000000000002,21.6,22.3,15958,35111940.00000001,0.0,0,22.44,0
20110803,1312300800000,21.88,22.48,21.84,22.07,17863,39618764.0,0.0,0,22.3,0
20110804,1312387200000,22.080000000000002,22.650000000000002,22.080000000000002,22.220000000000002,11962,26726958.0,0.0,0,22.07,0
20110805,1312473600000,21.44,22.36,20.5,22.02,19123,41574425.00000001,0.0,0,22.22,0
20110808,1312732800000,21.400000000000002,22.2,20.8,21.93,24502,53035213.0,0.0,0,22.02,0
20110809,1312819200000,21.400000000000002,22.380000000000003,20.8,21.94,21586,47016891.0,0.0,0,21.93,0
20110810,1312905600000,22.48,23.36,22.13,22.599999999999998,40654,92465064.0,0.0,0,21.939999999999998,0
20110811,1312992000000,22.200000000000003,23.1,21.94,22.8,32756,73932195.0,0.0,0,22.6,0
20110812,1313078400000,22.900000000000002,23.44,22.650000000000002,22.78,21725,49964296.0,0.0,0,22.8,0
20110815,1313337600000,22.75,22.990000000000002,22.51,22.91,16102,36747993.00000001,0.0,0,22.78,0
20110816,1313424000000,23.0,23.1,22.35,22.44,20366,45958375.0,0.0,0,22.91,0
20110817,1313510400000,22.439999999999998,22.439999999999998,21.86,21.96,13032,28894596.0,0.0,0,22.439999999999998,0
20110818,1313596800000,22.0,22.17,21.21,21.650000000000002,16019,34544526.0,0.0,0,21.96,0
20110819,1313683200000,21.29,21.78,21.05,21.71,8995,19317893.0,0.0,0,21.650000000000002,0
20110822,1313942400000,21.71,22.08,21.25,21.57,16941,36839761.0,0.0,0,21.71,0
20110823,1314028800000,21.69,21.820000000000004,21.400000000000002,21.790000000000003,8502,18347245.0,0.0,0,21.570000000000004,0
20110824,1314115200000,21.830000000000002,21.95,21.48,21.62,7351,16034365.000000002,0.0,0,21.79,0
20110825,1314201600000,21.5,21.92,21.5,21.81,10757,23351928.000000004,0.0,0,21.62,0
20110826,1314288000000,21.95,21.95,21.7,21.79,7315,15939901.0,0.0,0,21.81,0
20110829,1314547200000,21.75,21.78,20.92,21.14,17768,37628564.0,0.0,0,21.790000000000003,0
20110830,1314633600000,21.25,21.6,20.92,20.930000000000003,9653,20464002.0,0.0,0,21.14,0
20110831,1314720000000,20.9,21.18,20.22,20.75,10317,21306503.0,0.0,0,20.93,0
20110901,1314806400000,20.849999999999998,20.9,20.2,20.759999999999998,7762,15974813.0,0.0,0,20.75,0
20110902,1314892800000,20.74,20.75,20.34,20.61,3195,6577862.0,0.0,0,20.76,0
20110905,1315152000000,20.61,21.09,20.25,20.9,9894,20520623.0,0.0,0,20.61,0
20110906,1315238400000,20.62,20.97,20.23,20.26,6113,12622996.0,0.0,0,20.900000000000002,0
20110907,1315324800000,20.09,20.81,20.09,20.66,5746,11775467.0,0.0,0,20.26,0
20110908,1315411200000,20.67,20.78,20.5,20.6,3034,6262910.0,0.0,0,20.66,0
20110909,1315497600000,20.6,20.6,20.6,20.6,0,0.0,0.0,0,20.6,1
20110913,1315843200000,20.3,20.490000000000002,19.8,20.17,8180,16391908.0,0.0,0,20.6,0
20110914,1315929600000,20.05,20.71,20.05,20.66,7846,15950217.000000002,0.0,0,20.17,0
20110915,1316016000000,20.62,21.26,20.62,20.990000000000002,9846,20719951.000000004,0.0,0,20.66,0
20110916,1316102400000,21.150000000000002,21.32,20.78,20.8,3801,7965840.0,0.0,0,20.990000000000002,0
20110919,1316361600000,20.799999999999997,20.799999999999997,20.31,20.389999999999997,2302,4721245.0,0.0,0,20.799999999999997,0
20110920,1316448000000,20.200000000000003,20.650000000000002,20.01,20.48,4282,8760125.0,0.0,0,20.39,0
20110921,1316534400000,20.400000000000002,21.220000000000002,20.3,21.130000000000003,8730,18319569.0,0.0,0,20.48,0
20110922,1316620800000,21.12,21.3,20.7,20.72,5821,12223201.0,0.0,0,21.13,0
20110923,1316707200000,20.32,20.700000000000003,20.01,20.630000000000003,3975,8083036.0,0.0,0,20.720000000000002,0
20110926,1316966400000,20.64,20.85,20.21,20.240000000000002,1802,3688103.0,0.0,0,20.630000000000003,0
20110927,1317052800000,20.6,20.6,20.1,20.310000000000002,3539,7190104.000000001,0.0,0,20.240000000000002,0
20110928,1317139200000,20.490000000000002,20.57,20.1,20.220000000000002,3437,6971698.999999999,0.0,0,20.310000000000002,0
20110929,1317225600000,20.3,20.3,18.23,20.15,12533,24657148.0,0.0,0,20.22,0
20110930,1317312000000,20.14,20.3,19.400000000000002,20.200000000000003,5678,11284783.0,0.0,0,20.150000000000002,0
20111010,1318176000000,20.26,20.31,19.5,20.18,3719,7438143.0,0.0,0,20.2,0
20111011,1318262400000,20.5,20.6,19.76,20.17,7005,14032123.999999998,0.0,0,20.180000000000003,0
20111012,1318348800000,19.9,20.52,19.7,20.41,9209,18630377.0,0.0,0,20.169999999999998,0
20111013,1318435200000,20.48,20.770000000000003,20.240000000000002,20.630000000000003,8563,17603280.999999996,0.0,0,20.410000000000004,0
20111014,1318521600000,20.630000000000003,20.630000000000003,20.1,20.18,5834,11841206.0,0.0,0,20.630000000000003,0
20111017,1318780800000,20.080000000000002,20.340000000000003,20.080000000000002,20.130000000000003,3914,7899754.0,0.0,0,20.180000000000003,0
20111018,1318867200000,20.150000000000002,20.28,19.76,19.930000000000003,5484,10947847.0,0.0,0,20.130000000000003,0
20111019,1318953600000,19.919999999999998,19.99,19.54,19.96,5231,10354747.0,0.0,0,19.93,0
20111020,1319040000000,19.790000000000003,19.790000000000003,19.1,19.46,6959,13501920.0,0.0,0,19.96,0
20111021,1319126400000,19.45,19.49,19.0,19.45,4311,8294033.0,0.0,0,19.46,0
20111024,1319385600000,19.680000000000003,19.880000000000003,19.080000000000002,19.67,3710,7211841.0,0.0,0,19.450000000000003,0
20111025,1319472000000,19.68,21.22,19.5,20.82,10366,21247361.0,0.0,0,19.67,0
20111026,1319558400000,20.84,21.2,20.61,20.759999999999998,12629,26421988.0,0.0,0,20.82,0
20111027,1319644800000,20.66,20.919999999999998,20.45,20.48,5083,10507500.0,0.0,0,20.759999999999998,0
20111028,1319731200000,20.67,21.05,20.55,20.98,10102,21074090.999999996,0.0,0,20.48,0
20111031,1319990400000,21.099999999999998,21.939999999999998,20.88,21.599999999999998,15927,34203014.00000001,0.0,0,20.98,0
20111101,1320076800000,21.580000000000002,22.01,21.32,21.54,13568,29491697.0,0.0,0,21.6,0
20111102,1320163200000,21.3,21.65,21.0,21.54,11645,24840561.0,0.0,0,21.54,0
20111103,1320249600000,21.52,22.07,21.2,21.21,13996,30295906.000000004,0.0,0,21.54,0
20111104,1320336000000,21.240000000000002,21.380000000000003,20.92,21.14,8031,16999558.0,0.0,0,21.21,0
20111107,1320595200000,21.06,21.330000000000002,20.91,20.99,5094,10754765.0,0.0,0,21.14,0
20111108,1320681600000,21.16,21.16,20.32,20.37,8566,17762339.999999996,0.0,0,20.990000000000002,0
20111109,1320768000000,20.3,20.78,20.21,20.76,5365,11015409.0,0.0,0,20.37,0
20111110,1320854400000,20.490000000000002,21.35,20.35,20.94,10939,23054416.0,0.0,0,20.76,0
20111111,1320940800000,21.080000000000002,21.3,20.85,20.92,5846,12321549.0,0.0,0,20.94,0
20111114,1321200000000,21.1,21.98,20.94,21.66,20719,44664892.0,0.0,0,20.92,0
20111115,1321286400000,21.75,21.75,21.29,21.4,16058,34456464.0,0.0,0,21.66,0
20111116,1321372800000,21.419999999999998,21.56,20.36,20.59,13770,28737248.000000004,0.0,0,21.4,0
20111117,1321459200000,20.599999999999998,20.75,20.2,20.52,8059,16456299.0,0.0,0,20.59,0
20111118,1321545600000,20.330000000000002,20.35,19.1,19.400000000000002,15929,31341553.999999996,0.0,0,20.520000000000003,0
20111121,1321804800000,19.400000000000002,19.55,19.01,19.470000000000002,6878,13227416.000000002,0.0,0,19.400000000000002,0
20111122,1321891200000,19.17,19.37,18.48,18.96,10568,19979384.000000004,0.0,0,19.47,0
20111123,1321977600000,19.14,19.16,18.78,18.880000000000003,5207,9839537.0,0.0,0,18.96,0
20111124,1322064000000,18.51,18.830000000000002,18.21,18.580000000000002,4812,8918452.0,0.0,0,18.880000000000003,0
20111125,1322150400000,18.58,18.939999999999998,18.2,18.23,5259,9753980.0,0.0,0,18.58,0
20111128,1322409600000,18.160000000000004,18.310000000000002,17.080000000000002,17.51,24617,42990061.00000001,0.0,0,18.23,0
20111129,1322496000000,17.59,17.8,17.25,17.79,17400,30526956.0,0.0,0,17.51,0
20111130,1322582400000,17.61,17.75,17.16,17.48,10894,18962938.999999996,0.0,0,17.79,0
20111201,1322668800000,17.98,17.98,17.45,17.509999999999998,17621,31230650.0,0.0,0,17.48,0
20111202,1322755200000,17.7,17.7,16.9,17.259999999999998,8384,14454466.000000002,0.0,0,17.509999999999998,0
20111205,1323014400000,17.16,17.16,16.55,16.79,6715,11295797.0,0.0,0,17.26,0
20111206,1323100800000,16.77,16.98,16.45,16.65,7951,13229616.0,0.0,0,16.79,0
20111207,1323187200000,16.849999999999998,16.98,16.56,16.83,4706,7918690.0,0.0,0,16.65,0
20111208,1323273600000,16.83,17.18,16.65,16.869999999999997,6846,11590577.000000002,0.0,0,16.83,0
20111209,1323360000000,16.82,17.05,16.68,16.93,5162,8737383.000000002,0.0,0,16.87,0
20111212,1323619200000,17.04,17.1,16.8,16.82,2836,4793937.0,0.0,0,16.93,0
20111213,1323705600000,16.830000000000002,16.91,15.65,15.68,9283,14827139.0,0.0,0,16.82,0
20111214,1323792000000,15.93,15.94,15.0,15.18,5669,8678322.999999998,0.0,0,15.68,0
20111215,1323878400000,15.25,15.25,14.65,15.0,6237,9249206.000000002,0.0,0,15.18,0
20111216,1323964800000,15.06,15.45,14.85,15.45,5282,7993625.0,0.0,0,15.0,0
20111219,1324224000000,15.42,15.9,14.9,15.450000000000001,8411,12995040.0,0.0,0,15.450000000000001,0
20111220,1324310400000,15.4,15.5,14.91,14.97,7476,11368818.0,0.0,0,15.45,0
20111221,1324396800000,15.23,15.3,14.200000000000001,14.22,6846,10108912.000000002,0.0,0,14.97,0
20111222,1324483200000,14.01,14.23,13.58,13.89,7918,11035992.0,0.0,0,14.22,0
20111223,1324569600000,13.9,14.15,13.74,14.0,6417,9005943.0,0.0,0,13.89,0
20111226,1324828800000,14.0,14.29,13.93,14.0,3497,4947808.0,0.0,0,14.0,0
20111227,1324915200000,14.0,14.049999999999999,13.69,13.729999999999999,4109,5671246.000000001,0.0,0,14.0,0
20111228,1325001600000,13.520000000000001,13.74,13.22,13.430000000000001,4826,6452739.0,0.0,0,13.73,0
20111229,1325088000000,13.430000000000001,13.520000000000001,13.3,13.31,3407,4568730.0,0.0,0,13.430000000000001,0
20111230,1325174400000,13.450000000000001,13.770000000000001,13.31,13.690000000000001,10026,13636079.0,0.0,0,13.31,0
20120104,1325606400000,13.79,13.86,13.1,13.139999999999999,4890,6637792.0,0.0,0,13.69,0
20120105,1325692800000,12.95,13.1,11.83,11.92,17017,20776334.0,0.0,0,13.14,0
20120106,1325779200000,11.98,11.98,11.35,11.69,8311,9653261.0,0.0,0,11.92,0
20120109,1326038400000,11.66,12.370000000000001,11.66,12.35,10867,13134634.0,0.0,0,11.69,0
20120110,1326124800000,12.360000000000001,13.170000000000002,12.120000000000001,13.040000000000001,19032,24403410.0,0.0,0,12.350000000000001,0
20120111,1326211200000,13.09,13.75,13.0,13.41,17353,23171634.0,0.0,0,13.04,0
20120112,1326297600000,13.41,13.500000000000002,13.120000000000001,13.22,11170,14879237.0,0.0,0,13.41,0
20120113,1326384000000,13.45,13.49,12.61,12.62,9349,12114778.0,0.0,0,13.219999999999999,0
20120116,1326643200000,12.61,12.62,12.25,12.33,4547,5627821.999999999,0.0,0,12.62,0
20120117,1326729600000,12.370000000000001,13.32,12.23,13.26,8635,11070799.0,0.0,0,12.33,0
20120118,1326816000000,13.350000000000001,13.73,13.200000000000001,13.22,12403,16744811.0,0.0,0,13.260000000000002,0
20120119,1326902400000,13.3,13.65,12.96,13.520000000000001,6519,8741435.0,0.0,0,13.22,0
20120120,1326988800000,13.549999999999999,14.87,13.26,14.459999999999999,16127,22797684.0,0.0,0,13.52,0
20120130,1327852800000,14.46,14.49,14.120000000000001,14.170000000000002,13195,18754764.0,0.0,0,14.46,0
20120131,1327939200000,13.73,14.32,13.73,14.290000000000001,7851,11105517.000000002,0.0,0,14.17,0
20120201,1328025600000,14.22,14.99,14.08,14.12,9786,14143228.0,0.0,0,14.290000000000001,0
20120202,1328112000000,14.24,14.99,14.13,14.440000000000001,10280,14861569.0,0.0,0,14.120000000000001,0
20120203,1328198400000,14.440000000000001,14.65,14.31,14.620000000000001,10327,14968972.0,0.0,0,14.440000000000001,0
20120206,1328457600000,14.65,14.74,14.4,14.6,9014,13073760.0,0.0,0,14.620000000000001,0
20120207,1328544000000,14.430000000000001,14.47,14.13,14.23,5791,8256334.000000001,0.0,0,14.600000000000001,0
20120208,1328630400000,14.200000000000001,14.56,14.06,14.46,8856,12715168.000000002,0.0,0,14.23,0
20120209,1328716800000,14.47,14.67,14.4,14.48,9781,14230486.0,0.0,0,14.46,0
20120210,1328803200000,14.500000000000002,14.840000000000002,14.450000000000001,14.63,11312,16557096.0,0.0,0,14.48,0
20120213,1329062400000,14.629999999999999,14.799999999999999,14.43,14.59,10234,14947476.0,0.0,0,14.629999999999999,0
20120214,1329148800000,14.61,14.68,14.16,14.26,16526,23725653.0,0.0,0,14.59,0
20120215,1329235200000,14.260000000000002,14.8,14.21,14.73,20188,29393071.0,0.0,0,14.260000000000002,0
20120216,1329321600000,14.76,15.190000000000001,14.39,14.600000000000001,23477,34593585.0,0.0,0,14.73,0
20120217,1329408000000,14.65,14.73,14.35,14.42,10540,15277403.0,0.0,0,14.6,0
20120220,1329667200000,14.69,15.18,14.5,14.89,30582,45492946.0,0.0,0,14.42,0
20120221,1329753600000,14.8,15.200000000000001,14.620000000000001,15.190000000000001,25208,37621504.0,0.0,0,14.89,0
20120222,1329840000000,15.19,15.52,15.09,15.44,33818,51735686.0,0.0,0,15.19,0
20120223,1329926400000,15.43,16.01,15.32,16.0,37396,58875043.99999999,0.0,0,15.44,0
20120224,1330012800000,16.18,16.35,15.780000000000001,16.01,28782,46070726.0,0.0,0,16.0,0
20120227,1330272000000,16.060000000000002,16.18,15.8,15.81,26331,41972282.0,0.0,0,16.01,0
20120228,1330358400000,15.750000000000002,16.05,15.610000000000001,15.840000000000002,19243,30446450.0,0.0,0,15.81,0
20120229,1330444800000,15.7,15.89,15.59,15.61,12705,19932803.0,0.0,0,15.84,0
20120301,1330531200000,15.520000000000001,15.89,15.47,15.76,17818,27931433.0,0.0,0,15.610000000000001,0
20120302,1330617600000,15.889999999999999,15.99,15.77,15.95,17288,27497725.0,0.0,0,15.76,0
20120305,1330876800000,16.02,16.45,15.98,16.02,22400,36266578.0,0.0,0,15.950000000000001,0
20120306,1330963200000,16.03,16.03,15.51,15.77,17171,27036670.0,0.0,0,16.02,0
20120307,1331049600000,15.4,15.9,15.3,15.57,10769,16882170.0,0.0,0,15.770000000000001,0
20120308,1331136000000,15.5,15.79,15.5,15.68,10598,16615043.0,0.0,0,15.57,0
20120309,1331222400000,15.78,16.09,15.69,16.07,18955,30224973.0,0.0,0,15.68,0
20120312,1331481600000,16.17,16.5,15.98,16.150000000000002,17905,29009706.0,0.0,0,16.07,0
20120313,1331568000000,16.16,16.3,16.02,16.29,18105,29277521.0,0.0,0,16.15,0
20120314,1331654400000,16.38,16.45,15.0,15.2,28002,44768075.0,0.0,0,16.29,0
20120315,1331740800000,15.25,15.4,14.75,15.18,20313,30656375.999999996,0.0,0,15.2,0
20120316,1331827200000,15.15,15.55,15.0,15.53,13412,20506777.0,0.0,0,15.18,0
20120319,1332086400000,15.32,15.51,15.17,15.45,14664,22505943.0,0.0,0,15.53,0
20120320,1332172800000,15.450000000000001,15.450000000000001,14.790000000000001,14.840000000000002,15224,22909415.0,0.0,0,15.450000000000001,0
20120321,1332259200000,14.84,15.32,14.75,14.97,7641,11446872.0,0.0,0,14.84,0
20120322,1332345600000,15.0,15.16,14.9,14.99,6393,9604402.0,0.0,0,14.97,0
20120323,1332432000000,14.99,15.040000000000001,14.55,14.75,6646,9827318.000000002,0.0,0,14.99,0
20120326,1332691200000,14.750000000000002,14.8,14.200000000000001,14.290000000000001,9307,13483174.0,0.0,0,14.750000000000002,0
20120327,1332777600000,14.33,14.49,13.88,13.89,16509,23435241.0,0.0,0,14.290000000000001,0
20120328,1332864000000,13.86,14.049999999999999,13.18,13.18,12739,17140902.0,0.0,0,13.89,0
20120329,1332950400000,13.180000000000001,13.25,12.8,13.010000000000002,11056,14453030.0,0.0,0,13.180000000000001,0
20120330,1333036800000,13.040000000000001,13.13,12.9,13.02,6753,8796172.0,0.0,0,13.01,0
20120405,1333555200000,13.02,13.38,13.0,13.37,16924,22346311.0,0.0,0,13.02,0
20120406,1333641600000,13.38,13.57,13.31,13.48,15625,20990604.0,0.0,0,13.370000000000001,0
20120409,1333900800000,13.5,13.96,13.32,13.74,15444,21202555.0,0.0,0,13.48,0
20120410,1333987200000,13.65,13.84,13.26,13.79,10457,14177196.0,0.0,0,13.74,0
20120411,1334073600000,13.600000000000001,13.850000000000001,13.55,13.74,8660,11890186.000000002,0.0,0,13.790000000000001,0
20120412,1334160000000,13.74,14.080000000000002,13.700000000000001,14.06,11866,16509426.0,0.0,0,13.74,0
20120413,1334246400000,14.08,14.27,14.0,14.06,15480,21873740.000000004,0.0,0,14.06,0
20120416,1334505600000,14.01,14.190000000000001,13.98,14.05,10356,14562435.0,0.0,0,14.06,0
20120417,1334592000000,14.05,14.080000000000002,13.700000000000001,13.73,10176,14081970.0,0.0,0,14.05,0
20120418,1334678400000,13.88,14.32,13.620000000000001,14.250000000000002,15656,21995830.0,0.0,0,13.73,0
20120419,1334764800000,14.110000000000001,14.55,14.06,14.49,19509,28015483.0,0.0,0,14.25,0
20120420,1334851200000,14.6,15.05,14.41,15.03,28973,42932691.0,0.0,0,14.49,0
20120423,1335110400000,15.02,15.55,14.9,15.26,32844,50411771.0,0.0,0,15.030000000000001,0
20120424,1335196800000,14.84,14.84,13.73,14.13,49183,69407017.0,0.0,0,15.26,0
20120425,1335283200000,14.0,14.08,13.56,13.99,21490,29664909.000000004,0.0,0,14.13,0
20120426,1335369600000,14.08,14.08,13.76,13.86,14949,20768257.0,0.0,0,13.99,0
20120427,1335456000000,13.86,13.97,13.75,13.78,6729,9298963.000000002,0.0,0,13.86,0
20120502,1335888000000,13.93,14.2,13.93,14.08,13873,19473040.0,0.0,0,13.78,0
20120503,1335974400000,14.03,14.24,13.92,14.2,11038,15612985.0,0.0,0,14.08,0
20120504,1336060800000,14.11,14.25,14.0,14.25,10357,14621058.0,0.0,0,14.2,0
20120507,1336320000000,14.200000000000001,14.200000000000001,14.040000000000001,14.16,7447,10502358.0,0.0,0,14.250000000000002,0
20120508,1336406400000,14.14,14.57,14.13,14.49,17875,25718791.0,0.0,0,14.16,0
20120509,1336492800000,14.389999999999999,14.7,14.11,14.139999999999999,20969,30236513.0,0.0,0,14.49,0
20120510,1336579200000,14.06,14.15,13.68,13.85,16499,22884656.000000004,0.0,0,14.14,0
20120511,1336665600000,13.85,13.85,13.65,13.67,8569,11772471.999999998,0.0,0,13.85,0
20120514,1336924800000,13.8,13.96,13.0,13.64,7278,9943492.0,0.0,0,13.67,0
20120515,1337011200000,13.530000000000001,13.63,13.280000000000001,13.600000000000001,7315,9835825.0,0.0,0,13.64,0
20120516,1337097600000,13.51,13.77,13.41,13.44,5545,7561601.000000001,0.0,0,13.6,0
20120517,1337184000000,13.44,13.44,13.44,13.44,0,0.0,0.0,0,13.44,1
20120518,1337270400000,13.549999999999999,13.7,13.18,13.27,9583,12955613.0,0.0,0,13.44,0
20120521,1337529600000,13.01,13.45,13.01,13.31,2769,3686719.0000000005,0.0,0,13.27,0
20120522,1337616000000,13.44,13.58,13.36,13.54,4421,5973616.0,0.0,0,13.309999999999999,0
20120523,1337702400000,13.610000000000001,13.610000000000001,13.3,13.39,4687,6296927.0,0.0,0,13.540000000000001,0
20120524,1337788800000,13.309999999999999,13.459999999999999,13.02,13.16,6113,8108495.000000001,0.0,0,13.389999999999999,0
20120525,1337875200000,13.200000000000001,13.280000000000001,13.05,13.110000000000001,4944,6499410.0,0.0,0,13.16,0
20120528,1338134400000,13.100000000000001,13.290000000000001,12.540000000000001,13.280000000000001,8727,11318876.0,0.0,0,13.110000000000001,0
20120529,1338220800000,13.270000000000001,13.870000000000001,13.200000000000001,13.64,14664,20083401.0,0.0,0,13.280000000000001,0
20120530,1338307200000,13.57,13.73,13.540000000000001,13.690000000000001,7049,9627779.0,0.0,0,13.64,0
20120531,1338393600000,13.55,14.14,13.5,14.08,16027,22267298.000000004,0.0,0,13.69,0
20120601,1338480000000,14.13,14.24,13.8,14.020000000000001,11174,15636216.000000002,0.0,0,14.08,0
20120604,1338739200000,13.65,13.7,13.26,13.32,4174,5629130.0,0.0,0,13.87,0
20120605,1338825600000,13.33,13.75,13.23,13.73,9202,12383961.0,0.0,0,13.32,0
20120606,1338912000000,13.7,13.84,13.5,13.58,4146,5665233.0,0.0,0,13.73,0
20120607,1338998400000,13.700000000000001,13.750000000000002,13.200000000000001,13.610000000000001,6594,8892052.0,0.0,0,13.580000000000002,0
20120608,1339084800000,13.709999999999999,13.709999999999999,13.36,13.379999999999999,3477,4687704.0,0.0,0,13.61,0
20120611,1339344000000,13.39,13.600000000000001,13.200000000000001,13.530000000000001,8380,11226504.0,0.0,0,13.38,0
20120612,1339430400000,13.500000000000002,13.500000000000002,13.200000000000001,13.23,4461,5927302.0,0.0,0,13.530000000000001,0
20120613,1339516800000,13.22,13.450000000000001,13.040000000000001,13.270000000000001,7667,10126349.0,0.0,0,13.23,0
20120614,1339603200000,13.33,13.35,13.16,13.18,4123,5467937.000000001,0.0,0,13.27,0
20120615,1339689600000,13.200000000000001,13.290000000000001,12.8,12.96,7198,9345362.0,0.0,0,13.180000000000001,0
20120618,1339948800000,13.16,13.16,12.9,13.01,4091,5325436.000000001,0.0,0,12.96,0
20120619,1340035200000,13.08,13.08,12.82,12.83,4723,6083956.0,0.0,0,13.01,0
20120620,1340121600000,13.0,13.14,12.92,13.07,5744,7493577.0,0.0,0,12.83,0
20120621,1340208000000,13.08,13.149999999999999,12.86,13.01,4682,6093225.0,0.0,0,13.07,0
20120625,1340553600000,12.93,12.93,12.48,12.51,5290,6682332.0,0.0,0,13.01,0
20120626,1340640000000,12.5,12.6,12.19,12.389999999999999,4252,5229886.0,0.0,0,12.51,0
20120627,1340726400000,12.33,12.47,12.22,12.23,2780,3436453.0,0.0,0,12.39,0
20120628,1340812800000,12.280000000000001,12.350000000000001,12.05,12.09,3621,4428663.0,0.0,0,12.23,0
20120629,1340899200000,12.0,12.16,11.72,12.14,3440,4127248.9999999995,0.0,0,12.09,0
20120702,1341158400000,12.3,12.3,12.14,12.24,4011,4899909.0,0.0,0,12.14,0
20120703,1341244800000,12.219999999999999,12.36,12.1,12.16,2975,3640927.0,0.0,0,12.24,0
20120704,1341331200000,12.19,12.24,12.08,12.16,3027,3673792.0,0.0,0,12.16,0
20120705,1341417600000,12.16,12.200000000000001,11.8,11.89,2800,3336931.0,0.0,0,12.16,0
20120706,1341504000000,11.67,12.18,11.67,12.11,4268,5111218.0,0.0,0,11.89,0
20120709,1341763200000,12.049999999999999,12.08,11.78,11.799999999999999,3264,3903561.0,0.0,0,12.11,0
20120710,1341849600000,11.7,11.959999999999999,11.68,11.69,2886,3389100.0,0.0,0,11.799999999999999,0
20120711,1341936000000,11.7,11.83,11.67,11.76,1728,2028672.0000000002,0.0,0,11.69,0
20120712,1342022400000,11.81,12.100000000000001,11.64,11.98,4716,5579611.000000001,0.0,0,11.76,0
20120713,1342108800000,11.95,12.18,11.92,12.04,3428,4136762.0000000005,0.0,0,11.98,0
20120716,1342368000000,12.1,12.17,11.78,11.799999999999999,4216,5048662.0,0.0,0,12.04,0
20120717,1342454400000,11.71,11.930000000000001,11.71,11.860000000000001,2785,3288744.0000000005,0.0,0,11.8,0
20120718,1342540800000,11.840000000000002,12.440000000000001,11.63,12.440000000000001,9573,11708993.0,0.0,0,11.860000000000001,0
20120719,1342627200000,12.370000000000001,12.47,12.280000000000001,12.450000000000001,7526,9324210.000000002,0.0,0,12.440000000000001,0
20120720,1342713600000,12.35,12.58,12.31,12.39,4661,5791745.0,0.0,0,12.450000000000001,0
20120723,1342972800000,12.08,12.280000000000001,12.06,12.14,1905,2317458.0000000005,0.0,0,12.39,0
20120724,1343059200000,12.12,12.25,12.09,12.19,2257,2747239.0,0.0,0,12.14,0
20120725,1343145600000,12.33,12.36,11.92,12.08,3253,3929215.0000000005,0.0,0,12.19,0
20120726,1343232000000,12.15,12.15,11.870000000000001,12.080000000000002,4455,5356885.0,0.0,0,12.080000000000002,0
20120727,1343318400000,12.1,12.17,11.93,11.959999999999999,2188,2636002.0,0.0,0,12.08,0
20120730,1343577600000,11.940000000000001,12.030000000000001,11.55,11.63,2620,3081005.9999999995,0.0,0,11.96,0
20120731,1343664000000,11.600000000000001,11.620000000000001,11.22,11.33,3083,3519281.0,0.0,0,11.63,0
20120801,1343750400000,11.3,11.5,11.3,11.31,7337,8356724.000000001,0.0,0,11.33,0
20120802,1343836800000,11.34,11.43,11.08,11.1,4148,4675397.000000001,0.0,0,11.31,0
20120803,1343923200000,11.110000000000001,11.270000000000001,11.05,11.25,2779,3109970.0,0.0,0,11.100000000000001,0
20120806,1344182400000,11.250000000000002,11.500000000000002,11.200000000000001,11.49,6252,7087397.0,0.0,0,11.250000000000002,0
20120807,1344268800000,11.4,11.63,11.4,11.55,5213,6006033.0,0.0,0,11.49,0
20120808,1344355200000,11.55,11.6,11.4,11.51,4089,4713815.0,0.0,0,11.55,0
20120809,1344441600000,11.42,11.67,11.4,11.63,6085,7026914.0,0.0,0,11.51,0
20120810,1344528000000,11.65,12.790000000000001,11.63,12.790000000000001,42645,53626277.0,0.0,0,11.63,0
20120813,1344787200000,12.63,13.1,12.41,13.06,43660,55877492.00000001,0.0,0,12.790000000000001,0
20120814,1344873600000,13.33,13.35,12.61,12.79,44403,56985011.00000001,0.0,0,13.059999999999999,0
20120815,1344960000000,12.7,14.07,12.67,14.07,65996,91176895.00000001,0.0,0,12.79,0
20120816,1345046400000,14.17,15.35,14.0,14.48,105160,153737495.99999997,0.0,0,14.07,0
20120817,1345132800000,14.2,14.2,13.66,13.98,52171,72645643.0,0.0,0,14.48,0
20120820,1345392000000,13.84,14.09,13.5,13.97,36430,50109698.00000001,0.0,0,13.98,0
20120821,1345478400000,13.780000000000001,15.000000000000002,13.780000000000001,14.370000000000001,62157,89504964.00000001,0.0,0,13.97,0
20120822,1345564800000,14.16,14.39,13.82,13.96,44325,62006701.0,0.0,0,14.370000000000001,0
20120823,1345651200000,13.82,14.18,13.74,13.99,32487,45215765.0,0.0,0,13.96,0
20120824,1345737600000,13.96,13.96,13.200000000000001,13.3,27364,37111930.0,0.0,0,13.990000000000002,0
20120827,1345996800000,13.1,13.78,13.1,13.43,24832,33438589.0,0.0,0,13.299999999999999,0
20120828,1346083200000,13.41,13.799999999999999,13.35,13.639999999999999,17698,24027504.0,0.0,0,13.43,0
20120829,1346169600000,13.66,13.680000000000001,13.3,13.31,15118,20354550.0,0.0,0,13.64,0
20120830,1346256000000,13.3,14.05,13.08,14.02,37019,50314130.0,0.0,0,13.31,0
20120831,1346342400000,13.930000000000001,14.58,13.88,14.15,47774,68297798.0,0.0,0,14.020000000000001,0
20120903,1346601600000,14.020000000000001,14.56,13.72,14.55,43097,60967145.00000001,0.0,0,14.15,0
20120904,1346688000000,14.4,14.6,14.18,14.19,32774,47010102.0,0.0,0,14.549999999999999,0
20120905,1346774400000,13.9,14.38,13.89,13.96,22823,32173341.0,0.0,0,14.190000000000001,0
20120906,1346860800000,14.0,14.35,14.0,14.12,19360,27426222.0,0.0,0,13.96,0
20120907,1346947200000,14.370000000000001,14.85,14.24,14.67,51441,75258879.0,0.0,0,14.120000000000001,0
20120910,1347206400000,14.6,14.85,14.32,14.69,40544,59178157.0,0.0,0,14.67,0
20120911,1347292800000,14.84,15.26,14.61,14.83,43688,64984760.0,0.0,0,14.69,0
20120912,1347379200000,14.86,14.88,14.5,14.82,30882,45464642.0,0.0,0,14.83,0
20120913,1347465600000,14.790000000000001,16.28,14.49,15.44,68698,105857207.0,0.0,0,14.82,0
20120914,1347552000000,15.399999999999999,15.84,15.11,15.24,53084,81982761.00000001,0.0,0,15.44,0
20120917,1347811200000,15.5,15.5,14.61,14.639999999999999,29313,43860210.0,0.0,0,15.24,0
20120918,1347897600000,14.52,14.549999999999999,14.1,14.139999999999999,18448,26438897.0,0.0,0,14.64,0
20120919,1347984000000,14.24,14.35,14.02,14.28,19094,27067258.0,0.0,0,14.139999999999999,0
20120920,1348070400000,14.28,14.31,13.5,13.55,25178,35044841.0,0.0,0,14.28,0
20120921,1348156800000,13.500000000000002,13.56,13.200000000000001,13.370000000000001,13296,17809572.0,0.0,0,13.55,0
20120924,1348416000000,13.360000000000001,13.72,13.030000000000001,13.670000000000002,11637,15810578.0,0.0,0,13.370000000000001,0
20120925,1348502400000,13.72,13.72,13.4,13.47,8895,12029107.0,0.0,0,13.67,0
20120926,1348588800000,13.47,13.520000000000001,13.040000000000001,13.08,9253,12256886.0,0.0,0,13.47,0
20120927,1348675200000,13.07,13.55,12.91,13.45,13296,17664218.0,0.0,0,13.08,0
20120928,1348761600000,13.4,13.73,13.280000000000001,13.670000000000002,14005,19017610.0,0.0,0,13.450000000000001,0
20121008,1349625600000,13.72,13.99,13.58,13.87,13046,17911101.0,0.0,0,13.67,0
20121009,1349712000000,13.8,14.15,13.790000000000001,14.08,14595,20475341.000000004,0.0,0,13.870000000000001,0
20121010,1349798400000,14.17,14.65,14.06,14.21,24959,35876098.0,0.0,0,14.08,0
20121011,1349884800000,14.200000000000001,14.24,13.74,13.76,16841,23568279.0,0.0,0,14.21,0
20121012,1349971200000,13.77,14.08,13.68,13.95,13108,18177400.0,0.0,0,13.76,0
20121015,1350230400000,13.93,14.1,13.49,13.64,13578,18626859.0,0.0,0,13.950000000000001,0
20121016,1350316800000,13.73,13.92,13.5,13.69,12047,16565868.0,0.0,0,13.64,0
20121017,1350403200000,13.81,15.06,13.72,14.75,64169,93728022.00000001,0.0,0,13.690000000000001,0
20121018,1350489600000,14.65,14.9,14.43,14.79,42239,61822226.0,0.0,0,14.75,0
20121019,1350576000000,14.78,14.85,14.5,14.59,18089,26511249.000000004,0.0,0,14.79,0
20121022,1350835200000,14.620000000000001,15.08,14.31,14.940000000000001,22361,32967213.000000004,0.0,0,14.59,0
20121023,1350921600000,14.9,15.05,14.58,14.61,20545,30382903.000000004,0.0,0,14.94,0
20121024,1351008000000,14.399999999999999,14.639999999999999,14.36,14.43,12005,17412530.0,0.0,0,14.61,0
20121025,1351094400000,14.3,14.430000000000001,13.870000000000001,13.89,24800,35114285.0,0.0,0,14.430000000000001,0
20121026,1351180800000,13.89,14.17,13.72,13.770000000000001,17083,23723775.0,0.0,0,13.89,0
20121029,1351440000000,13.8,13.97,13.700000000000001,13.860000000000001,8662,11989812.000000002,0.0,0,13.770000000000001,0
20121030,1351526400000,13.9,14.09,13.81,13.97,10174,14202786.000000002,0.0,0,13.860000000000001,0
20121031,1351612800000,13.97,14.09,13.84,14.04,9433,13191093.0,0.0,0,13.97,0
20121101,1351699200000,14.040000000000001,14.540000000000001,14.040000000000001,14.4,19393,27882403.0,0.0,0,14.040000000000001,0
20121102,1351785600000,14.45,14.67,14.33,14.51,17358,25203128.000000004,0.0,0,14.4,0
20121105,1352044800000,14.51,14.64,14.16,14.290000000000001,15326,22001318.0,0.0,0,14.51,0
20121106,1352131200000,14.290000000000001,14.32,13.950000000000001,14.180000000000001,13407,18852760.0,0.0,0,14.290000000000001,0
20121107,1352217600000,14.19,14.370000000000001,14.15,14.290000000000001,12138,17331513.0,0.0,0,14.18,0
20121108,1352304000000,14.08,14.18,13.01,13.26,28804,38931011.0,0.0,0,14.29,0
20121109,1352390400000,13.24,13.370000000000001,13.05,13.15,9166,12130813.0,0.0,0,13.260000000000002,0
20121112,1352649600000,13.0,13.34,13.0,13.28,9440,12491210.0,0.0,0,13.15,0
20121113,1352736000000,13.290000000000001,13.33,12.83,12.9,10589,13774295.0,0.0,0,13.28,0
20121114,1352822400000,12.889999999999999,13.02,12.77,12.92,8224,10585149.999999998,0.0,0,12.9,0
20121115,1352908800000,12.809999999999999,12.979999999999999,12.61,12.62,6244,7976056.000000001,0.0,0,12.92,0
20121116,1352995200000,12.55,12.600000000000001,12.3,12.34,7777,9640435.999999998,0.0,0,12.620000000000001,0
20121119,1353254400000,12.34,12.690000000000001,12.22,12.65,6375,7944793.0,0.0,0,12.34,0
20121120,1353340800000,12.65,12.81,12.450000000000001,12.47,4930,6226573.000000001,0.0,0,12.65,0
20121121,1353427200000,12.43,12.74,12.24,12.73,7475,9342388.0,0.0,0,12.47,0
20121122,1353513600000,12.62,12.69,12.52,12.6,5551,6985061.0,0.0,0,12.73,0
20121123,1353600000000,12.6,12.75,12.51,12.53,6388,8065573.000000001,0.0,0,12.6,0
20121126,1353859200000,12.68,12.68,12.34,12.35,5166,6456344.0,0.0,0,12.53,0
20121127,1353945600000,12.33,12.33,11.66,11.67,10833,12861189.0,0.0,0,12.35,0
20121128,1354032000000,11.68,11.72,11.48,11.58,6064,7037315.0,0.0,0,11.67,0
20121129,1354118400000,11.64,11.72,11.33,11.42,7421,8608605.0,0.0,0,11.58,0
20121130,1354204800000,11.45,11.65,11.42,11.6,6778,7844037.0,0.0,0,11.42,0
20121203,1354464000000,11.629999999999999,11.66,11.35,11.48,10152,11697011.999999998,0.0,0,11.6,0
20121204,1354550400000,11.42,11.64,11.08,11.63,10978,12442940.0,0.0,0,11.48,0
20121205,1354636800000,11.49,12.34,11.4,12.15,24368,29376281.0,0.0,0,11.63,0
20121206,1354723200000,12.15,12.23,11.9,12.0,11729,14135525.0,0.0,0,12.15,0
20121207,1354809600000,12.09,12.45,11.91,12.43,17399,21273466.0,0.0,0,12.0,0
20121210,1355068800000,12.44,12.75,12.35,12.59,20537,25838533.0,0.0,0,12.43,0
20121211,1355155200000,12.6,12.6,12.33,12.36,14592,18138536.0,0.0,0,12.59,0
20121212,1355241600000,12.43,12.77,12.35,12.629999999999999,16389,20658496.0,0.0,0,12.36,0
20121213,1355328000000,12.58,12.600000000000001,12.290000000000001,12.31,8180,10162791.0,0.0,0,12.63,0
20121214,1355414400000,12.299999999999999,12.879999999999999,12.27,12.84,17870,22762424.0,0.0,0,12.309999999999999,0
20121217,1355673600000,12.860000000000001,12.950000000000001,12.73,12.8,19191,24599148.0,0.0,0,12.84,0
20121218,1355760000000,12.73,12.93,12.65,12.8,13532,17373230.0,0.0,0,12.8,0
20121219,1355846400000,12.799999999999999,12.89,12.68,12.79,10162,12987915.0,0.0,0,12.799999999999999,0
20121220,1355932800000,12.770000000000001,12.770000000000001,12.530000000000001,12.750000000000002,13172,16667914.0,0.0,0,12.790000000000001,0
20121221,1356019200000,12.71,13.13,12.71,12.870000000000001,17888,23180483.0,0.0,0,12.75,0
20121224,1356278400000,12.92,13.350000000000001,12.8,13.270000000000001,21222,27640964.0,0.0,0,12.870000000000001,0
20121225,1356364800000,13.18,13.549999999999999,13.18,13.53,24562,32977217.0,0.0,0,13.27,0
20121226,1356451200000,13.53,13.76,13.41,13.56,22526,30541786.999999996,0.0,0,13.53,0
20121227,1356537600000,13.59,13.66,13.02,13.03,44798,59900799.0,0.0,0,13.559999999999999,0
20121228,1356624000000,12.99,13.31,12.98,13.25,22311,29351445.0,0.0,0,13.030000000000001,0
20121231,1356883200000,13.2,13.98,13.18,13.89,41973,57370092.0,0.0,0,13.25,0
20130104,1357228800000,13.87,13.92,13.59,13.68,25417,34875640.0,0.0,0,13.89,0
20130107,1357488000000,13.61,14.139999999999999,13.36,14.129999999999999,40047,56042654.0,0.0,0,13.68,0
20130108,1357574400000,14.15,14.55,13.88,14.31,45842,65201106.0,0.0,0,14.13,0
20130109,1357660800000,14.21,14.8,14.200000000000001,14.410000000000002,41790,60647173.0,0.0,0,14.31,0
20130110,1357747200000,14.38,14.55,14.25,14.42,21732,31239357.0,0.0,0,14.41,0
20130111,1357833600000,14.43,14.76,14.17,14.18,36499,52766813.0,0.0,0,14.42,0
20130114,1358092800000,14.08,15.5,13.98,15.33,59965,89865379.0,0.0,0,14.18,0
20130115,1358179200000,15.4,16.0,15.0,15.39,74571,115157694.0,0.0,0,15.33,0
20130116,1358265600000,15.25,15.46,14.9,15.39,55116,83835162.99999999,0.0,0,15.39,0
20130117,1358352000000,15.260000000000002,15.3,14.72,14.76,31902,47535458.99999999,0.0,0,15.39,0
20130118,1358438400000,14.8,15.100000000000001,14.700000000000001,14.99,26779,39980259.0,0.0,0,14.760000000000002,0
20130121,1358697600000,15.0,15.07,14.85,15.01,20161,30131200.000000004,0.0,0,14.99,0
20130122,1358784000000,14.91,15.02,14.41,14.45,25714,37766143.0,0.0,0,15.01,0
20130123,1358870400000,14.4,14.73,14.26,14.7,17694,25801101.999999996,0.0,0,14.45,0
20130124,1358956800000,14.690000000000001,15.100000000000001,14.14,14.350000000000001,29184,42726035.00000001,0.0,0,14.700000000000001,0
20130125,1359043200000,14.299999999999999,14.44,14.02,14.09,13629,19373422.999999996,0.0,0,14.35,0
20130128,1359302400000,14.219999999999999,14.66,14.11,14.66,16437,23911933.0,0.0,0,14.09,0
20130129,1359388800000,14.770000000000001,14.99,14.540000000000001,14.89,24939,36904896.0,0.0,0,14.66,0
20130130,1359475200000,14.950000000000001,14.96,14.450000000000001,14.72,16238,23890774.0,0.0,0,14.89,0
20130131,1359561600000,14.65,14.790000000000001,14.46,14.58,13318,19408529.0,0.0,0,14.72,0
20130201,1359648000000,14.52,14.69,14.4,14.6,14658,21370963.0,0.0,0,14.58,0
20130204,1359907200000,14.68,15.129999999999999,14.6,15.06,35986,53588187.0,0.0,0,14.6,0
20130205,1359993600000,14.9,15.03,14.69,14.889999999999999,21119,31366040.0,0.0,0,15.059999999999999,0
20130206,1360080000000,14.950000000000001,15.080000000000002,14.780000000000001,14.9,18740,27970769.0,0.0,0,14.89,0
20130207,1360166400000,14.95,15.06,14.76,15.01,20576,30764279.0,0.0,0,14.9,0
20130208,1360252800000,15.01,15.440000000000001,14.98,15.27,25398,38835759.0,0.0,0,15.01,0
20130218,1361116800000,15.379999999999999,15.44,15.1,15.129999999999999,22056,33533348.0,0.0,0,15.27,0
20130219,1361203200000,15.21,15.55,14.98,14.99,31567,48263310.0,0.0,0,15.13,0
20130220,1361289600000,14.99,15.110000000000001,14.71,15.05,22535,33710530.99999999,0.0,0,14.99,0
20130221,1361376000000,14.93,14.93,14.24,14.39,25614,37402714.0,0.0,0,15.05,0
20130222,1361462400000,14.41,14.66,14.36,14.37,13003,18832608.0,0.0,0,14.389999999999999,0
20130225,1361721600000,14.5,14.58,14.3,14.48,15068,21777012.0,0.0,0,14.370000000000001,0
20130226,1361808000000,14.41,14.6,14.26,14.43,14773,21355519.0,0.0,0,14.48,0
20130227,1361894400000,14.43,14.86,14.43,14.85,20332,29810449.999999996,0.0,0,14.43,0
20130228,1361980800000,14.870000000000001,15.09,14.8,15.05,28436,42634015.00000001,0.0,0,14.850000000000001,0
20130301,1362067200000,15.01,15.29,15.01,15.16,24426,37040632.0,0.0,0,15.049999999999999,0
20130304,1362326400000,15.06,15.06,14.43,14.56,22396,32846481.0,0.0,0,15.16,0
20130305,1362412800000,14.51,14.89,14.4,14.84,25480,37380857.0,0.0,0,14.56,0
20130306,1362499200000,14.89,15.34,14.76,15.27,32946,49764397.0,0.0,0,14.84,0
20130307,1362585600000,15.229999999999999,15.57,14.94,15.209999999999999,33881,51817079.0,0.0,0,15.27,0
20130308,1362672000000,15.23,15.53,15.09,15.1,25396,38937386.00000001,0.0,0,15.209999999999999,0
20130311,1362931200000,15.11,15.19,14.85,14.95,12773,19162594.0,0.0,0,15.1,0
20130312,1363017600000,14.94,15.26,14.41,14.68,19044,28197781.0,0.0,0,14.95,0
20130313,1363104000000,14.680000000000001,14.680000000000001,14.21,14.31,12896,18545787.0,0.0,0,14.680000000000001,0
20130314,1363190400000,14.32,14.56,14.32,14.42,9347,13488812.0,0.0,0,14.31,0
20130315,1363276800000,14.42,14.72,14.15,14.39,14401,20792872.999999996,0.0,0,14.42,0
20130318,1363536000000,14.39,14.39,13.98,13.99,12428,17591011.0,0.0,0,14.39,0
20130319,1363622400000,14.05,14.24,13.8,14.21,9174,12902055.999999998,0.0,0,13.99,0
20130320,1363708800000,14.18,14.57,14.16,14.540000000000001,14575,21031870.0,0.0,0,14.21,0
20130321,1363795200000,14.45,14.7,14.42,14.63,14996,21875151.000000004,0.0,0,14.54,0
20130322,1363881600000,14.63,15.77,14.48,15.56,50886,78310140.0,0.0,0,14.63,0
20130325,1364140800000,15.66,16.44,15.41,15.81,83660,134467041.0,0.0,0,15.56,0
20130326,1364227200000,15.59,16.1,15.49,15.620000000000001,42602,67194505.0,0.0,0,15.81,0
20130327,1364313600000,15.59,16.33,15.58,16.03,44375,71160452.0,0.0,0,15.62,0
20130328,1364400000000,15.950000000000001,15.950000000000001,15.31,15.41,30034,46853289.0,0.0,0,16.03,0
20130329,1364486400000,15.32,15.67,15.16,15.370000000000001,23419,36138903.0,0.0,0,15.41,0
20130401,1364745600000,15.27,15.68,15.11,15.549999999999999,19555,30247540.000000004,0.0,0,15.37,0
20130402,1364832000000,15.5,16.21,15.41,16.13,52529,83848677.0,0.0,0,15.55,0
20130403,1364918400000,16.13,16.28,15.6,15.9,33491,53319139.0,0.0,0,16.13,0
20130408,1365350400000,15.49,15.54,15.0,15.43,26290,40262333.0,0.0,0,15.9,0
20130409,1365436800000,15.4,15.66,15.33,15.48,15889,24616295.0,0.0,0,15.43,0
20130410,1365523200000,15.23,15.59,15.15,15.46,16049,24669555.000000004,0.0,0,15.48,0
20130411,1365609600000,15.42,15.55,15.25,15.3,13887,21384746.0,0.0,0,15.46,0
20130412,1365696000000,15.2,15.29,14.43,14.44,30454,45102736.00000001,0.0,0,15.299999999999999,0
20130415,1365955200000,14.43,14.95,14.18,14.94,18113,26370762.0,0.0,0,14.44,0
20130416,1366041600000,14.65,14.790000000000001,14.4,14.69,14013,20519976.0,0.0,0,14.940000000000001,0
20130417,1366128000000,14.700000000000001,14.790000000000001,14.450000000000001,14.57,8789,12844839.0,0.0,0,14.690000000000001,0
20130418,1366214400000,14.52,14.89,14.4,14.82,13134,19376399.0,0.0,0,14.57,0
20130419,1366300800000,14.82,15.13,14.74,15.08,17989,26963262.000000004,0.0,0,14.82,0
20130422,1366560000000,15.0,15.12,14.84,15.02,13555,20255557.0,0.0,0,15.08,0
20130423,1366646400000,15.010000000000002,15.010000000000002,14.280000000000001,14.330000000000002,17578,25573426.0,0.0,0,15.020000000000001,0
20130424,1366732800000,14.32,14.67,14.32,14.61,10905,15839023.999999998,0.0,0,14.33,0
20130425,1366819200000,14.55,15.35,14.33,15.32,37819,56509279.0,0.0,0,14.61,0
20130426,1366905600000,15.17,15.32,14.8,14.88,22585,34058241.0,0.0,0,15.32,0
20130502,1367424000000,15.049999999999999,15.969999999999999,15.01,15.68,46083,71679913.0,0.0,0,14.879999999999999,0
20130503,1367510400000,15.55,15.96,15.5,15.8,33320,52619744.0,0.0,0,15.68,0
20130506,1367769600000,15.780000000000001,16.080000000000002,15.72,15.98,38000,60558968.0,0.0,0,15.8,0
20130507,1367856000000,15.96,16.07,15.66,15.88,30258,47954930.0,0.0,0,15.98,0
20130508,1367942400000,15.85,17.28,15.85,16.99,82222,137004554.0,0.0,0,15.879999999999999,0
20130509,1368028800000,16.89,17.28,16.66,17.27,63046,107170599.0,0.0,0,16.99,0
20130510,1368115200000,17.18,17.240000000000002,16.73,16.98,42286,71735465.0,0.0,0,17.27,0
20130513,1368374400000,17.0,17.82,16.98,17.57,49899,87515549.0,0.0,0,16.98,0
20130514,1368460800000,17.590000000000003,17.75,16.92,17.05,43192,74852901.0,0.0,0,17.57,0
20130515,1368547200000,17.01,17.25,16.84,17.12,26698,45586312.00000001,0.0,0,17.05,0
20130516,1368633600000,17.14,17.6,16.93,17.27,31814,54932730.99999999,0.0,0,17.12,0
20130517,1368720000000,17.5,17.5,17.0,17.38,31972,55259343.00000001,0.0,0,17.27,0
20130520,1368979200000,17.3,18.17,17.25,18.11,52328,92546452.0,0.0,0,17.38,0
20130521,1369065600000,18.0,18.080000000000002,17.73,18.03,31065,55576796.00000001,0.0,0,18.11,0
20130522,1369152000000,17.96,18.04,17.14,17.21,45397,79335629.0,0.0,0,18.03,0
20130523,1369238400000,17.12,17.49,16.91,16.91,23411,40202773.0,0.0,0,17.21,0
20130524,1369324800000,16.93,17.28,16.85,17.220000000000002,28879,49145213.00000001,0.0,0,16.91,0
20130527,1369584000000,17.240000000000002,17.51,17.03,17.39,24209,41825842.0,0.0,0,17.220000000000002,0
20130528,1369670400000,17.34,17.34,17.06,17.31,17285,29723835.0,0.0,0,17.389999999999997,0
20130529,1369756800000,17.310000000000002,17.82,17.28,17.740000000000002,31451,55520414.0,0.0,0,17.310000000000002,0
20130530,1369843200000,17.65,17.82,17.36,17.54,24045,42214788.0,0.0,0,17.74,0
20130531,1369929600000,17.500000000000004,17.51,17.080000000000002,17.12,23888,41211500.0,0.0,0,17.540000000000003,0
20130603,1370188800000,16.91,17.33,16.9,17.09,17314,29665504.000000004,0.0,0,17.119999999999997,0
20130604,1370275200000,16.89,16.99,16.27,16.43,15296,25301975.000000004,0.0,0,16.79,0
20130605,1370361600000,16.43,16.62,16.32,16.52,8304,13678868.000000002,0.0,0,16.43,0
20130606,1370448000000,16.35,16.490000000000002,16.03,16.1,11063,17991029.0,0.0,0,16.52,0
20130607,1370534400000,16.11,16.35,15.88,15.940000000000001,12856,20662869.0,0.0,0,16.1,0
20130613,1371052800000,15.959999999999999,15.959999999999999,15.01,15.14,18222,27815715.0,0.0,0,15.94,0
20130614,1371139200000,15.110000000000001,15.38,15.06,15.290000000000001,12827,19582259.0,0.0,0,15.14,0
20130617,1371398400000,15.34,15.48,15.15,15.370000000000001,12405,19032946.0,0.0,0,15.290000000000001,0
20130618,1371484800000,15.42,15.85,15.35,15.709999999999999,17694,27620614.0,0.0,0,15.37,0
20130619,1371571200000,15.64,15.64,15.1,15.45,13757,21037562.0,0.0,0,15.709999999999999,0
20130620,1371657600000,15.31,15.469999999999999,14.68,14.74,12342,18683754.0,0.0,0,15.45,0
20130621,1371744000000,14.5,14.709999999999999,14.01,14.6,12927,18721787.000000004,0.0,0,14.74,0
20130624,1372003200000,14.48,14.48,13.34,13.48,18820,26028216.000000004,0.0,0,14.6,0
20130625,1372089600000,13.21,13.56,12.24,13.370000000000001,19253,25139927.0,0.0,0,13.48,0
20130626,1372176000000,13.360000000000001,13.600000000000001,13.120000000000001,13.590000000000002,13566,18221990.0,0.0,0,13.370000000000001,0
20130627,1372262400000,13.61,14.1,13.51,13.99,28197,39088598.00000001,0.0,0,13.59,0
20130628,1372348800000,13.750000000000002,14.090000000000002,13.620000000000001,13.750000000000002,14992,20690284.0,0.0,0,13.99,0
20130701,1372608000000,13.74,13.9,13.450000000000001,13.9,12115,16625218.000000002,0.0,0,13.750000000000002,0
20130702,1372694400000,13.8,14.100000000000001,13.780000000000001,14.100000000000001,13197,18432099.0,0.0,0,13.9,0
20130703,1372780800000,14.11,14.11,13.57,13.84,13422,18504561.0,0.0,0,14.1,0
20130704,1372867200000,13.66,14.25,13.64,14.120000000000001,16918,23784583.0,0.0,0,13.84,0
20130705,1372953600000,14.11,14.2,13.86,13.87,13543,19034119.0,0.0,0,14.12,0
20130708,1373212800000,13.78,13.78,13.16,13.22,12036,16048082.0,0.0,0,13.870000000000001,0
20130709,1373299200000,13.19,13.29,13.01,13.209999999999999,7665,10103621.0,0.0,0,13.22,0
20130710,1373385600000,13.23,13.57,13.01,13.51,21714,28876528.000000004,0.0,0,13.209999999999999,0
20130711,1373472000000,13.51,14.08,13.43,13.95,24002,33194005.0,0.0,0,13.51,0
20130712,1373558400000,13.950000000000001,14.16,13.8,13.82,18376,25703618.999999996,0.0,0,13.950000000000001,0
20130715,1373817600000,13.86,14.27,13.82,14.26,16148,22741477.0,0.0,0,13.82,0
20130716,1373904000000,14.18,14.48,14.02,14.43,19771,28197061.0,0.0,0,14.26,0
20130717,1373990400000,14.379999999999999,15.129999999999999,14.26,15.0,42926,62682210.0,0.0,0,14.43,0
20130718,1374076800000,14.850000000000001,14.98,14.55,14.75,27591,40817645.00000001,0.0,0,15.0,0
20130719,1374163200000,14.84,14.88,13.99,14.0,25021,36143435.0,0.0,0,14.75,0
20130722,1374422400000,13.91,14.290000000000001,13.72,14.280000000000001,12616,17766700.0,0.0,0,14.0,0
20130723,1374508800000,14.3,14.780000000000001,14.24,14.71,18897,27607474.0,0.0,0,14.28,0
20130724,1374595200000,14.680000000000001,14.860000000000001,14.450000000000001,14.790000000000001,17215,25264732.0,0.0,0,14.71,0
20130725,1374681600000,14.770000000000001,15.200000000000001,14.63,14.680000000000001,18786,28030614.0,0.0,0,14.790000000000001,0
20130726,1374768000000,14.6,14.65,14.26,14.58,13327,19258693.0,0.0,0,14.68,0
20130729,1375027200000,14.379999999999999,14.54,14.02,14.17,13733,19564765.000000004,0.0,0,14.58,0
20130730,1375113600000,14.26,14.26,13.81,14.25,11333,15984111.0,0.0,0,14.17,0
20130731,1375200000000,14.24,14.450000000000001,14.22,14.25,10423,14917584.0,0.0,0,14.25,0
20130801,1375286400000,14.299999999999999,14.64,14.26,14.62,16024,23271572.0,0.0,0,14.25,0
20130802,1375372800000,14.620000000000001,14.750000000000002,14.530000000000001,14.600000000000001,15109,22144089.000000004,0.0,0,14.620000000000001,0
20130805,1375632000000,14.65,14.97,14.51,14.89,16107,23893617.999999996,0.0,0,14.6,0
20130806,1375718400000,14.9,14.97,14.67,14.89,18627,27624859.0,0.0,0,14.89,0
20130807,1375804800000,14.86,14.959999999999999,14.59,14.62,16376,24125018.999999996,0.0,0,14.89,0
20130808,1375891200000,14.610000000000001,14.770000000000001,14.55,14.67,10587,15536868.0,0.0,0,14.620000000000001,0
20130809,1375977600000,14.67,14.93,14.6,14.86,17325,25630100.0,0.0,0,14.67,0
20130812,1376236800000,14.9,15.11,14.82,15.1,24844,37212386.0,0.0,0,14.86,0
20130813,1376323200000,15.100000000000001,15.72,15.030000000000001,15.48,36701,56723057.0,0.0,0,15.100000000000001,0
20130814,1376409600000,15.4,15.48,15.17,15.26,20097,30735467.999999996,0.0,0,15.48,0
20130815,1376496000000,15.21,15.270000000000001,14.96,14.99,17727,26734782.0,0.0,0,15.260000000000002,0
20130816,1376582400000,14.83,15.290000000000001,14.49,14.6,23344,34692319.0,0.0,0,14.99,0
20130819,1376841600000,14.41,14.9,14.38,14.870000000000001,13214,19405547.000000004,0.0,0,14.600000000000001,0
20130820,1376928000000,14.74,15.1,14.74,14.91,12871,19214312.0,0.0,0,14.870000000000001,0
20130821,1377014400000,14.88,14.88,14.65,14.790000000000001,16418,24214995.000000004,0.0,0,14.91,0
20130822,1377100800000,14.76,14.950000000000001,14.64,14.850000000000001,8932,13254394.000000002,0.0,0,14.790000000000001,0
20130823,1377187200000,14.91,14.95,14.42,14.709999999999999,13888,20371241.0,0.0,0,14.85,0
20130826,1377446400000,14.71,15.08,14.71,15.07,14177,21212818.000000004,0.0,0,14.71,0
20130827,1377532800000,15.08,15.200000000000001,14.9,15.19,16540,24917650.000000004,0.0,0,15.07,0
20130828,1377619200000,15.090000000000002,15.740000000000002,15.030000000000001,15.690000000000001,51980,80839154.0,0.0,0,15.190000000000001,0
20130829,1377705600000,15.2,15.23,14.58,14.73,56280,83783910.00000001,0.0,0,15.69,0
20130830,1377792000000,14.700000000000001,14.700000000000001,14.030000000000001,14.120000000000001,36537,52228497.0,0.0,0,14.73,0
20130902,1378051200000,14.200000000000001,14.360000000000001,14.06,14.31,16258,23077829.000000004,0.0,0,14.120000000000001,0
20130903,1378137600000,14.34,14.62,14.18,14.52,20086,29057789.0,0.0,0,14.31,0
20130904,1378224000000,14.49,14.530000000000001,14.3,14.34,16950,24406598.0,0.0,0,14.520000000000001,0
20130905,1378310400000,14.35,14.42,14.01,14.03,26773,37839699.00000001,0.0,0,14.34,0
20130906,1378396800000,14.03,14.25,14.01,14.19,13867,19638602.000000004,0.0,0,14.03,0
20130909,1378656000000,14.2,14.53,14.19,14.43,26702,38310794.0,0.0,0,14.19,0
20130910,1378742400000,14.46,14.47,14.280000000000001,14.4,25416,36536658.0,0.0,0,14.430000000000001,0
20130911,1378828800000,14.42,15.15,14.42,15.12,62388,92283964.0,0.0,0,14.4,0
20130912,1378915200000,14.96,15.0,14.75,14.81,28408,42126296.99999999,0.0,0,15.12,0
20130913,1379001600000,14.83,14.91,14.540000000000001,14.620000000000001,16586,24279359.0,0.0,0,14.81,0
20130916,1379260800000,14.62,14.77,14.34,14.48,15715,22784505.000000004,0.0,0,14.62,0
20130917,1379347200000,14.55,14.55,14.13,14.17,13657,19482354.999999996,0.0,0,14.48,0
20130918,1379433600000,14.17,14.36,14.1,14.35,9591,13650620.0,0.0,0,14.17,0
20130923,1379865600000,14.35,14.48,14.27,14.43,12214,17550598.0,0.0,0,14.35,0
20130924,1379952000000,14.42,14.44,14.24,14.290000000000001,15966,22809610.0,0.0,0,14.43,0
20130925,1380038400000,14.29,14.44,14.27,14.32,12774,18319801.0,0.0,0,14.29,0
20130926,1380124800000,14.4,14.4,13.9,13.92,14242,20068081.000000004,0.0,0,14.32,0
20130927,1380211200000,13.940000000000001,14.05,13.8,13.88,12337,17168030.000000004,0.0,0,13.92,0
20130930,1380470400000,13.889999999999999,13.98,13.85,13.959999999999999,5849,8132747.0,0.0,0,13.879999999999999,0
20131008,1381161600000,13.88,14.15,13.82,14.08,7814,10976278.0,0.0,0,13.96,0
20131009,1381248000000,14.07,14.31,14.01,14.29,9556,13592309.000000002,0.0,0,14.08,0
20131010,1381334400000,14.33,14.33,14.08,14.1,10788,15253306.0,0.0,0,14.290000000000001,0
20131011,1381420800000,14.11,14.29,14.11,14.229999999999999,13472,19137489.0,0.0,0,14.1,0
20131014,1381680000000,14.23,14.56,14.23,14.51,20452,29562859.0,0.0,0,14.23,0
20131015,1381766400000,14.5,14.5,14.23,14.360000000000001,17029,24407426.0,0.0,0,14.51,0
20131016,1381852800000,14.360000000000001,14.360000000000001,13.870000000000001,13.89,15466,21738541.0,0.0,0,14.360000000000001,0
20131017,1381939200000,13.95,14.1,13.85,13.91,10569,14782717.0,0.0,0,13.889999999999999,0
20131018,1382025600000,13.91,14.08,13.89,14.020000000000001,6669,9328809.0,0.0,0,13.91,0
20131021,1382284800000,14.15,14.29,13.93,14.23,15174,21451533.0,0.0,0,14.02,0
20131022,1382371200000,14.290000000000001,14.47,14.15,14.35,24633,35349974.0,0.0,0,14.23,0
20131023,1382457600000,14.3,14.47,14.08,14.14,16118,22981022.000000004,0.0,0,14.35,0
20131024,1382544000000,14.15,14.15,13.89,13.98,9203,12877386.0,0.0,0,14.14,0
20131025,1382630400000,14.0,14.11,13.85,13.99,8353,11655720.0,0.0,0,13.98,0
20131028,1382889600000,13.86,14.049999999999999,13.86,13.91,7187,10019722.0,0.0,0,13.99,0
20131029,1382976000000,13.93,14.040000000000001,12.99,13.21,15618,20865394.0,0.0,0,13.91,0
20131030,1383062400000,13.049999999999999,13.29,12.86,13.229999999999999,14014,18269974.0,0.0,0,13.209999999999999,0
20131031,1383148800000,13.180000000000001,13.23,13.030000000000001,13.14,6691,8789971.0,0.0,0,13.23,0
20131101,1383235200000,13.110000000000001,13.110000000000001,12.9,12.97,6434,8357185.0,0.0,0,13.14,0
20131104,1383494400000,12.97,13.14,12.92,13.11,4291,5594017.000000001,0.0,0,12.97,0
20131105,1383580800000,13.040000000000001,13.160000000000002,12.950000000000001,13.13,5206,6802140.000000001,0.0,0,13.110000000000001,0
20131106,1383667200000,13.180000000000001,13.370000000000001,12.8,13.180000000000001,7776,10266136.0,0.0,0,13.13,0
20131107,1383753600000,13.09,13.16,12.92,12.94,4961,6461153.0,0.0,0,13.18,0
20131108,1383840000000,12.9,12.94,12.5,12.63,8101,10272760.0,0.0,0,12.94,0
20131111,1384099200000,12.719999999999999,12.79,12.52,12.79,3223,4092063.0000000005,0.0,0,12.629999999999999,0
20131112,1384185600000,12.83,12.88,12.72,12.870000000000001,4230,5426463.000000001,0.0,0,12.790000000000001,0
20131113,1384272000000,12.88,13.180000000000001,12.88,12.92,9290,12129779.000000002,0.0,0,12.870000000000001,0
20131114,1384358400000,13.04,13.27,12.85,13.25,10634,14008492.0,0.0,0,12.92,0
20131115,1384444800000,13.24,13.63,13.24,13.43,16089,21643721.000000004,0.0,0,13.25,0
20131118,1384704000000,13.479999999999999,14.32,13.44,14.139999999999999,35174,49261634.0,0.0,0,13.43,0
20131119,1384790400000,14.2,14.2,13.91,14.120000000000001,19032,26653234.0,0.0,0,14.14,0
20131120,1384876800000,14.120000000000001,15.010000000000002,13.97,14.82,63320,92909721.0,0.0,0,14.120000000000001,0
20131121,1384963200000,14.82,15.07,14.620000000000001,14.89,44978,66804144.0,0.0,0,14.82,0
20131122,1385049600000,14.82,14.950000000000001,14.620000000000001,14.63,26818,39739141.0,0.0,0,14.89,0
20131125,1385308800000,14.65,15.190000000000001,14.620000000000001,14.690000000000001,31715,47344124.00000001,0.0,0,14.63,0
20131126,1385395200000,14.73,14.74,14.39,14.700000000000001,19607,28582611.999999996,0.0,0,14.690000000000001,0
20131127,1385481600000,14.59,14.88,14.57,14.8,19031,28050439.000000004,0.0,0,14.700000000000001,0
20131128,1385568000000,14.85,15.08,14.68,14.709999999999999,22006,32703797.0,0.0,0,14.799999999999999,0
20131129,1385654400000,14.85,15.1,14.59,15.05,29588,44184983.0,0.0,0,14.709999999999999,0
20131202,1385913600000,14.690000000000001,14.8,14.05,14.120000000000001,25196,36210714.0,0.0,0,15.05,0
20131203,1386000000000,14.139999999999999,14.57,14.1,14.45,13117,18864092.000000004,0.0,0,14.12,0
20131204,1386086400000,14.39,14.840000000000002,14.280000000000001,14.71,16233,23779332.000000004,0.0,0,14.450000000000001,0
20131205,1386172800000,14.850000000000001,15.47,14.8,15.13,35492,54014853.0,0.0,0,14.71,0
20131206,1386259200000,15.020000000000001,15.25,14.81,14.89,15358,22990661.000000004,0.0,0,15.13,0
20131209,1386518400000,14.83,15.000000000000002,14.790000000000001,14.96,11281,16800170.0,0.0,0,14.89,0
20131210,1386604800000,14.950000000000001,14.96,14.65,14.72,11794,17465901.0,0.0,0,14.96,0
20131211,1386691200000,14.700000000000001,14.860000000000001,14.47,14.620000000000001,10249,15030465.0,0.0,0,14.72,0
20131212,1386777600000,14.7,14.719999999999999,14.35,14.4,12443,18020802.0,0.0,0,14.62,0
20131213,1386864000000,14.44,14.55,14.42,14.48,6329,9164100.0,0.0,0,14.4,0
20131216,1387123200000,14.47,14.73,14.3,14.49,15404,22361586.0,0.0,0,14.48,0
20131217,1387209600000,14.51,14.66,14.43,14.57,12055,17556298.0,0.0,0,14.49,0
20131218,1387296000000,14.520000000000001,14.57,14.22,14.26,8063,11572634.999999998,0.0,0,14.57,0
20131219,1387382400000,14.3,14.36,14.07,14.08,6893,9780499.000000002,0.0,0,14.26,0
20131220,1387468800000,14.15,14.25,13.72,13.76,8501,11804106.0,0.0,0,14.08,0
20131223,1387728000000,13.780000000000001,13.950000000000001,13.55,13.680000000000001,4971,6856777.000000001,0.0,0,13.760000000000002,0
20131224,1387814400000,13.88,14.28,13.67,13.95,11040,15525407.000000002,0.0,0,13.68,0
20131225,1387900800000,13.950000000000001,14.440000000000001,13.700000000000001,14.420000000000002,15149,21534437.000000004,0.0,0,13.950000000000001,0
20131226,1387987200000,14.42,14.42,14.06,14.110000000000001,7476,10612611.0,0.0,0,14.42,0
20131227,1388073600000,14.11,14.549999999999999,14.11,14.379999999999999,13592,19508849.0,0.0,0,14.11,0
20131230,1388332800000,14.43,14.77,14.35,14.41,10694,15493011.0,0.0,0,14.379999999999999,0
20131231,1388419200000,14.41,14.49,14.15,14.27,6040,8649672.999999998,0.0,0,14.41,0
20140102,1388592000000,14.250000000000002,14.450000000000001,14.200000000000001,14.410000000000002,7608,10890842.0,0.0,0,14.270000000000001,0
20140103,1388678400000,14.39,14.39,14.040000000000001,14.100000000000001,8462,11971218.0,0.0,0,14.41,0
20140106,1388937600000,13.98,13.98,13.35,13.7,12945,17639423.999999996,0.0,0,14.1,0
20140107,1389024000000,13.69,13.7,13.43,13.629999999999999,5373,7292674.0,0.0,0,13.7,0
20140108,1389110400000,13.68,13.99,13.5,13.5,7583,10348692.0,0.0,0,13.63,0
20140109,1389196800000,13.49,13.590000000000002,13.200000000000001,13.21,6928,9296636.0,0.0,0,13.500000000000002,0
20140110,1389283200000,13.07,13.39,13.05,13.280000000000001,4750,6271094.0,0.0,0,13.21,0
20140113,1389542400000,13.280000000000001,13.38,13.05,13.200000000000001,5264,6924437.000000001,0.0,0,13.280000000000001,0
20140114,1389628800000,13.13,13.6,13.08,13.540000000000001,5665,7518216.0,0.0,0,13.2,0
20140115,1389715200000,13.450000000000001,13.66,13.4,13.540000000000001,3970,5355932.0,0.0,0,13.540000000000001,0
20140116,1389801600000,13.6,13.6,13.43,13.54,3668,4949044.0,0.0,0,13.54,0
20140117,1389888000000,13.360000000000001,13.55,13.280000000000001,13.38,3183,4261233.0,0.0,0,13.540000000000001,0
20140120,1390147200000,13.379999999999999,13.95,13.34,13.76,15236,20964913.000000004,0.0,0,13.379999999999999,0
20140121,1390233600000,13.8,13.88,13.65,13.77,4794,6587495.0,0.0,0,13.76,0
20140122,1390320000000,13.88,13.97,13.780000000000001,13.870000000000001,14268,19785709.0,0.0,0,13.770000000000001,0
20140123,1390406400000,13.889999999999999,13.9,13.6,13.719999999999999,14338,19699516.0,0.0,0,13.87,0
20140124,1390492800000,13.72,13.88,13.64,13.82,8567,11814571.0,0.0,0,13.72,0
20140127,1390752000000,13.81,13.81,13.6,13.61,6921,9453856.000000002,0.0,0,13.82,0
20140128,1390838400000,13.61,13.66,13.35,13.4,10097,13564878.0,0.0,0,13.61,0
20140129,1390924800000,13.44,13.51,13.24,13.48,6679,8930096.0,0.0,0,13.4,0
20140130,1391011200000,13.44,13.47,13.16,13.3,6259,8320079.0,0.0,0,13.48,0
20140207,1391702400000,13.22,13.55,13.08,13.52,7374,9866075.999999998,0.0,0,13.3,0
20140210,1391961600000,13.52,13.879999999999999,13.52,13.83,14868,20482869.0,0.0,0,13.52,0
20140211,1392048000000,13.809999999999999,14.27,13.77,14.24,20469,28622514.0,0.0,0,13.83,0
20140212,1392134400000,14.24,14.26,14.07,14.24,10577,14970010.0,0.0,0,14.24,0
20140213,1392220800000,14.19,14.27,14.0,14.0,11594,16386498.0,0.0,0,14.24,0
20140214,1392307200000,13.96,14.120000000000001,13.88,14.110000000000001,11332,15888289.0,0.0,0,14.0,0
20140217,1392566400000,14.14,15.200000000000001,14.14,14.59,32156,46892167.0,0.0,0,14.110000000000001,0
20140218,1392652800000,14.6,14.75,14.4,14.49,18618,27000122.0,0.0,0,14.59,0
20140219,1392739200000,14.440000000000001,14.63,14.31,14.38,21723,31395413.000000004,0.0,0,14.49,0
20140220,1392825600000,14.47,14.66,14.32,14.33,17122,24781284.0,0.0,0,14.38,0
20140221,1392912000000,14.36,14.39,14.16,14.22,11924,16999617.0,0.0,0,14.33,0
20140224,1393171200000,14.28,14.33,14.02,14.299999999999999,9795,13874426.0,0.0,0,14.219999999999999,0
20140225,1393257600000,14.29,14.32,13.51,13.6,20355,28511522.0,0.0,0,14.3,0
20140226,1393344000000,13.6,13.68,13.41,13.64,11341,15344031.0,0.0,0,13.6,0
20140227,1393430400000,13.670000000000002,13.790000000000001,13.450000000000001,13.47,11469,15618166.999999998,0.0,0,13.64,0
20140228,1393516800000,13.47,13.620000000000001,13.4,13.58,9729,13130824.0,0.0,0,13.47,0
20140303,1393776000000,13.65,13.8,13.42,13.77,11816,16164598.0,0.0,0,13.58,0
20140304,1393862400000,13.73,13.850000000000001,13.55,13.680000000000001,9195,12583520.0,0.0,0,13.770000000000001,0
20140305,1393948800000,13.75,14.04,13.67,13.99,16572,22995856.0,0.0,0,13.68,0
20140306,1394035200000,13.92,14.0,13.66,13.93,9048,12511696.0,0.0,0,13.99,0
20140307,1394121600000,13.930000000000001,14.080000000000002,13.780000000000001,13.9,10123,14105300.0,0.0,0,13.930000000000001,0
20140310,1394380800000,13.89,13.89,13.38,13.39,10254,13881053.0,0.0,0,13.9,0
20140311,1394467200000,13.31,13.47,13.200000000000001,13.38,8328,11129087.0,0.0,0,13.39,0
20140312,1394553600000,13.4,13.440000000000001,13.200000000000001,13.340000000000002,6022,8021200.0,0.0,0,13.38,0
20140313,1394640000000,13.4,13.5,13.33,13.42,5801,7795172.0,0.0,0,13.34,0
20140314,1394726400000,13.44,13.65,13.42,13.51,6623,8971349.000000002,0.0,0,13.42,0
20140317,1394985600000,13.51,13.65,13.33,13.64,8052,10898587.999999998,0.0,0,13.51,0
20140318,1395072000000,13.600000000000001,13.740000000000002,13.530000000000001,13.670000000000002,11140,15187776.0,0.0,0,13.64,0
20140319,1395158400000,13.670000000000002,13.670000000000002,13.450000000000001,13.56,7522,10172397.0,0.0,0,13.670000000000002,0
20140320,1395244800000,13.51,13.64,13.24,13.25,8120,10953907.0,0.0,0,13.56,0
20140321,1395331200000,13.250000000000002,13.47,13.120000000000001,13.39,14448,19208596.0,0.0,0,13.250000000000002,0
20140324,1395590400000,13.389999999999999,13.549999999999999,13.35,13.469999999999999,10365,13931522.000000002,0.0,0,13.389999999999999,0
20140325,1395676800000,13.47,13.56,13.41,13.5,7107,9579884.0,0.0,0,13.47,0
20140326,1395763200000,13.5,13.540000000000001,13.41,13.5,6112,8233308.000000001,0.0,0,13.5,0
20140327,1395849600000,13.500000000000002,13.510000000000002,13.290000000000001,13.31,6548,8799857.000000002,0.0,0,13.500000000000002,0
20140328,1395936000000,13.4,13.440000000000001,13.200000000000001,13.21,8124,10794704.0,0.0,0,13.31,0
20140331,1396195200000,13.250000000000002,13.330000000000002,13.120000000000001,13.190000000000001,5377,7104151.000000001,0.0,0,13.21,0
20140401,1396281600000,13.17,13.3,13.15,13.3,6518,8621459.0,0.0,0,13.19,0
20140402,1396368000000,13.3,13.38,13.24,13.290000000000001,5954,7925096.0,0.0,0,13.3,0
20140403,1396454400000,13.330000000000002,13.450000000000001,13.200000000000001,13.420000000000002,8221,10958980.0,0.0,0,13.290000000000001,0
20140404,1396540800000,13.37,13.48,13.26,13.44,7253,9718363.0,0.0,0,13.42,0
20140408,1396886400000,13.37,13.74,13.35,13.68,14355,19533010.0,0.0,0,13.44,0
20140409,1396972800000,13.660000000000002,13.690000000000001,13.530000000000001,13.660000000000002,9777,13311695.999999998,0.0,0,13.680000000000001,0
20140410,1397059200000,13.68,13.76,13.58,13.69,10967,15009425.000000002,0.0,0,13.66,0
20140411,1397145600000,13.709999999999999,13.709999999999999,13.6,13.62,7447,10167278.999999998,0.0,0,13.69,0
20140414,1397404800000,13.620000000000001,13.690000000000001,13.55,13.690000000000001,6555,8924570.0,0.0,0,13.620000000000001,0
20140415,1397491200000,13.700000000000001,13.98,13.620000000000001,13.840000000000002,20171,27953128.0,0.0,0,13.690000000000001,0
20140416,1397577600000,13.85,14.049999999999999,13.76,14.01,12404,17199697.0,0.0,0,13.84,0
20140417,1397664000000,14.02,14.06,13.93,14.01,10806,15116474.0,0.0,0,14.01,0
20140418,1397750400000,14.02,14.479999999999999,13.86,14.469999999999999,53199,76045856.0,0.0,0,14.01,0
20140421,1398009600000,14.26,14.45,14.16,14.27,31710,45369546.0,0.0,0,14.47,0
20140422,1398096000000,13.59,13.59,12.84,12.86,52188,68057904.0,0.0,0,14.27,0
20140423,1398182400000,12.72,12.86,12.57,12.73,20610,26221710.0,0.0,0,12.86,0
20140424,1398268800000,12.719999999999999,13.09,12.61,12.91,22999,29592301.0,0.0,0,12.729999999999999,0
20140425,1398355200000,12.85,13.1,12.75,13.03,18269,23617855.0,0.0,0,12.91,0
20140428,1398614400000,12.99,13.08,12.77,12.83,13387,17290799.0,0.0,0,13.03,0
20140429,1398700800000,12.9,13.32,12.83,13.3,38045,49682942.0,0.0,0,12.83,0
20140430,1398787200000,13.1,13.35,12.98,13.040000000000001,21334,27910863.0,0.0,0,13.3,0
20140505,1399219200000,12.95,12.99,12.61,12.82,11503,14645812.0,0.0,0,13.04,0
20140506,1399305600000,12.790000000000001,12.860000000000001,12.700000000000001,12.830000000000002,9188,11763029.999999998,0.0,0,12.82,0
20140507,1399392000000,12.72,12.82,12.58,12.59,8158,10342353.0,0.0,0,12.83,0
20140508,1399478400000,12.52,12.73,12.4,12.55,9543,11967932.0,0.0,0,12.59,0
20140509,1399564800000,12.55,12.58,12.4,12.46,5499,6857272.0,0.0,0,12.55,0
20140512,1399824000000,12.62,12.77,12.43,12.74,10194,12877534.0,0.0,0,12.459999999999999,0
20140513,1399910400000,12.67,12.76,12.57,12.69,7987,10116195.0,0.0,0,12.74,0
20140514,1399996800000,12.6,12.76,12.5,12.6,4933,6248978.0,0.0,0,12.69,0
20140515,1400083200000,12.6,12.700000000000001,12.48,12.49,6074,7645889.0,0.0,0,12.6,0
20140516,1400169600000,12.450000000000001,12.600000000000001,12.3,12.370000000000001,5931,7363305.0,0.0,0,12.49,0
20140519,1400428800000,12.44,12.5,12.34,12.49,5836,7247465.0,0.0,0,12.37,0
20140520,1400515200000,12.450000000000001,12.55,12.450000000000001,12.55,6974,8727224.0,0.0,0,12.49,0
20140521,1400601600000,12.5,12.74,12.46,12.71,6236,7863209.0,0.0,0,12.55,0
20140522,1400688000000,12.64,12.850000000000001,12.63,12.790000000000001,8815,11229716.000000002,0.0,0,12.71,0
20140523,1400774400000,12.74,12.879999999999999,12.69,12.86,7759,9916262.0,0.0,0,12.79,0
20140526,1401033600000,13.030000000000001,13.080000000000002,12.870000000000001,13.010000000000002,8791,11384682.999999998,0.0,0,12.860000000000001,0
20140527,1401120000000,12.950000000000001,13.280000000000001,12.88,13.260000000000002,14036,18389099.000000004,0.0,0,13.010000000000002,0
20140528,1401206400000,13.26,13.4,13.09,13.379999999999999,14159,18789424.0,0.0,0,13.26,0
20140529,1401292800000,13.47,13.47,13.22,13.39,13912,18510451.0,0.0,0,13.38,0
20140530,1401379200000,13.35,13.57,13.18,13.49,14157,18971190.999999996,0.0,0,13.39,0
20140603,1401724800000,13.500000000000002,13.540000000000001,13.370000000000001,13.370000000000001,7561,10147085.0,0.0,0,13.49,0
20140604,1401811200000,13.200000000000001,13.35,12.9,13.200000000000001,10514,13784498.0,0.0,0,13.370000000000001,0
20140605,1401897600000,13.040000000000001,13.71,13.040000000000001,13.670000000000002,15893,21388418.0,0.0,0,13.200000000000001,0
20140606,1401984000000,13.55,13.67,13.41,13.540000000000001,11676,15816565.000000002,0.0,0,13.67,0
20140609,1402243200000,13.530000000000001,13.55,13.290000000000001,13.33,6144,8234987.0,0.0,0,13.540000000000001,0
20140610,1402329600000,13.43,13.43,13.14,13.39,4288,5720816.0,0.0,0,13.33,0
20140611,1402416000000,13.410000000000002,13.430000000000001,13.280000000000001,13.39,5742,7655899.0,0.0,0,13.39,0
20140612,1402502400000,13.39,13.450000000000001,13.280000000000001,13.410000000000002,7175,9600672.0,0.0,0,13.39,0
20140613,1402588800000,13.430000000000001,13.48,13.3,13.41,8423,11291278.000000002,0.0,0,13.41,0
20140616,1402848000000,13.180000000000001,13.41,13.120000000000001,13.4,11505,15282966.0,0.0,0,13.16,0
20140617,1402934400000,13.4,13.46,13.3,13.370000000000001,7965,10677344.000000002,0.0,0,13.4,0
20140618,1403020800000,13.450000000000001,13.450000000000001,13.13,13.22,5457,7236835.0,0.0,0,13.370000000000001,0
20140619,1403107200000,13.22,13.34,12.81,12.96,5423,7049468.0,0.0,0,13.22,0
20140620,1403193600000,12.4,13.040000000000001,12.4,13.01,4280,5523946.0,0.0,0,12.96,0
20140623,1403452800000,12.88,13.1,12.75,12.99,4998,6477609.000000001,0.0,0,13.01,0
20140624,1403539200000,12.91,13.09,12.85,12.959999999999999,8955,11567583.0,0.0,0,12.99,0
20140625,1403625600000,12.870000000000001,12.89,12.73,12.8,5186,6635266.0,0.0,0,12.96,0
20140626,1403712000000,12.74,12.920000000000002,12.71,12.840000000000002,7185,9235713.000000002,0.0,0,12.8,0
20140627,1403798400000,12.879999999999999,12.93,12.76,12.9,5817,7480292.0,0.0,0,12.84,0
20140630,1404057600000,12.950000000000001,13.33,12.88,12.930000000000001,24442,31998863.000000004,0.0,0,12.9,0
20140701,1404144000000,13.0,14.200000000000001,12.97,13.82,41161,56340414.0,0.0,0,12.930000000000001,0
20140702,1404230400000,13.68,14.17,13.68,14.0,31552,43901142.0,0.0,0,13.82,0
20140703,1404316800000,13.9,13.950000000000001,13.700000000000001,13.71,22050,30452245.0,0.0,0,14.000000000000002,0
20140704,1404403200000,13.780000000000001,14.910000000000002,13.780000000000001,14.680000000000001,58549,84997613.0,0.0,0,13.71,0
20140707,1404662400000,14.6,15.35,14.6,15.26,65627,98362067.0,0.0,0,14.68,0
20140708,1404748800000,15.209999999999999,15.42,15.01,15.24,45139,68789562.0,0.0,0,15.26,0
20140709,1404835200000,15.17,15.98,15.15,15.47,54554,84726753.0,0.0,0,15.24,0
20140710,1404921600000,15.34,15.639999999999999,15.19,15.229999999999999,31392,48087037.00000001,0.0,0,15.469999999999999,0
20140711,1405008000000,15.23,15.38,15.15,15.360000000000001,22390,34197407.0,0.0,0,15.23,0
20140714,1405267200000,15.280000000000001,15.68,15.15,15.6,31402,48646998.99999999,0.0,0,15.360000000000001,0
20140715,1405353600000,15.700000000000001,16.18,15.4,15.68,42749,67631708.0,0.0,0,15.6,0
20140716,1405440000000,15.510000000000002,15.680000000000001,14.700000000000001,15.3,29508,45031197.99999999,0.0,0,15.680000000000001,0
20140717,1405526400000,15.0,15.25,14.81,14.96,12784,19138336.0,0.0,0,15.3,0
20140718,1405612800000,14.7,14.95,14.6,14.84,15656,23153014.0,0.0,0,14.959999999999999,0
20140721,1405872000000,14.86,16.32,14.84,16.32,130263,208685834.00000003,0.0,0,14.84,0
20140722,1405958400000,16.470000000000002,16.67,15.8,15.92,129077,209584242.0,0.0,0,16.32,0
20140723,1406044800000,16.580000000000002,17.51,16.580000000000002,17.51,128871,224198658.0,0.0,0,15.920000000000002,0
20140724,1406131200000,18.0,19.26,17.91,19.26,268824,510641385.00000006,0.0,0,17.51,0
20140725,1406217600000,18.69,18.89,17.57,18.03,187101,339688916.0,0.0,0,19.26,0
20140728,1406476800000,17.96,18.64,17.41,18.25,186237,336229730.0,0.0,0,18.03,0
20140729,1406563200000,17.8,18.630000000000003,17.580000000000002,18.48,177949,323703053.0,0.0,0,18.250000000000004,0
20140730,1406649600000,18.279999999999998,20.33,17.88,20.31,237945,465913515.00000006,0.0,0,18.48,0
20140731,1406736000000,19.56,20.11,19.11,19.82,192645,376775183.0,0.0,0,20.31,0
20140801,1406822400000,19.48,19.759999999999998,18.52,18.66,123040,234753753.00000003,0.0,0,19.82,0
20140804,1407081600000,18.67,19.18,18.5,18.94,81879,154188773.99999997,0.0,0,18.66,0
20140805,1407168000000,18.81,19.1,18.16,18.91,94866,177316844.99999997,0.0,0,18.94,0
20140806,1407254400000,18.7,18.96,18.41,18.72,56696,105972706.00000001,0.0,0,18.91,0
20140807,1407340800000,18.650000000000002,18.95,18.21,18.41,58262,107940999.0,0.0,0,18.720000000000002,0
20140808,1407427200000,18.3,18.78,18.25,18.43,47500,88039475.0,0.0,0,18.41,0
20140811,1407686400000,18.51,18.75,18.32,18.69,56834,105462517.00000001,0.0,0,18.43,0
20140812,1407772800000,19.4,19.9,18.95,19.029999999999998,124940,242869731.00000003,0.0,0,18.689999999999998,0
20140813,1407859200000,18.99,19.0,18.31,18.689999999999998,63620,118536257.00000001,0.0,0,19.029999999999998,0
20140814,1407945600000,18.500000000000004,19.080000000000002,18.330000000000002,18.55,60438,112828980.0,0.0,0,18.69,0
20140815,1408032000000,18.5,18.689999999999998,18.29,18.529999999999998,43611,80501305.0,0.0,0,18.55,0
20140818,1408291200000,18.54,18.9,18.41,18.87,51513,95688990.0,0.0,0,18.53,0
20140819,1408377600000,18.8,19.560000000000002,18.53,19.290000000000003,97553,186137133.0,0.0,0,18.87,0
20140820,1408464000000,19.04,19.18,18.73,18.830000000000002,54155,102541841.99999999,0.0,0,19.29,0
20140821,1408550400000,18.73,18.77,17.79,18.13,64948,118741206.0,0.0,0,18.83,0
20140822,1408636800000,18.06,18.119999999999997,17.72,17.97,37484,67083742.00000001,0.0,0,18.13,0
20140825,1408896000000,17.919999999999998,17.93,17.61,17.68,28528,50556896.00000001,0.0,0,17.97,0
20140826,1408982400000,17.57,17.57,17.02,17.09,46023,79093503.00000001,0.0,0,17.68,0
20140827,1409068800000,17.01,17.560000000000002,17.01,17.26,30872,53499750.00000001,0.0,0,17.09,0
20140828,1409155200000,17.29,17.44,16.73,16.76,32257,55122695.99999999,0.0,0,17.26,0
20140829,1409241600000,16.98,18.1,16.96,17.96,79027,139815045.0,0.0,0,16.76,0
20140901,1409500800000,18.15,18.48,17.91,18.3,66205,120413076.00000001,0.0,0,17.96,0
20140902,1409587200000,18.3,19.130000000000003,18.1,18.8,95399,177267505.0,0.0,0,18.3,0
20140903,1409673600000,18.76,18.76,18.37,18.55,64668,119719954.0,0.0,0,18.8,0
20140904,1409760000000,18.55,19.189999999999998,18.36,18.849999999999998,68692,129346420.0,0.0,0,18.55,0
20140905,1409846400000,18.700000000000003,18.830000000000002,18.35,18.53,48736,90188992.0,0.0,0,18.85,0
20140909,1410192000000,18.46,19.14,18.36,19.03,63667,119640642.0,0.0,0,18.53,0
20140910,1410278400000,19.0,19.93,18.5,19.23,97100,188130604.0,0.0,0,19.03,0
20140911,1410364800000,19.14,20.6,19.0,20.08,132000,259925961.0,0.0,0,19.23,0
20140912,1410451200000,19.9,21.39,19.5,21.17,158201,326131418.0,0.0,0,20.08,0
20140915,1410710400000,20.99,22.099999999999998,20.61,20.72,114856,241180054.0,0.0,0,21.169999999999998,0
20140916,1410796800000,20.810000000000002,20.810000000000002,19.21,19.25,86296,171707056.0,0.0,0,20.720000000000002,0
20140917,1410883200000,19.0,19.38,18.72,19.13,40355,76947055.0,0.0,0,19.25,0
20140918,1410969600000,19.040000000000003,19.28,18.94,19.17,27323,52144194.00000001,0.0,0,19.130000000000003,0
20140919,1411056000000,19.17,19.75,19.1,19.48,32440,63204496.00000001,0.0,0,19.17,0
20140922,1411315200000,19.59,19.59,18.8,18.900000000000002,30880,58898375.0,0.0,0,19.48,0
20140923,1411401600000,19.0,19.97,19.0,19.96,56759,111165598.0,0.0,0,18.9,0
20140924,1411488000000,19.97,20.75,19.73,20.26,66251,135442647.0,0.0,0,19.96,0
20140925,1411574400000,20.1,20.85,19.87,20.34,62764,128316321.0,0.0,0,20.26,0
20140926,1411660800000,20.14,20.58,19.95,20.08,37350,75474671.0,0.0,0,20.34,0
20140929,1411920000000,20.28,20.35,19.87,20.03,37016,74053022.0,0.0,0,20.080000000000002,0
20140930,1412006400000,20.03,20.03,19.5,19.82,36883,72654585.0,0.0,0,20.03,0
20141008,1412697600000,19.77,20.52,19.77,20.509999999999998,54448,110402058.0,0.0,0,19.82,0
20141009,1412784000000,20.51,20.66,19.96,20.43,44393,90011371.0,0.0,0,20.51,0
20141010,1412870400000,20.38,21.43,20.23,21.22,102448,213697982.0,0.0,0,20.43,0
20141013,1413129600000,20.950000000000003,20.970000000000002,20.35,20.740000000000002,59558,123191827.00000001,0.0,0,21.220000000000002,0
20141014,1413216000000,20.71,21.55,20.54,20.99,57881,122079273.00000001,0.0,0,20.74,0
20141015,1413302400000,20.900000000000002,21.110000000000003,20.17,20.57,33964,69741973.0,0.0,0,20.990000000000002,0
20141016,1413388800000,20.45,20.6,19.8,19.85,30197,61273454.00000001,0.0,0,20.57,0
20141017,1413475200000,19.4,19.9,18.81,19.459999999999997,51596,99627376.00000001,0.0,0,19.849999999999998,0
20141020,1413734400000,19.46,21.41,19.23,21.2,95358,197917378.0,0.0,0,19.46,0
20141021,1413820800000,21.4,22.99,21.0,22.28,146138,317921118.0,0.0,0,21.2,0
20141022,1413907200000,21.900000000000002,23.490000000000002,21.8,22.68,116962,267079668.00000003,0.0,0,22.28,0
20141023,1413993600000,22.16,24.5,22.16,24.09,109791,261200338.0,0.0,0,22.68,0
20141024,1414080000000,23.860000000000003,24.400000000000002,23.330000000000002,24.1,79903,191665960.0,0.0,0,24.090000000000003,0
20141027,1414339200000,23.700000000000003,24.200000000000003,23.28,23.82,60025,142599561.0,0.0,0,24.1,0
20141028,1414425600000,23.81,26.2,23.72,26.2,77179,197397582.0,0.0,0,23.82,0
20141029,1414512000000,27.01,28.3,26.150000000000002,27.200000000000003,127218,342167630.0,0.0,0,26.200000000000003,0
20141030,1414598400000,26.660000000000004,27.000000000000004,26.240000000000002,26.32,72764,193469365.0,0.0,0,27.200000000000003,0
20141031,1414684800000,26.21,26.67,24.92,25.37,81462,207842770.0,0.0,0,26.32,0
20141103,1414944000000,25.5,25.87,25.12,25.7,49125,125065483.0,0.0,0,25.37,0
20141104,1415030400000,25.6,25.64,24.82,25.11,41370,104627481.99999999,0.0,0,25.7,0
20141105,1415116800000,25.27,25.56,24.43,25.46,42110,106018109.0,0.0,0,25.11,0
20141106,1415203200000,25.200000000000003,25.48,24.85,25.310000000000002,26466,66561587.00000001,0.0,0,25.46,0
20141107,1415289600000,25.310000000000002,27.73,25.3,27.67,88953,235614579.0,0.0,0,25.310000000000002,0
20141110,1415548800000,27.56,27.58,26.54,26.77,50246,135509814.0,0.0,0,27.669999999999998,0
20141111,1415635200000,26.82,28.28,24.09,24.09,116972,301914544.0,0.0,0,26.77,0
20141112,1415721600000,23.3,23.58,22.25,22.8,129114,294330227.0,0.0,0,24.09,0
20141113,1415808000000,22.5,22.8,21.35,21.89,112318,246023719.0,0.0,0,22.8,0
20141114,1415894400000,21.599999999999998,22.34,21.31,21.919999999999998,61834,135403686.0,0.0,0,21.889999999999997,0
20141117,1416153600000,21.95,22.5,21.71,22.28,49531,110379024.0,0.0,0,21.92,0
20141118,1416240000000,22.259999999999998,22.45,21.38,21.89,63049,137057699.00000003,0.0,0,22.279999999999998,0
20141119,1416326400000,21.6,22.19,21.5,21.99,43491,94989096.0,0.0,0,21.89,0
20141120,1416412800000,22.0,22.400000000000002,21.87,22.09,37296,82744544.0,0.0,0,21.990000000000002,0
20141121,1416499200000,22.24,22.29,21.81,22.049999999999997,33061,72605921.00000001,0.0,0,22.09,0
20141124,1416758400000,22.21,22.69,21.71,22.52,70319,156630982.00000003,0.0,0,22.05,0
20141125,1416844800000,22.700000000000003,22.830000000000002,22.28,22.53,53002,119553797.0,0.0,0,22.52,0
20141126,1416931200000,22.54,22.6,22.0,22.42,52560,117016264.0,0.0,0,22.53,0
20141127,1417017600000,22.45,22.66,22.18,22.4,52009,116717098.0,0.0,0,22.419999999999998,0
20141128,1417104000000,22.5,22.55,21.7,21.86,50536,111472101.0,0.0,0,22.4,0
20141201,1417363200000,21.7,21.71,20.7,20.7,68824,144345901.0,0.0,0,21.86,0
20141202,1417449600000,20.73,21.15,20.7,20.98,34487,72261846.0,0.0,0,20.7,0
20141203,1417536000000,20.98,21.21,20.41,21.19,55813,115951488.0,0.0,0,20.98,0
20141204,1417622400000,21.18,21.46,20.87,21.41,51989,110751307.0,0.0,0,21.19,0
20141205,1417708800000,21.450000000000003,23.55,21.240000000000002,23.55,173730,394162971.0,0.0,0,21.410000000000004,0
20141208,1417968000000,23.99,25.45,23.93,24.55,157802,391237193.0,0.0,0,23.55,0
20141209,1418054400000,24.55,24.55,22.1,22.1,117502,272945633.0,0.0,0,24.55,0
20141210,1418140800000,21.0,22.950000000000003,20.51,22.240000000000002,73862,160348728.0,0.0,0,22.1,0
20141211,1418227200000,21.98,22.45,21.21,21.990000000000002,71168,154640870.00000003,0.0,0,22.240000000000002,0
20141212,1418313600000,21.95,21.99,21.45,21.87,37650,81769858.0,0.0,0,21.99,0
20141215,1418572800000,21.2,21.89,20.81,21.79,39913,85843570.0,0.0,0,21.869999999999997,0
20141216,1418659200000,21.700000000000003,23.480000000000004,21.650000000000002,23.290000000000003,81691,184930496.0,0.0,0,21.790000000000003,0
20141217,1418745600000,23.2,23.2,22.22,22.41,50116,112898483.0,0.0,0,23.29,0
20141218,1418832000000,22.39,23.4,22.16,22.85,62616,143752268.0,0.0,0,22.41,0
20141219,1418918400000,22.599999999999998,22.75,21.38,21.959999999999997,47096,103284689.00000001,0.0,0,22.849999999999998,0
20141222,1419177600000,21.919999999999998,21.919999999999998,20.11,20.38,48501,99884804.0,0.0,0,21.96,0
20141223,1419264000000,20.32,20.740000000000002,19.78,19.830000000000002,24795,50223797.0,0.0,0,20.380000000000003,0
20141224,1419350400000,19.900000000000002,20.76,19.900000000000002,20.450000000000003,21174,43072159.00000001,0.0,0,19.830000000000002,0
20141225,1419436800000,20.6,21.14,20.400000000000002,20.820000000000004,17998,37416996.0,0.0,0,20.450000000000003,0
20141226,1419523200000,20.75,20.89,20.25,20.61,24232,49780171.0,0.0,0,20.82,0
20141229,1419782400000,20.55,20.560000000000002,19.900000000000002,20.1,29176,58543804.0,0.0,0,20.610000000000003,0
20141230,1419868800000,20.11,20.8,20.03,20.3,24477,49982320.0,0.0,0,20.1,0
20141231,1419955200000,20.42,21.0,20.42,20.680000000000003,26320,54504114.99999999,0.0,0,20.3,0
20150105,1420387200000,20.64,20.64,19.71,20.21,30470,61082921.0,0.0,0,20.68,0
20150106,1420473600000,20.400000000000002,20.94,20.05,20.830000000000002,31598,65227802.00000001,0.0,0,20.21,0
20150107,1420560000000,20.830000000000002,20.830000000000002,20.35,20.540000000000003,21101,43250855.0,0.0,0,20.830000000000002,0
20150108,1420646400000,20.54,20.799999999999997,20.31,20.32,17516,35898915.99999999,0.0,0,20.54,0
20150109,1420732800000,20.400000000000002,20.650000000000002,19.98,20.0,20560,41840395.0,0.0,0,20.32,0
20150112,1420992000000,20.0,20.0,19.07,19.15,20854,40458298.0,0.0,0,20.0,0
20150113,1421078400000,19.17,19.590000000000003,19.17,19.470000000000002,11343,22007209.000000004,0.0,0,19.150000000000002,0
20150114,1421164800000,19.410000000000004,20.070000000000004,19.400000000000002,19.790000000000003,18114,35721601.0,0.0,0,19.470000000000002,0
20150115,1421251200000,19.790000000000003,19.900000000000002,19.62,19.71,16470,32503800.000000004,0.0,0,19.790000000000003,0
20150116,1421337600000,19.88,19.89,19.66,19.73,15956,31491793.0,0.0,0,19.71,0
20150119,1421596800000,19.13,21.17,18.0,20.94,63431,129525716.00000001,0.0,0,19.73,0
20150120,1421683200000,20.8,21.74,20.68,21.5,55149,117739560.0,0.0,0,20.94,0
20150121,1421769600000,21.46,21.66,20.89,21.490000000000002,67348,142680326.0,0.0,0,21.5,0
20150122,1421856000000,21.470000000000002,22.76,21.1,22.330000000000002,68831,150851558.0,0.0,0,21.490000000000002,0
20150123,1421942400000,22.03,22.150000000000002,21.39,21.52,50351,109465770.0,0.0,0,22.330000000000002,0
20150126,1422201600000,21.400000000000002,21.98,21.400000000000002,21.6,32073,69433279.0,0.0,0,21.520000000000003,0
20150127,1422288000000,21.61,21.7,21.05,21.62,31434,67326053.00000001,0.0,0,21.6,0
20150128,1422374400000,21.75,22.580000000000002,21.71,22.01,56885,126346373.00000001,0.0,0,21.62,0
20150129,1422460800000,21.7,21.86,21.41,21.71,23153,50154384.00000001,0.0,0,22.01,0
20150130,1422547200000,21.720000000000002,22.17,21.26,21.32,17759,38243455.00000001,0.0,0,21.71,0
20150202,1422806400000,21.0,21.0,20.5,20.66,23927,49558208.0,0.0,0,21.32,0
20150203,1422892800000,20.55,21.0,20.55,20.830000000000002,19694,41016765.0,0.0,0,20.66,0
20150204,1422979200000,20.990000000000002,21.94,20.85,21.48,38546,82926833.00000001,0.0,0,20.830000000000002,0
20150205,1423065600000,21.580000000000002,21.6,20.91,20.92,22296,47206885.0,0.0,0,21.48,0
20150206,1423152000000,20.84,20.9,20.18,20.25,17108,35035976.00000001,0.0,0,20.919999999999998,0
20150209,1423411200000,20.020000000000003,20.380000000000003,20.01,20.12,11492,23243386.0,0.0,0,20.25,0
20150210,1423497600000,20.130000000000003,20.51,20.080000000000002,20.310000000000002,10950,22164302.0,0.0,0,20.12,0
20150211,1423584000000,20.35,20.69,20.25,20.68,10662,21875218.000000004,0.0,0,20.31,0
20150212,1423670400000,20.68,21.58,20.54,21.41,21369,45334753.0,0.0,0,20.68,0
20150213,1423756800000,21.400000000000002,21.820000000000004,21.400000000000002,21.48,21427,46367642.0,0.0,0,21.410000000000004,0
20150216,1424016000000,21.53,22.200000000000003,21.53,22.14,29767,65644811.00000001,0.0,0,21.48,0
20150217,1424102400000,22.14,22.580000000000002,22.03,22.400000000000002,28503,63712235.0,0.0,0,22.14,0
20150225,1424793600000,22.4,22.45,21.91,22.17,21868,48466139.0,0.0,0,22.4,0
20150226,1424880000000,22.17,22.43,21.91,22.27,15004,33134355.999999996,0.0,0,22.17,0
20150227,1424966400000,22.400000000000002,23.590000000000003,22.400000000000002,22.950000000000003,36234,83528867.0,0.0,0,22.270000000000003,0
20150302,1425225600000,23.5,24.0,22.96,23.95,64282,152495017.0,0.0,0,22.95,0
20150303,1425312000000,24.4,24.4,23.52,23.53,34923,83224056.0,0.0,0,23.95,0
20150304,1425398400000,23.5,23.78,23.25,23.58,21062,49481889.0,0.0,0,23.53,0
20150305,1425484800000,23.580000000000002,23.720000000000002,22.8,22.98,28418,65549373.00000001,0.0,0,23.580000000000002,0
20150306,1425571200000,22.860000000000003,23.17,22.85,23.060000000000002,14846,34196047.00000001,0.0,0,22.98,0
20150309,1425830400000,23.06,23.2,22.59,22.9,18114,41340331.00000001,0.0,0,23.06,0
20150310,1425916800000,22.89,23.54,22.73,23.51,27189,63310310.99999999,0.0,0,22.900000000000002,0
20150311,1426003200000,23.53,24.290000000000003,23.44,24.07,37363,89618794.0,0.0,0,23.51,0
20150312,1426089600000,24.07,24.51,23.84,24.14,25473,61635316.0,0.0,0,24.07,0
20150313,1426176000000,23.970000000000002,24.5,23.87,24.34,25589,61676135.0,0.0,0,24.14,0
20150316,1426435200000,24.5,24.61,24.11,24.47,32326,78852605.99999999,0.0,0,24.34,0
20150317,1426521600000,24.509999999999998,25.549999999999997,24.47,24.83,37654,93845978.0,0.0,0,24.47,0
20150318,1426608000000,24.830000000000002,25.200000000000003,24.650000000000002,25.000000000000004,23998,59741271.00000001,0.0,0,24.830000000000002,0
20150319,1426694400000,25.0,26.2,24.77,25.84,42644,109335683.0,0.0,0,25.0,0
20150320,1426780800000,26.0,26.1,25.6,25.92,26179,67566805.00000001,0.0,0,25.84,0
20150323,1427040000000,25.88,26.28,25.55,26.17,28254,73171951.00000001,0.0,0,25.92,0
20150324,1427126400000,26.09,26.09,24.41,25.4,43080,109838928.0,0.0,0,26.17,0
20150325,1427212800000,25.380000000000003,25.650000000000002,25.03,25.53,30141,76184669.0,0.0,0,25.400000000000002,0
20150326,1427299200000,26.0,26.740000000000002,25.53,25.82,46294,121230048.0,0.0,0,25.53,0
20150327,1427385600000,25.8,26.500000000000004,25.400000000000002,26.46,43023,112780662.0,0.0,0,25.820000000000004,0
20150330,1427644800000,26.48,28.44,26.48,27.830000000000002,54025,148724965.0,0.0,0,26.46,0
20150331,1427731200000,27.88,28.1,27.0,27.46,36284,99868230.00000001,0.0,0,27.83,0
20150401,1427817600000,27.200000000000003,28.01,27.150000000000002,27.94,25850,71840344.0,0.0,0,27.46,0
20150402,1427904000000,28.02,28.349999999999998,27.79,27.9,29827,83318343.0,0.0,0,27.939999999999998,0
20150403,1427990400000,27.900000000000002,27.900000000000002,27.21,27.45,38830,106393632.0,0.0,0,27.900000000000002,0
20150407,1428336000000,27.46,29.770000000000003,27.1,29.720000000000002,58708,164183073.0,0.0,0,27.450000000000003,0
20150408,1428422400000,29.4,31.0,28.5,30.44,65401,194234121.0,0.0,0,29.72,0
20150409,1428508800000,30.0,31.2,28.5,30.09,38112,114565154.0,0.0,0,30.44,0
20150410,1428595200000,29.8,32.0,29.52,31.89,42403,132555676.00000001,0.0,0,30.09,0
20150413,1428854400000,31.89,35.08,31.71,35.08,54988,186405583.0,0.0,0,31.89,0
20150414,1428940800000,35.089999999999996,37.8,34.9,35.269999999999996,59576,216881615.0,0.0,0,35.08,0
20150415,1429027200000,34.5,37.2,33.35,35.620000000000005,53215,186249317.0,0.0,0,35.27,0
20150416,1429113600000,35.620000000000005,37.650000000000006,34.230000000000004,36.36000000000001,32670,119233945.0,0.0,0,35.620000000000005,0
20150417,1429200000000,36.25000000000001,36.980000000000004,35.660000000000004,35.730000000000004,36422,131645422.0,0.0,0,36.36000000000001,0
20150420,1429459200000,35.0,35.13,32.5,32.55,64830,218589339.00000003,0.0,0,35.73,0
20150421,1429545600000,31.5,33.79,31.01,32.88,53182,174402828.0,0.0,0,32.550000000000004,0
20150422,1429632000000,33.199999999999996,35.47,32.69,34.69,54661,186853702.0,0.0,0,32.879999999999995,0
20150423,1429718400000,35.28,37.7,35.0,35.12,58879,211747279.99999997,0.0,0,34.69,0
20150424,1429804800000,34.01,35.25,33.33,33.91,37829,129032881.00000001,0.0,0,35.12,0
20150427,1430064000000,33.89,34.5,33.04,33.36,43421,145643889.0,0.0,0,33.91,0
20150428,1430150400000,33.02,34.2,32.88,32.95,31906,106466914.0,0.0,0,33.36,0
20150429,1430236800000,32.93,33.65,32.58,33.39,21618,71864272.0,0.0,0,32.949999999999996,0
20150430,1430323200000,33.05,35.79,33.05,34.9,39148,134227298.0,0.0,0,33.39,0
20150504,1430668800000,35.8,35.8,33.9,34.37,30521,105136928.99999999,0.0,0,34.9,0
20150505,1430755200000,34.25,34.660000000000004,32.85,32.870000000000005,32430,109109539.0,0.0,0,34.370000000000005,0
20150506,1430841600000,32.769999999999996,33.589999999999996,32.69,32.78,21594,71585433.0,0.0,0,32.87,0
20150507,1430928000000,32.78,33.0,30.3,30.470000000000002,19362,61395342.0,0.0,0,32.78,0
20150508,1431014400000,31.21,31.7,30.71,31.380000000000003,18278,56863669.0,0.0,0,30.470000000000002,0
20150511,1431273600000,32.0,33.9,32.0,33.63,26918,89499799.0,0.0,0,31.38,0
20150512,1431360000000,34.0,34.43,33.6,34.22,28005,95303348.0,0.0,0,33.63,0
20150513,1431446400000,34.08,35.5,33.78,34.22,36506,126935250.0,0.0,0,34.22,0
20150514,1431532800000,34.83,35.48,34.65,35.269999999999996,53090,186509046.99999997,0.0,0,34.22,0
20150515,1431619200000,35.75,38.800000000000004,33.7,38.38,73832,264881803.00000003,0.0,0,35.27,0
20150518,1431878400000,38.29,40.2,36.5,39.09,65956,258928336.00000003,0.0,0,38.38,0
20150519,1431964800000,39.47,39.47,38.0,38.66,32917,127053668.00000001,0.0,0,39.09,0
20150520,1432051200000,38.68,40.28,37.0,39.62,63273,247844415.0,0.0,0,38.66,0
20150521,1432137600000,39.9,40.32,38.6,39.2,50804,199556325.0,0.0,0,39.620000000000005,0
20150522,1432224000000,39.8,39.81,38.0,38.41,52401,202307950.0,0.0,0,39.2,0
20150525,1432483200000,38.1,42.25,37.5,42.25,99695,395474930.0,0.0,0,38.41,0
20150526,1432569600000,43.1,45.75,42.1,44.980000000000004,66524,295147254.0,0.0,0,42.25,0
20150527,1432656000000,44.5,48.08,43.01,48.01,60380,275096279.00000006,0.0,0,44.98,0
20150528,1432742400000,46.900000000000006,47.86,43.99,44.2,43481,200923407.0,0.0,0,48.010000000000005,0
20150529,1432828800000,42.92,46.4,41.0,44.91,42625,188185089.0,0.0,0,44.2,0
20150601,1433088000000,44.96,47.050000000000004,44.85,46.6,29784,138200548.0,0.0,0,44.910000000000004,0
20150602,1433174400000,46.68,48.480000000000004,46.1,47.74,28330,134337276.0,0.0,0,46.6,0
20150603,1433260800000,48.480000000000004,48.480000000000004,44.25,45.44,42028,192114406.0,0.0,0,47.74,0
20150604,1433347200000,44.12,46.09,42.0,43.57,32370,143056121.0,0.0,0,45.44,0
20150605,1433433600000,45.45,45.45,43.800000000000004,44.330000000000005,33264,148339821.99999997,0.0,0,43.57000000000001,0
20150608,1433692800000,43.55,44.4,42.0,43.05,45219,195621154.0,0.0,0,44.33,0
20150609,1433779200000,43.06,43.68,42.5,42.82,22566,96985813.0,0.0,0,43.05,0
20150610,1433865600000,42.800000000000004,47.1,42.800000000000004,47.1,55250,255803879.0,0.0,0,42.82000000000001,0
20150611,1433952000000,47.199999999999996,51.809999999999995,47.19,51.69,71153,356067438.0,0.0,0,47.099999999999994,0
20150612,1434038400000,51.12,53.0,50.01,51.32,40504,207751193.00000003,0.0,0,51.44,0
20150615,1434297600000,51.45,56.45,50.0,52.86,57696,310150387.0,0.0,0,51.32,0
20150616,1434384000000,51.32000000000001,53.99,48.800000000000004,51.080000000000005,43738,225287409.0,0.0,0,52.86000000000001,0
20150617,1434470400000,50.03,51.99,47.59,51.220000000000006,31305,156892367.00000003,0.0,0,51.080000000000005,0
20150618,1434556800000,51.010000000000005,51.300000000000004,46.6,47.53,43178,211770192.0,0.0,0,51.22,0
20150619,1434643200000,46.5,46.98,42.86,43.46,29293,130543832.00000001,0.0,0,47.53,0
20150623,1434988800000,43.45,44.9,39.11,42.85,43265,180629868.0,0.0,0,43.46,0
20150624,1435075200000,44.06,46.32,44.0,46.22,50439,227529056.99999997,0.0,0,42.85,0
20150625,1435161600000,47.489999999999995,47.8,42.4,44.07,44838,206800604.0,0.0,0,46.22,0
20150626,1435248000000,42.13,42.690000000000005,39.660000000000004,39.68000000000001,53901,217637436.0,0.0,0,44.07000000000001,0
20150629,1435507200000,41.22,43.0,35.71,35.71,71621,268051420.00000003,0.0,0,39.68,0
20150630,1435593600000,35.71,38.5,32.14,38.43,51657,179890366.0,0.0,0,35.71,0
20150701,1435680000000,38.0,40.080000000000005,34.59,34.970000000000006,51584,195666340.0,0.0,0,38.43000000000001,0
20150702,1435766400000,34.97,35.5,31.470000000000002,31.470000000000002,50114,160906856.0,0.0,0,34.97,0
20150703,1435852800000,29.85,31.45,28.32,28.32,43254,124724731.00000001,0.0,0,31.47,0
20150706,1436112000000,31.1,31.1,25.490000000000002,25.490000000000002,71757,196721549.0,0.0,0,28.32,0
20150707,1436198400000,23.880000000000003,23.89,22.94,22.94,25939,59963748.0,0.0,0,25.490000000000002,0
20150708,1436284800000,20.650000000000002,20.650000000000002,20.650000000000002,20.650000000000002,5419,11190235.0,0.0,0,22.94,0
20150709,1436371200000,18.59,22.72,18.59,22.72,115846,240191061.0,0.0,0,20.65,0
20150710,1436457600000,22.900000000000002,24.990000000000002,22.48,24.990000000000002,93528,229753784.0,0.0,0,22.72,0
20150713,1436716800000,25.5,27.49,25.02,27.49,91113,242830628.0,0.0,0,24.99,0
20150714,1436803200000,27.69,29.98,25.76,27.900000000000002,100872,283976233.0,0.0,0,27.490000000000002,0
20150715,1436889600000,26.3,27.27,25.11,25.11,77255,198028174.0,0.0,0,27.9,0
20150716,1436976000000,22.7,26.259999999999998,22.7,25.03,75735,186039215.0,0.0,0,25.11,0
20150717,1437062400000,25.45,27.53,24.71,27.53,88998,241515741.0,0.0,0,25.03,0
20150720,1437321600000,28.01,30.28,27.8,30.28,127334,380203114.0,0.0,0,27.53,0
20150721,1437408000000,30.68,32.8,28.5,32.16,79535,251922630.0,0.0,0,30.28,0
20150722,1437494400000,32.160000000000004,34.2,31.01,33.59,89103,296237984.0,0.0,0,32.160000000000004,0
20150723,1437580800000,33.81,34.36,32.5,33.99,57236,191012336.0,0.0,0,33.59,0
20150724,1437667200000,33.9,35.48,32.5,33.08,64627,219494644.0,0.0,0,33.99,0
20150727,1437926400000,31.8,33.57,29.77,29.77,51699,162628317.0,0.0,0,33.08,0
20150728,1438012800000,26.930000000000003,30.590000000000003,26.92,27.990000000000002,76372,212960388.0,0.0,0,29.770000000000003,0
20150729,1438099200000,29.0,30.17,26.8,30.1,48555,138392092.0,0.0,0,27.990000000000002,0
20150730,1438185600000,30.0,32.5,29.3,30.03,62723,194540513.0,0.0,0,30.1,0
20150731,1438272000000,29.0,29.990000000000002,27.5,28.1,40945,117274893.0,0.0,0,30.03,0
20150803,1438531200000,27.88,27.88,25.29,25.29,47381,122195330.0,0.0,0,28.099999999999998,0
20150804,1438617600000,25.3,27.55,24.71,27.3,49777,131424476.0,0.0,0,25.29,0
20150805,1438704000000,27.330000000000002,28.32,26.400000000000002,27.330000000000002,56628,156596131.99999997,0.0,0,27.3,0
20150806,1438790400000,26.02,27.75,26.02,27.6,25558,69420055.0,0.0,0,27.33,0
20150807,1438876800000,27.650000000000002,28.8,27.650000000000002,28.46,38847,110137143.00000001,0.0,0,27.6,0
20150810,1439136000000,29.0,31.08,29.0,30.78,54273,165357692.0,0.0,0,28.46,0
20150811,1439222400000,31.0,32.0,30.05,30.8,48447,150914115.0,0.0,0,30.78,0
20150812,1439308800000,30.900000000000002,32.93,30.1,31.740000000000002,55630,179042670.0,0.0,0,30.8,0
20150813,1439395200000,31.0,32.2,29.98,32.15,41260,128987428.00000001,0.0,0,31.740000000000002,0
20150814,1439481600000,32.35,35.37,31.86,35.37,85296,286295348.0,0.0,0,32.15,0
20150817,1439740800000,35.97,38.910000000000004,35.6,38.910000000000004,125290,476246099.00000006,0.0,0,35.370000000000005,0
20150818,1439827200000,38.31,38.400000000000006,35.02,35.02,88172,319456995.0,0.0,0,38.910000000000004,0
20150819,1439913600000,32.0,37.2,31.52,35.36,83760,279956052.0,0.0,0,35.019999999999996,0
20150820,1440000000000,35.0,35.489999999999995,32.01,32.37,47728,161908261.0,0.0,0,35.36,0
20150821,1440086400000,32.0,34.49,31.1,31.400000000000002,69107,227148940.00000003,0.0,0,32.370000000000005,0
20150824,1440345600000,29.830000000000002,30.790000000000003,28.26,28.26,76656,218062252.00000003,0.0,0,31.400000000000002,0
20150825,1440432000000,25.43,28.7,25.43,27.009999999999998,63950,170627558.0,0.0,0,28.259999999999998,0
20150826,1440518400000,26.6,29.200000000000003,26.6,27.96,51151,144024662.0,0.0,0,27.01,0
20150827,1440604800000,28.599999999999998,30.0,27.7,29.99,37877,109798753.0,0.0,0,27.96,0
20150828,1440691200000,30.95,32.99,30.8,32.99,54023,175048936.0,0.0,0,29.990000000000002,0
20150831,1440950400000,33.0,35.89,32.85,33.050000000000004,66135,225161556.00000003,0.0,0,32.99,0
20150901,1441036800000,32.47,34.54,29.76,31.05,50422,158234571.0,0.0,0,33.050000000000004,0
20150902,1441123200000,28.009999999999998,32.25,27.95,27.99,40378,119385201.00000001,0.0,0,31.05,0
20150907,1441555200000,28.400000000000002,30.790000000000003,28.400000000000002,30.790000000000003,33456,102474198.0,0.0,0,27.990000000000002,0
20150908,1441641600000,31.950000000000003,33.870000000000005,31.1,33.870000000000005,45714,148436911.0,0.0,0,30.790000000000003,0
20150909,1441728000000,33.55,37.19,33.54,36.53,61664,221569324.0,0.0,0,33.87,0
20150910,1441814400000,36.09,37.98,34.5,35.01,57872,209603191.00000003,0.0,0,36.53,0
20150911,1441900800000,35.02,37.18000000000001,34.550000000000004,36.400000000000006,56368,202901458.00000003,0.0,0,35.010000000000005,0
20150914,1442160000000,36.949999999999996,38.5,33.33,34.03,62506,225062134.00000003,0.0,0,36.4,0
20150915,1442246400000,31.6,35.6,31.6,35.31,44936,152909039.0,0.0,0,34.03,0
20150916,1442332800000,35.39,38.84,35.39,38.84,57906,215728665.00000003,0.0,0,35.31,0
20150917,1442419200000,38.940000000000005,41.0,36.7,36.760000000000005,97103,376228186.0,0.0,0,38.84,0
20150918,1442505600000,36.21,37.519999999999996,35.01,35.9,48762,176830179.0,0.0,0,36.76,0
20150921,1442764800000,35.0,39.49,34.0,39.49,56397,212141636.00000003,0.0,0,35.9,0
20150922,1442851200000,39.99,40.59,38.25,39.08,53579,210976714.0,0.0,0,39.49,0
20150923,1442937600000,38.18000000000001,39.74,37.300000000000004,38.64000000000001,32218,125031026.0,0.0,0,39.080000000000005,0
20150924,1443024000000,38.9,39.6,37.58,38.05,29758,114261136.0,0.0,0,38.64,0
20150925,1443110400000,38.1,39.85,37.29,38.35,45306,176318090.0,0.0,0,38.05,0
20150928,1443369600000,38.2,38.220000000000006,36.02,37.190000000000005,35299,130263006.0,0.0,0,38.35,0
20150929,1443456000000,36.660000000000004,37.730000000000004,35.800000000000004,36.300000000000004,26028,95094119.0,0.0,0,37.190000000000005,0
20150930,1443542400000,36.97,38.49,36.31,36.7,20537,76424178.0,0.0,0,36.300000000000004,0
20151008,1444233600000,38.5,38.879999999999995,37.12,38.379999999999995,24995,95355346.00000001,0.0,0,36.699999999999996,0
20151009,1444320000000,38.05,38.55,37.37,38.37,30435,115640734.00000001,0.0,0,38.379999999999995,0
20151012,1444579200000,39.3,42.08,38.54,41.589999999999996,39550,159339895.0,0.0,0,38.37,0
20151013,1444665600000,40.6,42.0,40.6,40.84,28512,117270697.0,0.0,0,41.59,0
20151014,1444752000000,40.64,41.440000000000005,39.42,39.52,28589,114050966.99999999,0.0,0,40.84,0
20151015,1444838400000,39.51,40.18,38.9,40.15,19877,79220843.00000001,0.0,0,39.519999999999996,0
20151016,1444924800000,40.44,41.41,39.37,40.059999999999995,22846,91961651.00000001,0.0,0,40.15,0
20151019,1445184000000,40.06,40.339999999999996,38.4,39.44,23936,93306383.0,0.0,0,40.06,0
20151020,1445270400000,39.440000000000005,39.910000000000004,38.550000000000004,39.86000000000001,21090,82413811.0,0.0,0,39.440000000000005,0
20151021,1445356800000,40.0,40.05,36.0,36.53,32364,123171469.99999999,0.0,0,39.86,0
20151022,1445443200000,36.190000000000005,37.620000000000005,35.77,37.21,20717,76099246.0,0.0,0,36.53,0
20151023,1445529600000,37.31,37.980000000000004,36.21,37.78,23185,85879053.0,0.0,0,37.21,0
20151026,1445788800000,37.76,39.1,37.76,38.41,18749,72034240.0,0.0,0,37.78,0
20151027,1445875200000,38.55,39.73,37.08,39.3,31537,122861343.0,0.0,0,38.41,0
20151028,1445961600000,39.300000000000004,40.0,37.84,38.43000000000001,17159,66791149.0,0.0,0,39.300000000000004,0
20151029,1446048000000,38.16,38.72,37.29,37.79,18589,70284165.00000001,0.0,0,38.43,0
20151030,1446134400000,37.78,37.970000000000006,36.800000000000004,36.940000000000005,16356,61078534.0,0.0,0,37.790000000000006,0
20151102,1446393600000,35.3,37.35,35.0,36.15,11637,42434230.0,0.0,0,36.94,0
20151103,1446480000000,36.5,37.5,35.7,36.89,11893,43616582.0,0.0,0,36.150000000000006,0
20151104,1446566400000,37.300000000000004,38.00000000000001,36.550000000000004,37.88,12377,46414775.0,0.0,0,36.89000000000001,0
20151105,1446652800000,37.96,38.39,36.7,37.260000000000005,17740,66624331.0,0.0,0,37.88,0
20151106,1446739200000,37.31,38.6,37.0,38.57,19831,75278646.0,0.0,0,37.26,0
20151109,1446998400000,38.1,39.82,38.02,39.28,28540,111418636.00000001,0.0,0,38.57,0
20151110,1447084800000,39.010000000000005,39.24,38.480000000000004,38.88,18860,73171975.99999999,0.0,0,39.28,0
20151111,1447171200000,38.800000000000004,39.45,38.6,39.18,15654,61420344.0,0.0,0,38.88,0
20151112,1447257600000,39.11000000000001,39.300000000000004,38.300000000000004,38.86000000000001,18128,70095851.0,0.0,0,39.18000000000001,0
20151113,1447344000000,38.52,40.00000000000001,38.050000000000004,39.24,27400,107966413.0,0.0,0,38.86000000000001,0
20151116,1447603200000,38.89,42.13,36.81,42.02,65730,267082400.00000003,0.0,0,39.24,0
20151117,1447689600000,41.870000000000005,45.800000000000004,41.6,45.010000000000005,65241,288405716.99999994,0.0,0,42.02,0
20151118,1447776000000,44.1,45.44,43.5,44.17,28773,127295706.00000001,0.0,0,45.01,0
20151119,1447862400000,43.82,47.980000000000004,43.82,47.22,41130,191871706.0,0.0,0,44.17,0
20151120,1447948800000,47.23,47.88,45.5,46.98,35582,166537954.99999997,0.0,0,47.22,0
20151123,1448208000000,46.0,47.5,45.52,46.290000000000006,19991,92643197.0,0.0,0,46.980000000000004,0
20151124,1448294400000,46.31,46.86,44.61,45.03,16128,72961523.0,0.0,0,46.29,0
20151125,1448380800000,45.96,45.970000000000006,45.02,45.5,11022,50060204.0,0.0,0,45.03,0
20151126,1448467200000,45.50000000000001,49.290000000000006,45.300000000000004,48.18000000000001,27098,128779259.00000001,0.0,0,45.50000000000001,0
20151127,1448553600000,48.4,49.5,43.37,43.41,26995,124636882.0,0.0,0,48.18,0
20151130,1448812800000,43.51,44.75,40.5,42.96,26079,112424360.0,0.0,0,43.41,0
20151201,1448899200000,43.370000000000005,43.89,41.06,41.68,14479,61957880.99999999,0.0,0,42.96,0
20151202,1448985600000,41.68,42.8,38.0,40.99,12244,49555221.0,0.0,0,41.68,0
20151203,1449072000000,41.0,43.6,40.59,43.36000000000001,12551,53278250.00000001,0.0,0,40.99,0
20151204,1449158400000,43.36000000000001,44.85,42.77,43.370000000000005,11051,48288402.0,0.0,0,43.36000000000001,0
20151207,1449417600000,43.800000000000004,47.71000000000001,43.800000000000004,47.71000000000001,57055,267550790.00000003,0.0,0,43.370000000000005,0
20151208,1449504000000,47.81,48.99,45.18,45.47,26249,122512527.0,0.0,0,47.71,0
20151209,1449590400000,45.010000000000005,47.730000000000004,44.38,46.93,14977,69093428.00000001,0.0,0,45.470000000000006,0
20151210,1449676800000,46.46,47.339999999999996,44.62,44.68,13819,62701057.0,0.0,0,46.93,0
20151211,1449763200000,44.50000000000001,45.14,42.800000000000004,44.27,8507,37419726.00000001,0.0,0,44.68000000000001,0
20151214,1450022400000,45.01,45.95,43.39,44.76,14437,64079446.0,0.0,0,44.27,0
20151215,1450108800000,44.76,47.25,44.03,45.28,19484,89385468.0,0.0,0,44.76,0
20151216,1450195200000,44.76,45.26,43.37,43.82,25651,112643915.99999999,0.0,0,45.28,0
20151217,1450281600000,43.98,45.449999999999996,43.58,45.309999999999995,25749,113861128.0,0.0,0,43.82,0
20151218,1450368000000,44.699999999999996,46.26,44.65,45.9,24691,113006655.0,0.0,0,45.309999999999995,0
20151221,1450627200000,45.98,46.48,45.0,45.2,17766,80909458.0,0.0,0,45.9,0
20151222,1450713600000,45.26,45.49,43.21,44.12,17627,77550272.0,0.0,0,45.2,0
20151223,1450800000000,44.11000000000001,44.39,43.410000000000004,44.18000000000001,14644,64136669.0,0.0,0,44.120000000000005,0
20151224,1450886400000,44.1,44.45,42.800000000000004,43.2,8068,34995419.00000001,0.0,0,44.18000000000001,0
20151225,1450972800000,43.2,44.0,42.7,43.95,6580,28638460.0,0.0,0,43.2,0
20151228,1451232000000,44.19,44.2,42.0,42.15,10089,43679563.0,0.0,0,43.95,0
20151229,1451318400000,43.2,43.330000000000005,42.31,42.39,8192,34851649.0,0.0,0,42.150000000000006,0
20151230,1451404800000,42.2,43.15,42.1,42.42,9460,40312317.00000001,0.0,0,42.39,0
20151231,1451491200000,42.43,43.3,42.18,42.3,7437,31739358.0,0.0,0,42.42,0
20160104,1451836800000,42.11,43.0,38.22,38.37,8850,35864191.0,0.0,0,42.3,0
20160105,1451923200000,34.95,37.6,34.53,35.660000000000004,30133,107908265.99999999,0.0,0,38.370000000000005,0
20160106,1452009600000,35.8,36.19,35.08,35.69,15590,55644168.00000001,0.0,0,35.66,0
20160107,1452096000000,35.699999999999996,35.699999999999996,32.3,33.5,3549,12118018.0,0.0,0,35.69,0
20160108,1452182400000,31.330000000000002,35.5,31.330000000000002,34.77,20747,71432489.0,0.0,0,33.5,0
20160111,1452441600000,33.98,36.18,33.0,33.27,17369,60360983.0,0.0,0,34.77,0
20160112,1452528000000,33.300000000000004,34.7,32.7,34.2,9740,32940093.0,0.0,0,33.27,0
20160113,1452614400000,34.32,35.88,33.5,34.35,10146,35107878.0,0.0,0,34.2,0
20160114,1452700800000,33.78,36.0,33.15,35.81,10668,37204240.0,0.0,0,34.35,0
20160115,1452787200000,35.68,36.8,34.21,34.43,9914,35106956.0,0.0,0,35.81,0
20160118,1453046400000,33.309999999999995,34.9,32.8,34.48,11407,38763454.0,0.0,0,34.43,0
20160119,1453132800000,34.35,35.75,33.84,35.550000000000004,7719,27101469.999999996,0.0,0,34.480000000000004,0
20160120,1453219200000,35.230000000000004,35.980000000000004,34.28,34.300000000000004,8288,28833277.999999996,0.0,0,35.550000000000004,0
20160121,1453305600000,34.0,34.87,32.8,33.849999999999994,8452,28716649.0,0.0,0,34.3,0
20160122,1453392000000,33.589999999999996,34.199999999999996,32.8,33.839999999999996,6743,22732934.0,0.0,0,33.849999999999994,0
20160125,1453651200000,35.12,35.12,33.62,33.849999999999994,5361,18426382.0,0.0,0,33.839999999999996,0
20160126,1453737600000,33.589999999999996,33.6,31.2,32.37,14224,46416841.00000001,0.0,0,33.85,0
20160127,1453824000000,32.14,33.2,29.6,33.02,8529,26598772.000000004,0.0,0,32.370000000000005,0
20160128,1453910400000,32.24,32.96,31.35,32.54,7502,24222321.0,0.0,0,33.02,0
20160129,1453996800000,32.55,33.32,32.18,32.99,6435,21144636.999999996,0.0,0,32.54,0
20160201,1454256000000,32.519999999999996,33.21,32.15,32.54,2718,8876053.0,0.0,0,32.99,0
20160202,1454342400000,32.99,33.580000000000005,32.49,33.39,5470,18193576.000000004,0.0,0,32.54,0
20160203,1454428800000,33.660000000000004,35.38,33.1,34.7,8839,30405366.0,0.0,0,33.39,0
20160204,1454515200000,34.7,35.85,34.2,34.64,9096,31866869.0,0.0,0,34.7,0
20160205,1454601600000,35.1,35.19,33.51,34.75,6877,23525535.999999996,0.0,0,34.64,0
20160215,1455465600000,33.62,34.75,32.18,34.1,2371,8030972.0,0.0,0,34.75,0
20160216,1455552000000,34.4,35.0,34.15,34.89,7816,27131059.0,0.0,0,34.1,0
20160217,1455638400000,35.00000000000001,35.7,34.660000000000004,35.09,7131,25046212.0,0.0,0,34.89,0
20160218,1455724800000,35.1,35.15,34.21,34.300000000000004,5865,20290278.0,0.0,0,35.09,0
20160219,1455811200000,34.300000000000004,34.540000000000006,33.410000000000004,33.790000000000006,5271,17853065.0,0.0,0,34.300000000000004,0
20160222,1456070400000,34.09,37.17,33.85,37.17,18683,66697721.00000001,0.0,0,33.79,0
20160223,1456156800000,37.1,37.470000000000006,35.800000000000004,36.31,13166,47964530.0,0.0,0,37.17,0
20160224,1456243200000,36.300000000000004,36.300000000000004,34.6,35.81,10022,35586921.0,0.0,0,36.31,0
20160225,1456329600000,35.35,35.75000000000001,32.230000000000004,32.330000000000005,11066,37107164.0,0.0,0,35.81,0
20160226,1456416000000,31.99,32.83,31.63,32.6,9022,29136088.0,0.0,0,32.33,0
20160229,1456675200000,32.27,35.12,29.34,33.01,13647,42090767.0,0.0,0,32.6,0
20160301,1456761600000,32.52,33.78,31.8,33.480000000000004,8821,29173294.000000004,0.0,0,33.01,0
20160302,1456848000000,33.48,34.8,32.72,34.44,8878,30073143.0,0.0,0,33.48,0
20160303,1456934400000,34.22,35.0,33.9,34.05,6509,22343700.0,0.0,0,34.44,0
20160304,1457020800000,34.58,34.58,32.35,33.42,9423,31249624.000000004,0.0,0,34.050000000000004,0
20160307,1457280000000,33.599999999999994,33.989999999999995,32.69,33.39,6213,20676316.000000004,0.0,0,33.419999999999995,0
20160308,1457366400000,33.2,33.56,31.5,33.3,5567,18128959.0,0.0,0,33.39,0
20160309,1457452800000,32.9,33.300000000000004,32.1,32.96,6857,22504693.000000004,0.0,0,33.300000000000004,0
20160310,1457539200000,32.49,33.0,31.55,32.34,5066,16429997.000000002,0.0,0,32.96,0
20160311,1457625600000,31.81,33.019999999999996,31.63,33.0,4836,15709767.0,0.0,0,32.339999999999996,0
20160314,1457884800000,33.2,34.78,33.2,34.2,10059,34664697.0,0.0,0,33.0,0
20160315,1457971200000,34.5,34.5,33.3,33.459999999999994,3337,11220148.0,0.0,0,34.199999999999996,0
20160316,1458057600000,34.2,34.2,32.63,32.940000000000005,3311,10975759.0,0.0,0,33.46,0
20160317,1458144000000,32.55,33.8,32.55,33.55,5331,17846793.0,0.0,0,32.94,0
20160318,1458230400000,32.75,34.8,32.75,34.34,10332,35262106.00000001,0.0,0,33.55,0
20160321,1458489600000,34.64,37.1,33.27,36.61,72614,248208649.0,0.0,0,34.34,0
20160322,1458576000000,35.5,36.1,35.0,35.06,43333,153425982.0,0.0,0,36.61,0
20160323,1458662400000,35.0,35.300000000000004,34.27,34.550000000000004,21512,74614817.0,0.0,0,35.06,0
20160324,1458748800000,34.18,34.92,33.9,34.04,26255,90262392.0,0.0,0,34.55,0
20160325,1458835200000,33.99,34.28,33.78,34.09,9510,32336120.000000004,0.0,0,34.04,0
20160328,1459094400000,34.1,34.6,34.03,34.120000000000005,16886,58035921.00000001,0.0,0,34.09,0
20160329,1459180800000,34.49,34.5,32.410000000000004,32.46,16561,54708712.0,0.0,0,34.120000000000005,0
20160330,1459267200000,32.9,33.13,32.57,33.11,15217,50001304.00000001,0.0,0,32.46,0
20160331,1459353600000,33.11,33.48,32.8,32.87,11806,38980282.0,0.0,0,33.11,0
20160401,1459440000000,32.97,32.97,31.92,32.370000000000005,13537,43605193.0,0.0,0,32.870000000000005,0
20160405,1459785600000,32.6,33.35,32.59,33.220000000000006,14616,48264623.99999999,0.0,0,32.370000000000005,0
20160406,1459872000000,33.199999999999996,33.28,32.9,33.14,13548,44740485.0,0.0,0,33.22,0
20160407,1459958400000,33.3,33.33,32.01,32.11,18662,61028010.00000001,0.0,0,33.14,0
20160408,1460044800000,32.06,32.11,30.66,31.24,18389,57472832.0,0.0,0,32.11,0
20160411,1460304000000,31.5,31.98,31.2,31.49,22589,71186884.00000001,0.0,0,31.24,0
20160412,1460390400000,31.5,31.56,30.0,30.76,25763,78551409.0,0.0,0,31.49,0
20160413,1460476800000,30.68,31.5,30.68,30.91,23916,74213625.0,0.0,0,30.759999999999998,0
20160414,1460563200000,31.15,31.86,30.7,31.53,19984,62303435.0,0.0,0,30.91,0
20160415,1460649600000,31.42,31.64,31.1,31.19,13376,41896721.0,0.0,0,31.53,0
20160418,1460908800000,31.3,31.57,31.0,31.39,18590,58134074.00000001,0.0,0,31.19,0
20160419,1460995200000,31.39,31.58,30.7,31.11,14486,45068691.0,0.0,0,31.39,0
20160420,1461081600000,31.23,31.23,28.66,29.06,20591,61292381.0,0.0,0,31.11,0
20160421,1461168000000,28.72,29.49,28.7,28.71,11890,34479570.0,0.0,0,29.06,0
20160422,1461254400000,28.58,28.99,28.27,28.68,10303,29454958.0,0.0,0,28.71,0
20160425,1461513600000,28.880000000000003,28.89,27.810000000000002,28.740000000000002,9076,25823924.0,0.0,0,28.680000000000003,0
20160426,1461600000000,28.64,29.099999999999998,28.13,29.06,8341,23992733.0,0.0,0,28.74,0
20160427,1461686400000,29.0,29.18,28.21,28.3,11789,33950323.0,0.0,0,29.060000000000002,0
20160428,1461772800000,28.31,28.52,27.47,27.79,10968,30640427.0,0.0,0,28.299999999999997,0
20160429,1461859200000,27.400000000000002,29.680000000000003,27.400000000000002,29.060000000000002,23916,69399159.0,0.0,0,27.790000000000003,0
20160503,1462204800000,29.290000000000003,29.500000000000004,28.650000000000002,29.42,20538,59962913.0,0.0,0,29.060000000000002,0
20160504,1462291200000,29.36,29.439999999999998,28.97,29.08,13784,40175824.0,0.0,0,29.419999999999998,0
20160505,1462377600000,29.080000000000002,29.44,29.01,29.39,8973,26199429.000000004,0.0,0,29.080000000000002,0
20160506,1462464000000,29.7,29.75,27.95,28.02,16042,46264882.00000001,0.0,0,29.39,0
20160509,1462723200000,28.02,28.02,25.55,25.96,13742,36459388.0,0.0,0,28.02,0
20160510,1462809600000,26.020000000000003,26.1,25.400000000000002,25.660000000000004,9954,25607566.000000004,0.0,0,25.96,0
20160511,1462896000000,25.82,26.299999999999997,25.13,25.15,14393,36701132.0,0.0,0,25.66,0
20160512,1462982400000,24.900000000000002,24.900000000000002,23.44,24.26,17781,42458298.0,0.0,0,25.150000000000002,0
20160513,1463068800000,24.21,26.69,24.1,26.69,26317,67448355.0,0.0,0,24.26,0
20160516,1463328000000,26.69,29.200000000000003,26.01,28.19,47484,130146573.0,0.0,0,26.69,0
20160517,1463414400000,27.990000000000002,28.970000000000002,27.71,27.89,37158,105100573.99999999,0.0,0,28.19,0
20160518,1463500800000,27.42,27.42,25.580000000000002,25.8,23943,63113133.0,0.0,0,27.89,0
20160519,1463587200000,25.8,26.78,25.55,25.93,16479,43183169.0,0.0,0,25.8,0
20160520,1463673600000,25.9,26.89,25.52,26.73,20528,54446467.0,0.0,0,25.93,0
20160523,1463932800000,26.78,27.540000000000003,26.51,27.240000000000002,13778,37447694.0,0.0,0,26.73,0
20160524,1464019200000,27.01,27.2,26.41,27.04,11452,30661017.0,0.0,0,27.240000000000002,0
20160525,1464105600000,27.29,27.4,26.5,26.6,7739,20830400.0,0.0,0,27.04,0
20160526,1464192000000,26.6,26.76,25.6,26.32,8401,21845103.0,0.0,0,26.6,0
20160527,1464278400000,26.330000000000002,26.490000000000002,25.85,25.98,9963,25976638.999999996,0.0,0,26.32,0
20160530,1464537600000,25.950000000000003,26.5,25.35,26.130000000000003,8340,21789676.0,0.0,0,25.98,0
20160531,1464624000000,26.05,27.21,26.05,27.060000000000002,16153,43158286.0,0.0,0,26.13,0
20160601,1464710400000,27.02,27.41,26.87,27.27,19730,53460390.0,0.0,0,27.060000000000002,0
20160602,1464796800000,27.25,27.599999999999998,27.02,27.38,11688,31962244.0,0.0,0,27.27,0
20160603,1464883200000,27.38,27.759999999999998,26.79,27.36,19425,52674218.0,0.0,0,27.38,0
20160606,1465142400000,27.24,27.5,27.02,27.349999999999998,11141,30340302.0,0.0,0,27.36,0
20160607,1465228800000,27.2,28.28,27.05,27.38,18264,50487117.0,0.0,0,27.35,0
20160608,1465315200000,27.330000000000002,27.6,26.810000000000002,27.380000000000003,12905,35220427.00000001,0.0,0,27.380000000000003,0
20160613,1465747200000,26.950000000000003,27.810000000000002,26.03,26.240000000000002,17870,48700184.00000001,0.0,0,27.380000000000003,0
20160614,1465833600000,25.849999999999998,26.96,25.7,25.919999999999998,9001,23470558.0,0.0,0,26.24,0
20160615,1465920000000,25.509999999999998,27.11,25.45,26.53,10728,28406453.0,0.0,0,25.919999999999998,0
20160616,1466006400000,26.740000000000002,27.250000000000004,26.330000000000002,26.880000000000003,10097,27063814.0,0.0,0,26.53,0
20160617,1466092800000,26.88,27.5,26.72,27.0,8333,22602521.0,0.0,0,26.88,0
20160620,1466352000000,27.19,27.37,26.55,26.82,6439,17253140.0,0.0,0,27.0,0
20160621,1466438400000,26.8,27.3,25.85,26.68,7213,19232436.0,0.0,0,26.82,0
20160622,1466524800000,26.3,27.080000000000002,26.3,26.8,7969,21373868.0,0.0,0,26.68,0
20160623,1466611200000,26.990000000000002,27.150000000000002,26.6,27.020000000000003,8827,23695613.0,0.0,0,26.8,0
20160624,1466697600000,27.0,27.0,25.52,26.47,9563,25305521.0,0.0,0,27.02,0
20160627,1466956800000,26.2,27.05,26.2,26.98,9489,25399628.0,0.0,0,26.47,0
20160628,1467043200000,26.970000000000002,27.770000000000003,26.76,27.75,20097,55095026.0,0.0,0,26.98,0
20160629,1467129600000,27.85,27.89,27.310000000000002,27.37,11833,32525752.0,0.0,0,27.750000000000004,0
20160630,1467216000000,27.369999999999997,27.599999999999998,26.79,26.81,15415,41649326.00000001,0.0,0,27.369999999999997,0
20160701,1467302400000,26.900000000000002,27.17,26.17,26.540000000000003,19515,51898705.0,0.0,0,26.810000000000002,0
20160704,1467561600000,26.24,29.189999999999998,26.22,29.189999999999998,64617,179903864.0,0.0,0,26.54,0
20160705,1467648000000,29.69,30.96,29.150000000000002,29.44,75096,225037434.0,0.0,0,29.19,0
20160706,1467734400000,29.8,29.880000000000003,28.8,29.21,29241,85350968.00000001,0.0,0,29.44,0
20160707,1467820800000,29.150000000000002,29.39,28.17,28.790000000000003,34700,99204743.0,0.0,0,29.21,0
20160708,1467907200000,28.8,29.15,28.34,28.79,34138,98377383.0,0.0,0,28.79,0
20160711,1468166400000,29.01,29.89,28.8,29.240000000000002,39391,115723082.00000001,0.0,0,28.79,0
20160712,1468252800000,29.03,29.39,28.5,28.82,29887,85767907.0,0.0,0,29.24,0
20160713,1468339200000,28.76,29.08,28.5,28.72,18435,52906737.0,0.0,0,28.82,0
20160714,1468425600000,28.78,28.98,28.580000000000002,28.790000000000003,15863,45657561.0,0.0,0,28.720000000000002,0
20160715,1468512000000,28.8,28.98,28.48,28.64,13974,40079269.00000001,0.0,0,28.79,0
20160718,1468771200000,28.3,28.69,28.1,28.21,12447,35200617.0,0.0,0,28.64,0
20160719,1468857600000,28.21,28.68,28.21,28.61,10294,29324805.0,0.0,0,28.21,0
20160720,1468944000000,28.66,28.759999999999998,28.13,28.3,12452,35382764.0,0.0,0,28.61,0
20160721,1469030400000,28.1,28.400000000000002,27.8,27.95,20170,56734148.00000001,0.0,0,28.3,0
20160722,1469116800000,28.130000000000003,28.14,26.8,27.150000000000002,19204,52922684.0,0.0,0,27.95,0
20160725,1469376000000,27.150000000000002,27.200000000000003,24.44,25.48,68359,175162337.00000003,0.0,0,27.150000000000002,0
20160726,1469462400000,25.29,26.66,24.95,26.24,43106,110535775.0,0.0,0,25.48,0
20160727,1469548800000,26.0,26.44,24.8,25.330000000000002,27884,71556052.00000001,0.0,0,26.240000000000002,0
20160728,1469635200000,25.3,25.759999999999998,24.7,24.87,24332,60933454.0,0.0,0,25.33,0
20160729,1469721600000,25.0,25.0,24.51,24.630000000000003,13130,32424028.000000004,0.0,0,24.87,0
20160801,1469980800000,24.540000000000003,24.540000000000003,23.740000000000002,23.96,14498,34730692.0,0.0,0,24.630000000000003,0
20160802,1470067200000,23.959999999999997,24.29,23.81,23.99,20043,48032517.0,0.0,0,23.959999999999997,0
20160803,1470153600000,23.94,24.23,23.8,24.19,15576,37513217.0,0.0,0,23.990000000000002,0
20160804,1470240000000,24.19,24.69,24.18,24.37,18725,45669925.0,0.0,0,24.19,0
20160805,1470326400000,24.33,24.5,24.2,24.45,10032,24429240.0,0.0,0,24.37,0
20160808,1470585600000,24.470000000000002,25.130000000000003,24.21,25.03,23298,57542475.00000001,0.0,0,24.45,0
20160809,1470672000000,25.180000000000003,25.19,24.900000000000002,25.1,15577,38992992.00000001,0.0,0,25.03,0
20160810,1470758400000,25.25,25.29,24.75,24.8,13582,33819775.0,0.0,0,25.1,0
20160811,1470844800000,24.8,24.95,24.07,24.31,18715,45637160.0,0.0,0,24.8,0
20160812,1470931200000,24.27,24.79,24.13,24.599999999999998,8925,21791537.0,0.0,0,24.31,0
20160815,1471190400000,24.76,25.17,24.400000000000002,24.880000000000003,21881,54275928.0,0.0,0,24.6,0
20160816,1471276800000,24.8,25.11,24.8,25.0,18983,47377806.00000001,0.0,0,24.88,0
20160817,1471363200000,25.09,25.16,24.75,24.9,13397,33381011.0,0.0,0,25.0,0
20160818,1471449600000,24.95,25.099999999999998,24.77,24.95,13628,33934682.0,0.0,0,24.9,0
20160819,1471536000000,24.950000000000003,25.070000000000004,24.810000000000002,24.92,8818,21965278.0,0.0,0,24.950000000000003,0
20160822,1471795200000,24.880000000000003,24.880000000000003,24.400000000000002,24.490000000000002,21436,53052565.00000001,0.0,0,24.92,0
20160823,1471881600000,24.58,25.47,24.5,25.03,29615,74515058.0,0.0,0,24.49,0
20160824,1471968000000,25.18,25.220000000000002,24.8,25.01,16408,40916054.0,0.0,0,25.03,0
20160825,1472054400000,24.810000000000002,25.080000000000002,24.400000000000002,24.92,17245,42579117.00000001,0.0,0,25.01,0
20160826,1472140800000,25.12,25.12,24.7,24.86,12858,31989485.000000004,0.0,0,24.919999999999998,0
20160829,1472400000000,24.72,25.06,24.68,24.759999999999998,12882,31959333.999999996,0.0,0,24.86,0
20160830,1472486400000,24.8,24.860000000000003,24.580000000000002,24.700000000000003,10240,25305423.000000004,0.0,0,24.76,0
20160831,1472572800000,24.71,24.85,24.6,24.810000000000002,9520,23563681.0,0.0,0,24.700000000000003,0
20160901,1472659200000,24.82,25.110000000000003,24.69,24.82,17725,44189037.0,0.0,0,24.810000000000002,0
20160902,1472745600000,24.77,24.900000000000002,24.71,24.79,8546,21183594.0,0.0,0,24.82,0
20160905,1473004800000,24.92,24.94,24.650000000000002,24.73,11265,27921914.0,0.0,0,24.790000000000003,0
20160906,1473091200000,24.73,24.94,24.46,24.85,14329,35388489.99999999,0.0,0,24.73,0
20160907,1473177600000,24.85,26.1,24.85,25.400000000000002,45740,116830082.00000001,0.0,0,24.85,0
20160908,1473264000000,25.3,25.34,25.02,25.32,24249,61127262.0,0.0,0,25.4,0
20160909,1473350400000,25.200000000000003,25.400000000000002,25.03,25.05,19518,49216449.00000001,0.0,0,25.32,0
20160912,1473609600000,24.810000000000002,24.810000000000002,24.080000000000002,24.090000000000003,19013,46262534.0,0.0,0,25.05,0
20160913,1473696000000,24.21,24.43,24.04,24.4,10050,24406625.0,0.0,0,24.09,0
20160914,1473782400000,24.360000000000003,24.880000000000003,24.060000000000002,24.64,14693,36038107.0,0.0,0,24.400000000000002,0
20160919,1474214400000,24.68,25.25,24.68,25.18,17077,42709533.0,0.0,0,24.64,0
20160920,1474300800000,25.15,25.259999999999998,24.7,24.72,12981,32395639.0,0.0,0,25.18,0
20160921,1474387200000,24.720000000000002,24.96,24.560000000000002,24.700000000000003,6692,16580223.000000002,0.0,0,24.720000000000002,0
20160922,1474473600000,24.7,25.2,24.7,24.73,10053,24971692.0,0.0,0,24.7,0
20160923,1474560000000,24.81,25.5,24.77,25.18,24485,61604810.99999999,0.0,0,24.73,0
20160926,1474819200000,25.23,25.6,24.900000000000002,24.92,21712,54881720.0,0.0,0,25.180000000000003,0
20160927,1474905600000,24.8,24.84,24.45,24.8,16888,41548151.0,0.0,0,24.919999999999998,0
20160928,1474992000000,24.810000000000002,25.150000000000002,24.580000000000002,25.07,17438,43393277.99999999,0.0,0,24.8,0
20160929,1475078400000,25.18,25.18,24.73,24.84,12303,30713082.0,0.0,0,25.07,0
20160930,1475164800000,24.820000000000004,24.89,24.650000000000002,24.740000000000002,8184,20264428.000000004,0.0,0,24.840000000000003,0
20161010,1476028800000,24.8,25.19,24.66,25.18,20452,51094281.0,0.0,0,24.74,0
20161011,1476115200000,25.18,25.45,25.05,25.13,21410,53992872.0,0.0,0,25.18,0
20161012,1476201600000,25.03,26.77,24.96,26.6,65284,168729682.00000003,0.0,0,25.130000000000003,0
20161013,1476288000000,26.11,27.57,26.11,26.82,72076,192484133.0,0.0,0,26.599999999999998,0
20161014,1476374400000,26.500000000000004,27.500000000000004,26.150000000000002,26.540000000000003,46873,125050567.0,0.0,0,26.820000000000004,0
20161017,1476633600000,26.55,27.3,26.060000000000002,26.39,38830,103760517.00000001,0.0,0,26.540000000000003,0
20161018,1476720000000,26.3,27.099999999999998,26.04,27.029999999999998,44423,118893142.0,0.0,0,26.39,0
20161019,1476806400000,27.52,27.96,26.77,27.09,40554,110347496.0,0.0,0,27.03,0
20161020,1476892800000,26.930000000000003,28.5,26.92,28.080000000000002,76366,212984535.0,0.0,0,27.090000000000003,0
20161021,1476979200000,27.89,28.3,27.150000000000002,27.680000000000003,40601,112352105.0,0.0,0,28.080000000000002,0
20161024,1477238400000,27.87,27.87,27.21,27.28,28406,77731184.0,0.0,0,27.68,0
20161025,1477324800000,27.28,27.930000000000003,27.01,27.89,38870,106573291.0,0.0,0,27.28,0
20161026,1477411200000,27.900000000000002,28.44,27.580000000000002,28.410000000000004,54141,152268689.0,0.0,0,27.89,0
20161027,1477497600000,28.279999999999998,28.939999999999998,28.22,28.77,48409,139150595.00000003,0.0,0,28.41,0
20161028,1477584000000,28.53,29.12,28.150000000000002,28.950000000000003,34902,100277491.0,0.0,0,28.770000000000003,0
20161031,1477843200000,28.87,29.8,28.57,29.69,44892,131325375.0,0.0,0,28.95,0
20161101,1477929600000,29.69,29.950000000000003,29.400000000000002,29.69,33337,98832088.0,0.0,0,29.69,0
20161102,1478016000000,29.78,30.46,29.42,29.790000000000003,30200,90039650.0,0.0,0,29.69,0
20161103,1478102400000,29.590000000000003,30.200000000000003,29.17,29.610000000000003,31921,94569809.0,0.0,0,29.790000000000003,0
20161104,1478188800000,29.68,29.95,29.2,29.439999999999998,29791,87655524.00000001,0.0,0,29.61,0
20161107,1478448000000,29.36,29.47,28.63,28.9,16081,46471245.0,0.0,0,29.439999999999998,0
20161108,1478534400000,29.07,29.68,28.86,29.64,22392,65821581.0,0.0,0,28.9,0
20161109,1478620800000,29.650000000000002,29.970000000000002,29.01,29.540000000000003,20009,59044222.0,0.0,0,29.64,0
20161110,1478707200000,29.75,30.330000000000002,29.6,30.110000000000003,25990,77926494.99999999,0.0,0,29.540000000000003,0
20161111,1478793600000,30.0,30.3,29.75,30.04,16058,48245688.00000001,0.0,0,30.11,0
20161114,1479052800000,30.04,30.21,29.84,30.14,12976,38944939.99999999,0.0,0,30.04,0
20161115,1479139200000,30.1,30.360000000000003,29.69,29.78,11967,35904622.0,0.0,0,30.14,0
20161116,1479225600000,29.8,29.94,29.5,29.83,10357,30848446.000000004,0.0,0,29.78,0
20161117,1479312000000,29.820000000000004,31.800000000000004,29.560000000000002,30.820000000000004,22325,68658496.0,0.0,0,29.830000000000002,0
20161118,1479398400000,30.8,31.1,30.41,30.64,9691,29734342.0,0.0,0,30.82,0
20161121,1479657600000,30.64,30.8,29.8,30.59,23931,72666746.0,0.0,0,30.64,0
20161122,1479744000000,30.5,30.66,29.97,30.36,8150,24706815.0,0.0,0,30.59,0
20161123,1479830400000,30.39,30.65,29.95,30.05,12018,36414740.0,0.0,0,30.36,0
20161124,1479916800000,30.14,30.14,29.19,29.23,15717,46417263.00000001,0.0,0,30.05,0
20161125,1480003200000,29.259999999999998,29.63,28.29,29.39,14010,40828001.0,0.0,0,29.23,0
20161128,1480262400000,29.650000000000002,30.55,29.35,29.970000000000002,17860,53571620.0,0.0,0,29.39,0
20161129,1480348800000,30.07,30.28,28.900000000000002,28.970000000000002,12951,38324320.0,0.0,0,29.970000000000002,0
20161130,1480435200000,28.93,29.23,28.38,29.02,7919,22868949.0,0.0,0,28.97,0
20161201,1480521600000,29.03,29.270000000000003,27.900000000000002,28.650000000000002,25748,73341480.0,0.0,0,29.020000000000003,0
20161202,1480608000000,28.78,28.8,27.45,27.509999999999998,12632,35474176.0,0.0,0,28.65,0
20161205,1480867200000,27.15,27.75,27.02,27.43,7063,19438171.0,0.0,0,27.509999999999998,0
20161206,1480953600000,27.34,27.95,27.34,27.63,8098,22446111.000000004,0.0,0,27.43,0
20161207,1481040000000,27.93,28.85,27.5,28.74,16936,48170650.00000001,0.0,0,27.63,0
20161208,1481126400000,28.400000000000002,29.360000000000003,28.400000000000002,29.160000000000004,25836,75140628.00000001,0.0,0,28.740000000000002,0
20161209,1481212800000,29.1,29.330000000000002,28.69,28.810000000000002,8930,25887832.999999996,0.0,0,29.16,0
20161212,1481472000000,28.82,29.1,28.12,28.830000000000002,32364,93033389.99999999,0.0,0,28.810000000000002,0
20161213,1481558400000,28.810000000000002,28.900000000000002,27.55,28.87,15285,43501250.0,0.0,0,28.830000000000002,0
20161214,1481644800000,28.88,28.9,28.2,28.25,13116,37393119.99999999,0.0,0,28.87,0
20161215,1481731200000,28.000000000000004,28.250000000000004,27.330000000000002,27.810000000000002,17286,47955788.00000001,0.0,0,28.250000000000004,0
20161216,1481817600000,27.7,28.43,27.54,28.41,17273,48401298.0,0.0,0,27.81,0
20161219,1482076800000,28.630000000000003,28.630000000000003,27.67,27.790000000000003,9581,26827481.0,0.0,0,28.41,0
20161220,1482163200000,27.75,28.150000000000002,27.53,28.080000000000002,8847,24744449.0,0.0,0,27.790000000000003,0
20161221,1482249600000,28.169999999999998,29.59,28.02,29.48,33861,98047179.00000001,0.0,0,28.08,0
20161222,1482336000000,29.75,29.95,29.27,29.82,25642,76032849.0,0.0,0,29.48,0
20161223,1482422400000,29.82,30.1,29.27,29.99,20943,62272287.0,0.0,0,29.82,0
20161226,1482681600000,29.73,29.860000000000003,29.19,29.62,11812,34862244.00000001,0.0,0,29.990000000000002,0
20161227,1482768000000,29.35,30.16,29.35,29.630000000000003,15623,46546093.99999999,0.0,0,29.62,0
20161228,1482854400000,29.63,29.89,29.22,29.52,8804,25989611.000000004,0.0,0,29.63,0
20161229,1482940800000,29.35,30.200000000000003,29.35,30.200000000000003,23807,71252174.0,0.0,0,29.520000000000003,0
20161230,1483027200000,30.44,30.6,29.82,30.17,14642,44111147.0,0.0,0,30.2,0
20170103,1483372800000,30.17,30.340000000000003,29.830000000000002,30.3,19677,59345712.00000001,0.0,0,30.17,0
20170104,1483459200000,30.419999999999998,30.83,30.13,30.82,35954,109848541.0,0.0,0,30.3,0
20170105,1483545600000,30.79,31.53,30.3,31.2,34450,107169941.0,0.0,0,30.82,0
20170106,1483632000000,33.58,34.32,33.3,34.32,90511,309995318.0,0.0,0,31.199999999999996,0
20170109,1483891200000,33.89,37.0,31.92,35.690000000000005,166516,588337407.0,0.0,0,34.32,0
20170110,1483977600000,35.00000000000001,37.760000000000005,34.660000000000004,36.370000000000005,142673,519838267.0,0.0,0,35.690000000000005,0
20170111,1484064000000,36.0,37.04,34.72,36.62,94454,341860313.0,0.0,0,36.37,0
20170112,1484150400000,35.67,37.65,35.67,36.24,71681,264394398.00000003,0.0,0,36.620000000000005,0
20170113,1484236800000,36.4,36.4,34.12,36.22,45561,161867881.0,0.0,0,36.239999999999995,0
20170116,1484496000000,35.50000000000001,35.96000000000001,34.300000000000004,35.290000000000006,46208,162606027.0,0.0,0,36.220000000000006,0
20170117,1484582400000,35.29,38.82,34.89,37.55,66667,250950534.99999997,0.0,0,35.29,0
20170118,1484668800000,36.8,38.2,36.0,37.93,54251,201826615.0,0.0,0,37.55,0
20170119,1484755200000,37.03,37.7,35.18,35.51,42064,153287606.0,0.0,0,37.93,0
20170120,1484841600000,34.800000000000004,36.330000000000005,34.77,35.800000000000004,23175,82697762.0,0.0,0,35.510000000000005,0
20170123,1485100800000,36.05,36.36,35.22,35.32,19799,70950996.0,0.0,0,35.8,0
20170124,1485187200000,34.870000000000005,36.00000000000001,33.980000000000004,35.650000000000006,29900,104853036.0,0.0,0,35.32000000000001,0
20170125,1485273600000,35.410000000000004,38.400000000000006,35.410000000000004,36.25000000000001,32874,120508663.0,0.0,0,35.650000000000006,0
20170126,1485360000000,35.99,37.5,35.6,37.25,34808,128549091.0,0.0,0,36.25,0
20170203,1486051200000,37.3,38.96,36.9,37.96,44028,168067554.0,0.0,0,37.25,0
20170206,1486310400000,37.910000000000004,38.6,37.2,38.160000000000004,28900,109634067.0,0.0,0,37.96,0
20170207,1486396800000,38.01,39.2,37.18,37.29,35549,136059720.0,0.0,0,38.16,0
20170208,1486483200000,37.06,37.690000000000005,36.45,37.34,22101,82352611.0,0.0,0,37.290000000000006,0
20170209,1486569600000,37.1,38.5,36.86,38.47,25205,94759271.0,0.0,0,37.339999999999996,0
20170210,1486656000000,38.29,39.16,37.87,38.19,34209,131932616.00000001,0.0,0,38.47,0
20170213,1486915200000,37.95,38.370000000000005,37.35,37.82,19421,73337660.0,0.0,0,38.190000000000005,0
20170214,1487001600000,37.64,38.13,36.68,36.81,25672,95632326.00000001,0.0,0,37.82,0
20170215,1487088000000,36.75,37.35,35.85,37.18,28392,103989988.00000001,0.0,0,36.81,0
20170216,1487174400000,37.18,38.050000000000004,36.81,37.6,23485,88164404.0,0.0,0,37.18,0
20170217,1487260800000,37.550000000000004,37.92,37.03,37.59,14325,53696697.0,0.0,0,37.6,0
20170220,1487520000000,37.410000000000004,37.85,37.230000000000004,37.620000000000005,9356,35103497.0,0.0,0,37.59,0
20170221,1487606400000,37.71,38.26,37.1,37.15,18379,69107554.0,0.0,0,37.620000000000005,0
20170222,1487692800000,36.980000000000004,37.29,35.88,35.95,21507,78400317.0,0.0,0,37.150000000000006,0
20170223,1487779200000,36.0,36.4,35.75,36.1,10030,36128011.0,0.0,0,35.95,0
20170224,1487865600000,36.1,36.17,35.7,36.13,7418,26663407.000000004,0.0,0,36.1,0
20170227,1488124800000,36.15,36.15,35.0,35.06,14203,50481958.0,0.0,0,36.13,0
20170228,1488211200000,35.5,35.68,34.6,35.21,28350,99478479.0,0.0,0,35.06,0
20170301,1488297600000,35.28,35.400000000000006,33.34,34.27,32566,112705242.00000001,0.0,0,35.21,0
20170302,1488384000000,34.43,34.72,32.6,33.660000000000004,30457,102007806.99999999,0.0,0,34.27,0
20170303,1488470400000,33.47,33.900000000000006,32.24,33.72,46010,151952251.0,0.0,0,33.660000000000004,0
20170306,1488729600000,33.71,34.089999999999996,33.18,33.74,19648,66357464.0,0.0,0,33.72,0
20170307,1488816000000,33.75,33.949999999999996,33.05,33.25,17434,58353444.0,0.0,0,33.739999999999995,0
20170308,1488902400000,33.230000000000004,33.650000000000006,32.81,33.54,17692,58976821.00000001,0.0,0,33.25,0
20170309,1488988800000,33.5,33.5,33.07,33.36,23195,77231327.0,0.0,0,33.54,0
20170310,1489075200000,33.3,33.65,33.15,33.4,28065,93753523.00000001,0.0,0,33.36,0
20170313,1489334400000,33.43,34.69,32.89,34.4,73058,247163838.0,0.0,0,33.4,0
20170314,1489420800000,34.24,34.900000000000006,33.980000000000004,34.480000000000004,55014,188671097.0,0.0,0,34.400000000000006,0
20170315,1489507200000,34.199999999999996,34.949999999999996,34.05,34.86,73285,253164982.0,0.0,0,34.48,0
20170316,1489593600000,34.86,35.650000000000006,34.7,35.330000000000005,49513,174466873.0,0.0,0,34.86,0
20170317,1489680000000,35.25000000000001,35.900000000000006,34.910000000000004,34.95,29995,105990250.0,0.0,0,35.330000000000005,0
20170320,1489939200000,34.96,35.29,34.67,35.18,39953,140055051.0,0.0,0,34.95,0
20170321,1490025600000,35.160000000000004,35.89,35.1,35.440000000000005,22433,79708285.0,0.0,0,35.18,0
20170322,1490112000000,35.260000000000005,35.39,34.910000000000004,35.13,19206,67393958.0,0.0,0,35.440000000000005,0
20170323,1490198400000,35.1,35.300000000000004,34.800000000000004,35.17,16811,59024541.0,0.0,0,35.13,0
20170324,1490284800000,35.17,36.550000000000004,35.09,36.510000000000005,40592,145355082.0,0.0,0,35.17,0
20170327,1490544000000,36.51,38.6,36.1,37.34,85877,321019800.0,0.0,0,36.51,0
20170328,1490630400000,37.11,37.59,36.67,37.31,47362,176090942.0,0.0,0,37.34,0
20170329,1490716800000,37.010000000000005,39.02,36.81,38.34,81102,306619334.0,0.0,0,37.31,0
20170330,1490803200000,37.9,38.65,36.17,37.13,59192,223448522.0,0.0,0,38.34,0
20170331,1490889600000,37.13,37.35,36.28,36.82,22797,83778063.0,0.0,0,37.13,0
20170405,1491321600000,36.6,37.14,36.5,36.97,19273,71109364.0,0.0,0,36.82,0
20170406,1491408000000,36.85,37.0,36.27,36.67,17568,64415091.00000001,0.0,0,36.970000000000006,0
20170407,1491494400000,36.65,37.0,36.17,36.300000000000004,32671,119656460.99999999,0.0,0,36.67,0
20170410,1491753600000,36.28,36.580000000000005,34.31,34.550000000000004,27287,96501982.0,0.0,0,36.300000000000004,0
20170411,1491840000000,34.5,35.900000000000006,33.45,35.370000000000005,48726,169404043.0,0.0,0,34.550000000000004,0
20170412,1491926400000,35.2,36.300000000000004,34.78,34.88,24862,88800302.0,0.0,0,35.370000000000005,0
20170413,1492012800000,34.6,34.97,33.71,34.410000000000004,37205,127135440.0,0.0,0,34.88,0
20170414,1492099200000,34.41,36.82,31.13,36.35,74139,265476353.0,0.0,0,34.41,0
20170417,1492358400000,36.300000000000004,37.09,35.81,36.07,51016,185910976.0,0.0,0,36.35,0
20170418,1492444800000,35.61,36.0,33.0,35.83,43524,152233012.0,0.0,0,36.07,0
20170419,1492531200000,35.58,35.69,34.19,35.39,31752,111179777.0,0.0,0,35.83,0
20170420,1492617600000,35.599999999999994,35.66,33.3,34.98,22682,78801646.0,0.0,0,35.39,0
20170421,1492704000000,35.0,35.300000000000004,34.1,34.29,16834,58694349.0,0.0,0,34.980000000000004,0
20170424,1492963200000,34.29,34.29,30.86,30.86,18614,58321191.00000001,0.0,0,34.29,0
20170425,1493049600000,27.77,27.77,27.77,27.77,3509,9744493.000000002,0.0,0,30.86,0
20170426,1493136000000,24.990000000000002,30.0,24.990000000000002,27.78,92640,244093501.0,0.0,0,27.770000000000003,0
20170427,1493222400000,26.88,27.81,25.2,26.93,41163,109151142.0,0.0,0,27.78,0
20170428,1493308800000,26.8,27.78,26.32,27.27,42897,117565381.00000001,0.0,0,26.93,0
20170502,1493654400000,27.18,28.0,26.77,27.52,29735,82111697.0,0.0,0,27.27,0
20170503,1493740800000,27.52,27.89,27.03,27.14,30500,83682932.0,0.0,0,27.52,0
20170504,1493827200000,27.16,27.5,26.25,26.68,20388,54699269.0,0.0,0,27.14,0
20170505,1493913600000,26.520000000000003,26.94,25.810000000000002,25.85,14441,38010780.0,0.0,0,26.680000000000003,0
20170508,1494172800000,25.85,26.25,25.32,25.43,14173,36242397.0,0.0,0,25.85,0
20170509,1494259200000,25.310000000000002,26.560000000000002,25.3,26.55,22089,57490900.00000001,0.0,0,25.43,0
20170510,1494345600000,26.41,26.92,26.05,26.05,15247,40252213.0,0.0,0,26.55,0
20170511,1494432000000,26.02,26.490000000000002,24.05,26.01,15083,38627249.0,0.0,0,26.05,0
20170512,1494518400000,25.8,26.09,25.2,25.61,7628,19589914.0,0.0,0,26.009999999999998,0
20170515,1494777600000,25.67,25.910000000000004,24.900000000000002,25.55,16759,42361487.0,0.0,0,25.610000000000003,0
20170516,1494864000000,25.53,25.880000000000003,25.12,25.67,13647,34705037.0,0.0,0,25.55,0
20170517,1494950400000,25.67,26.46,25.35,25.830000000000002,18538,47954029.0,0.0,0,25.67,0
20170518,1495036800000,25.3,25.880000000000003,25.080000000000002,25.17,12662,32173358.0,0.0,0,25.830000000000002,0
20170519,1495123200000,25.17,25.8,25.05,25.34,11498,29265196.0,0.0,0,25.17,0
20170522,1495382400000,25.33,25.5,24.5,24.58,10406,26129355.0,0.0,0,25.34,0
20170523,1495468800000,24.56,24.979999999999997,22.31,24.79,42243,100487811.0,0.0,0,24.58,0
20170524,1495555200000,24.060000000000002,24.89,23.8,24.7,14955,36649110.00000001,0.0,0,24.79,0
20170525,1495641600000,24.880000000000003,24.880000000000003,24.21,24.45,13961,34240808.0,0.0,0,24.7,0
20170526,1495728000000,25.080000000000002,25.28,24.53,24.700000000000003,27624,68586978.0,0.0,0,24.450000000000003,0
20170531,1496160000000,24.75,25.11,23.88,24.419999999999998,12548,30577975.000000004,0.0,0,24.7,0
20170601,1496246400000,24.59,24.93,23.71,24.84,20402,49775877.0,0.0,0,24.42,0
20170602,1496332800000,25.15,25.15,23.88,24.98,34898,85259260.0,0.0,0,24.84,0
20170605,1496592000000,24.9,25.16,23.63,25.02,60087,146327444.0,0.0,0,24.98,0
20170606,1496678400000,24.900000000000002,24.900000000000002,24.310000000000002,24.610000000000003,28565,70131077.00000001,0.0,0,25.020000000000003,0
20170607,1496764800000,24.599999999999998,24.86,24.13,24.669999999999998,30044,73812139.0,0.0,0,24.61,0
20170608,1496851200000,24.8,24.83,24.2,24.669999999999998,24017,59078085.0,0.0,0,24.669999999999998,0
20170609,1496937600000,24.509999999999998,24.939999999999998,24.2,24.849999999999998,26890,66395075.99999999,0.0,0,24.669999999999998,0
20170612,1497196800000,24.85,25.880000000000003,24.8,25.85,60237,153858377.00000003,0.0,0,24.85,0
20170613,1497283200000,25.6,26.6,25.46,26.51,65590,172045885.0,0.0,0,25.85,0
20170614,1497369600000,27.2,27.2,25.95,26.39,39092,103134014.0,0.0,0,26.509999999999998,0
20170615,1497456000000,26.2,26.59,26.0,26.18,25820,67718686.99999999,0.0,0,26.39,0
20170616,1497542400000,26.2,26.3,26.07,26.15,14915,39043191.0,0.0,0,26.18,0
20170619,1497801600000,26.35,26.400000000000002,26.01,26.330000000000002,27096,71035698.99999999,0.0,0,26.150000000000002,0
20170620,1497888000000,26.3,26.360000000000003,26.060000000000002,26.090000000000003,23342,61089627.00000001,0.0,0,26.330000000000002,0
20170621,1497974400000,26.290000000000003,26.55,26.12,26.39,39610,104020846.00000001,0.0,0,26.09,0
20170622,1498060800000,26.400000000000002,27.19,26.150000000000002,26.740000000000002,64497,172215494.0,0.0,0,26.39,0
20170623,1498147200000,26.57,27.970000000000002,26.37,27.89,81521,222384798.0,0.0,0,26.740000000000002,0
20170626,1498406400000,27.43,27.93,27.43,27.66,60043,166552464.0,0.0,0,27.89,0
20170627,1498492800000,27.57,28.0,27.37,27.71,53144,147313983.0,0.0,0,27.66,0
20170628,1498579200000,27.72,27.72,27.0,27.08,37967,104586822.0,0.0,0,27.71,0
20170629,1498665600000,27.270000000000003,27.69,27.080000000000002,27.400000000000002,48285,132442157.00000001,0.0,0,27.080000000000002,0
20170630,1498752000000,27.37,27.37,26.5,27.11,47550,128407087.0,0.0,0,27.4,0
20170703,1499011200000,27.1,27.19,26.650000000000002,26.78,32604,87690580.0,0.0,0,27.110000000000003,0
20170704,1499097600000,26.860000000000003,26.96,26.69,26.720000000000002,13924,37276779.0,0.0,0,26.78,0
20170705,1499184000000,26.72,26.94,26.59,26.8,15863,42481631.0,0.0,0,26.72,0
20170706,1499270400000,26.85,27.5,26.28,27.37,31412,84347432.0,0.0,0,26.8,0
20170707,1499356800000,27.099999999999998,27.74,26.86,27.37,37992,103886312.0,0.0,0,27.37,0
20170710,1499616000000,27.3,27.88,27.25,27.65,47573,131607482.0,0.0,0,27.37,0
20170711,1499702400000,27.74,28.18,27.2,27.86,53238,147797798.0,0.0,0,27.65,0
20170712,1499788800000,27.72,28.5,27.64,28.36,64508,181638386.0,0.0,0,27.86,0
20170713,1499875200000,28.430000000000003,28.970000000000002,28.060000000000002,28.430000000000003,52020,148088661.00000003,0.0,0,28.360000000000003,0
20170714,1499961600000,28.42,28.75,27.8,28.3,42162,119390898.0,0.0,0,28.43,0
20170717,1500220800000,28.31,28.58,25.47,27.47,45452,123925733.99999999,0.0,0,28.299999999999997,0
20170718,1500307200000,27.0,27.98,26.29,27.71,58253,158082142.0,0.0,0,27.47,0
20170719,1500393600000,27.31,28.3,27.07,27.82,44869,124790445.99999999,0.0,0,27.71,0
20170720,1500480000000,27.570000000000004,29.360000000000003,27.400000000000002,29.14,110163,315300738.00000006,0.0,0,27.820000000000004,0
20170721,1500566400000,29.099999999999998,29.45,28.61,29.34,89195,259032738.0,0.0,0,29.14,0
20170724,1500825600000,30.28,30.880000000000003,29.560000000000002,29.830000000000002,119993,360427797.0,0.0,0,29.340000000000003,0
20170725,1500912000000,29.53,29.99,28.75,28.87,62331,181611679.0,0.0,0,29.83,0
20170726,1500998400000,28.68,28.88,28.07,28.31,42446,120202981.0,0.0,0,28.87,0
20170727,1501084800000,28.200000000000003,28.59,27.6,28.450000000000003,44975,126344826.0,0.0,0,28.310000000000002,0
20170728,1501171200000,28.130000000000003,28.26,27.76,27.860000000000003,31618,88480930.0,0.0,0,28.450000000000003,0
20170731,1501430400000,27.94,28.080000000000002,26.62,27.52,63307,171712622.00000003,0.0,0,27.86,0
20170801,1501516800000,27.94,27.94,26.93,27.5,46017,126109474.0,0.0,0,27.52,0
20170802,1501603200000,27.169999999999998,27.41,26.27,26.91,48652,130417629.0,0.0,0,27.5,0
20170803,1501689600000,26.89,27.31,26.36,27.23,37315,100069989.0,0.0,0,26.91,0
20170804,1501776000000,27.11,29.4,26.88,28.509999999999998,97401,271100700.0,0.0,0,27.23,0
20170807,1502035200000,28.02,28.18,27.43,27.83,41431,114981382.0,0.0,0,28.509999999999998,0
20170808,1502121600000,27.700000000000003,27.900000000000002,27.1,27.6,38392,105358739.0,0.0,0,27.830000000000002,0
20170809,1502208000000,27.77,27.77,27.05,27.46,28606,78055452.0,0.0,0,27.6,0
20170810,1502294400000,27.4,27.79,27.0,27.33,26828,73385256.0,0.0,0,27.46,0
20170811,1502380800000,27.0,27.49,26.75,27.34,34334,93290753.00000001,0.0,0,27.33,0
20170814,1502640000000,27.1,27.6,27.01,27.490000000000002,38012,104202306.0,0.0,0,27.34,0
20170815,1502726400000,27.4,27.57,27.16,27.330000000000002,26495,72577379.0,0.0,0,27.49,0
20170816,1502812800000,27.27,27.46,27.03,27.150000000000002,18043,49056804.0,0.0,0,27.330000000000002,0
20170817,1502899200000,27.2,27.55,27.09,27.28,32996,90378313.0,0.0,0,27.15,0
20170818,1502985600000,27.250000000000004,27.89,27.080000000000002,27.78,48653,134220746.0,0.0,0,27.28,0
20170821,1503244800000,27.81,28.47,27.77,27.89,43715,122859822.00000001,0.0,0,27.78,0
20170822,1503331200000,28.04,28.04,27.21,27.26,34892,95549209.0,0.0,0,27.89,0
20170823,1503417600000,27.230000000000004,27.44,27.060000000000002,27.12,17197,46749948.0,0.0,0,27.26,0
20170824,1503504000000,27.12,27.47,26.5,27.11,33862,91159053.00000001,0.0,0,27.12,0
20170825,1503590400000,26.97,27.43,26.66,27.35,33129,89612689.0,0.0,0,27.11,0
20170828,1503849600000,27.080000000000002,27.560000000000002,27.03,27.27,19461,53152155.0,0.0,0,27.35,0
20170829,1503936000000,27.150000000000002,27.51,27.14,27.23,14169,38649948.0,0.0,0,27.27,0
20170830,1504022400000,27.150000000000002,27.38,26.8,26.87,15047,40618359.0,0.0,0,27.23,0
20170831,1504108800000,26.790000000000003,27.090000000000003,26.400000000000002,26.610000000000003,22413,59689000.0,0.0,0,26.87,0
20170901,1504195200000,26.599999999999998,27.1,26.27,26.97,35171,93666884.0,0.0,0,26.61,0
20170904,1504454400000,26.64,26.92,26.5,26.75,18312,48962943.0,0.0,0,26.97,0
20170905,1504540800000,26.73,26.830000000000002,26.400000000000002,26.48,16368,43405666.00000001,0.0,0,26.750000000000004,0
20170906,1504627200000,26.41,26.630000000000003,26.1,26.39,17373,45748750.0,0.0,0,26.48,0
20170907,1504713600000,26.35,26.45,26.25,26.38,26040,68658075.0,0.0,0,26.39,0
20170908,1504800000000,26.29,27.419999999999998,26.29,27.31,44789,120452751.99999999,0.0,0,26.38,0
20170911,1505059200000,27.490000000000002,27.53,26.96,27.060000000000002,15690,42565208.0,0.0,0,27.310000000000002,0
20170912,1505145600000,27.060000000000002,27.16,26.71,26.900000000000002,16883,45349695.0,0.0,0,27.060000000000002,0
20170913,1505232000000,26.7,26.98,26.55,26.810000000000002,10811,28964337.0,0.0,0,26.900000000000002,0
20170914,1505318400000,26.81,27.0,26.52,26.759999999999998,17106,45761238.0,0.0,0,26.81,0
20170915,1505404800000,26.59,27.37,26.59,27.3,20922,56615285.0,0.0,0,26.76,0
20170918,1505664000000,27.28,27.29,26.98,27.05,11048,29922020.0,0.0,0,27.3,0
20170919,1505750400000,27.1,27.3,26.82,26.85,10372,27969901.0,0.0,0,27.05,0
20170920,1505836800000,26.860000000000003,27.18,26.69,26.85,18408,49452998.0,0.0,0,26.85,0
20170921,1505923200000,26.89,27.0,26.7,26.86,16285,43717633.0,0.0,0,26.849999999999998,0
20170922,1506009600000,26.96,26.96,26.57,26.73,8626,23100777.000000004,0.0,0,26.86,0
20170925,1506268800000,26.99,27.2,26.75,26.84,25827,69804238.0,0.0,0,26.73,0
20170926,1506355200000,26.63,26.84,26.13,26.65,18485,48819699.0,0.0,0,26.84,0
20170927,1506441600000,26.419999999999998,26.62,26.34,26.419999999999998,8218,21744792.0,0.0,0,26.65,0
20170928,1506528000000,26.490000000000002,26.85,26.150000000000002,26.330000000000002,15610,41329069.0,0.0,0,26.42,0
20170929,1506614400000,26.430000000000003,26.430000000000003,26.150000000000002,26.17,9934,26065158.000000004,0.0,0,26.330000000000002,0
20171009,1507478400000,26.31,26.47,26.16,26.36,10178,26777706.0,0.0,0,26.17,0
20171010,1507564800000,26.43,26.65,26.22,26.48,12264,32448939.0,0.0,0,26.36,0
20171011,1507651200000,26.5,26.680000000000003,26.42,26.650000000000002,13312,35373724.0,0.0,0,26.48,0
20171012,1507737600000,26.64,26.64,26.2,26.349999999999998,14128,37291498.0,0.0,0,26.65,0
20171013,1507824000000,26.380000000000003,26.5,26.21,26.39,10627,28015532.0,0.0,0,26.35,0
20171016,1508083200000,26.5,26.53,25.64,25.77,13436,35045022.00000001,0.0,0,26.39,0
20171017,1508169600000,25.8,25.85,25.43,25.74,9866,25298223.0,0.0,0,25.77,0
20171018,1508256000000,25.700000000000003,26.51,25.51,25.770000000000003,21566,55661303.99999999,0.0,0,25.740000000000002,0
20171019,1508342400000,25.68,25.68,24.6,24.8,14214,35619363.00000001,0.0,0,25.770000000000003,0
20171020,1508428800000,24.610000000000003,25.180000000000003,24.51,25.080000000000002,13489,33383053.000000004,0.0,0,24.8,0
20171023,1508688000000,24.89,25.11,24.73,25.09,9141,22757568.999999996,0.0,0,25.080000000000002,0
20171024,1508774400000,24.900000000000002,25.1,24.42,24.790000000000003,13954,34548129.0,0.0,0,25.090000000000003,0
20171025,1508860800000,24.67,24.970000000000002,24.67,24.900000000000002,7710,19123993.0,0.0,0,24.790000000000003,0
20171026,1508947200000,24.8,24.900000000000002,24.6,24.84,15608,38563799.00000001,0.0,0,24.900000000000002,0
20171027,1509033600000,24.75,24.79,24.5,24.55,9563,23573295.0,0.0,0,24.84,0
20171030,1509292800000,24.53,24.55,23.0,23.41,19791,46579547.0,0.0,0,24.55,0
20171031,1509379200000,23.380000000000003,23.380000000000003,22.96,23.05,17180,39670875.00000001,0.0,0,23.41,0
20171101,1509465600000,22.87,22.990000000000002,22.39,22.400000000000002,27028,61219477.00000001,0.0,0,23.05,0
20171102,1509552000000,22.27,22.35,21.71,21.990000000000002,25165,55375742.0,0.0,0,22.400000000000002,0
20171103,1509638400000,21.830000000000002,21.95,21.07,21.27,28312,60755742.0,0.0,0,21.990000000000002,0
20171106,1509897600000,21.26,21.26,20.490000000000002,20.520000000000003,37189,77207975.99999999,0.0,0,21.270000000000003,0
20171107,1509984000000,20.6,21.1,20.5,20.72,31498,65337125.0,0.0,0,20.52,0
20171108,1510070400000,20.66,21.169999999999998,20.45,20.83,29091,60464715.0,0.0,0,20.72,0
20171109,1510156800000,20.73,21.21,20.73,21.2,29262,61406526.0,0.0,0,20.830000000000002,0
20171110,1510243200000,21.1,21.46,20.92,21.41,31949,68024661.0,0.0,0,21.200000000000003,0
20171113,1510502400000,21.400000000000002,22.950000000000003,21.26,22.48,44030,97370642.0,0.0,0,21.41,0
20171114,1510588800000,22.28,22.76,22.26,22.560000000000002,30944,69697711.0,0.0,0,22.48,0
20171115,1510675200000,22.369999999999997,22.669999999999998,21.88,21.9,15218,33747702.00000001,0.0,0,22.56,0
20171116,1510761600000,21.71,21.86,21.54,21.58,15111,32725563.000000004,0.0,0,21.9,0
20171117,1510848000000,21.770000000000003,21.770000000000003,20.69,21.17,23055,48905717.00000001,0.0,0,21.580000000000002,0
20171120,1511107200000,21.13,21.4,20.7,21.32,13026,27540472.0,0.0,0,21.169999999999998,0
20171121,1511193600000,21.32,21.65,21.2,21.36,10847,23205515.0,0.0,0,21.32,0
20171122,1511280000000,21.3,21.910000000000004,20.990000000000002,21.69,19907,42888272.0,0.0,0,21.360000000000003,0
20171123,1511366400000,21.650000000000002,22.770000000000003,21.490000000000002,22.060000000000002,35274,78351909.0,0.0,0,21.69,0
20171124,1511452800000,22.04,23.38,21.86,22.96,56200,128161235.0,0.0,0,22.06,0
20171127,1511712000000,22.56,22.86,22.0,22.16,20302,45308139.0,0.0,0,22.96,0
20171128,1511798400000,22.04,22.61,21.98,22.59,14632,32782148.0,0.0,0,22.16,0
20171129,1511884800000,22.419999999999998,22.61,22.02,22.23,12471,27754952.0,0.0,0,22.59,0
20171130,1511971200000,22.110000000000003,22.37,22.01,22.130000000000003,10502,23277779.0,0.0,0,22.23,0
20171201,1512057600000,22.2,22.22,21.89,21.97,9644,21226626.0,0.0,0,22.13,0
20171204,1512316800000,21.89,22.84,21.89,22.7,25115,56197038.0,0.0,0,21.97,0
20171205,1512403200000,22.69,23.81,22.07,22.61,52895,121867431.00000001,0.0,0,22.7,0
20171206,1512489600000,22.51,23.1,22.1,23.03,26148,59059363.00000001,0.0,0,22.610000000000003,0
20171207,1512576000000,22.88,23.689999999999998,22.7,23.06,25434,58983422.0,0.0,0,23.029999999999998,0
20171208,1512662400000,22.830000000000002,23.12,22.62,22.830000000000002,18764,42871348.0,0.0,0,23.060000000000002,0
20171211,1512921600000,22.91,22.91,22.34,22.49,15123,34021271.0,0.0,0,22.83,0
20171212,1513008000000,22.490000000000002,22.85,22.28,22.53,19748,44641137.0,0.0,0,22.490000000000002,0
20171213,1513094400000,22.53,22.8,22.44,22.64,12471,28177010.000000004,0.0,0,22.53,0
20171214,1513180800000,22.43,22.64,21.71,21.810000000000002,22847,50438975.0,0.0,0,22.64,0
20171215,1513267200000,21.56,21.91,20.72,21.34,25380,53914896.00000001,0.0,0,21.81,0
20171218,1513526400000,21.34,21.34,20.79,20.95,15429,32274110.999999996,0.0,0,21.34,0
20171219,1513612800000,20.95,21.299999999999997,20.81,21.22,15044,31668162.999999996,0.0,0,20.95,0
20171220,1513699200000,21.09,21.19,20.85,20.87,9264,19440965.0,0.0,0,21.220000000000002,0
20171221,1513785600000,20.869999999999997,20.869999999999997,20.22,20.459999999999997,13517,27691339.000000004,0.0,0,20.869999999999997,0
20171222,1513872000000,20.46,20.6,20.01,20.07,11260,22749518.0,0.0,0,20.46,0
20171225,1514131200000,20.07,20.2,19.2,19.56,16483,32482784.0,0.0,0,20.07,0
20171226,1514217600000,19.400000000000002,19.76,19.400000000000002,19.660000000000004,11152,21861139.0,0.0,0,19.560000000000002,0
20171227,1514304000000,19.66,19.66,19.25,19.35,10209,19792099.0,0.0,0,19.66,0
20171228,1514390400000,19.2,20.08,19.2,20.02,15898,31282862.0,0.0,0,19.349999999999998,0
20171229,1514476800000,20.02,20.18,19.77,19.81,8761,17380472.0,0.0,0,20.02,0
20180102,1514822400000,19.840000000000003,19.990000000000002,19.650000000000002,19.8,9875,19552592.0,0.0,0,19.810000000000002,0
20180103,1514908800000,19.7,20.05,19.7,19.99,9101,18112720.0,0.0,0,19.8,0
20180104,1514995200000,19.96,20.42,19.92,20.090000000000003,12776,25781244.0,0.0,0,19.990000000000002,0
20180105,1515081600000,20.0,20.380000000000003,19.96,20.19,10882,21971723.000000004,0.0,0,20.09,0
20180108,1515340800000,20.18,20.4,20.06,20.259999999999998,7652,15491079.999999998,0.0,0,20.189999999999998,0
20180109,1515427200000,20.38,20.97,20.36,20.48,10604,21865624.000000004,0.0,0,20.259999999999998,0
20180110,1515513600000,20.5,20.59,19.81,19.959999999999997,10398,20883179.000000004,0.0,0,20.48,0
20180111,1515600000000,19.900000000000002,21.6,19.900000000000002,21.330000000000002,39505,83236214.0,0.0,0,19.96,0
20180112,1515686400000,21.08,21.52,21.0,21.01,16207,34370687.0,0.0,0,21.33,0
20180115,1515945600000,20.8,21.01,20.32,20.52,16374,33643070.0,0.0,0,21.01,0
20180116,1516032000000,20.630000000000003,21.69,20.42,21.590000000000003,24797,52831488.0,0.0,0,20.520000000000003,0
20180117,1516118400000,21.8,21.8,21.25,21.53,22399,48149921.0,0.0,0,21.59,0
20180118,1516204800000,21.53,22.2,21.34,22.18,20054,43870899.99999999,0.0,0,21.53,0
20180119,1516291200000,22.58,22.58,21.59,21.89,22204,49109156.0,0.0,0,22.18,0
20180122,1516550400000,21.85,21.97,21.5,21.66,7469,16219453.0,0.0,0,21.89,0
20180123,1516636800000,21.56,21.78,21.34,21.63,8645,18616420.0,0.0,0,21.66,0
20180124,1516723200000,21.63,21.900000000000002,21.39,21.59,7979,17228751.000000004,0.0,0,21.63,0
20180125,1516809600000,21.6,21.7,21.43,21.56,11447,24682282.0,0.0,0,21.59,0
20180126,1516896000000,21.400000000000002,21.5,21.01,21.080000000000002,12247,25985817.0,0.0,0,21.560000000000002,0
20180129,1517155200000,20.91,21.240000000000002,20.48,20.56,10702,22156537.0,0.0,0,21.080000000000002,0
20180130,1517241600000,20.599999999999998,20.89,20.38,20.529999999999998,6494,13357429.0,0.0,0,20.56,0
20180131,1517328000000,20.39,20.62,19.85,20.110000000000003,11572,23347241.0,0.0,0,20.53,0
20180201,1517414400000,20.490000000000002,20.490000000000002,18.82,19.080000000000002,14981,29062330.0,0.0,0,20.11,0
20180202,1517500800000,19.020000000000003,19.020000000000003,17.900000000000002,18.860000000000003,12848,23867543.999999996,0.0,0,19.080000000000002,0
20180205,1517760000000,18.26,19.5,18.26,19.39,9927,19065121.0,0.0,0,18.860000000000003,0
20180206,1517846400000,19.060000000000002,19.89,18.8,18.88,9915,19147179.0,0.0,0,19.39,0
20180207,1517932800000,18.95,19.5,18.23,18.88,7538,14261193.999999998,0.0,0,18.88,0
20180208,1518019200000,18.88,19.33,18.88,19.009999999999998,4704,8954177.0,0.0,0,18.88,0
20180209,1518105600000,18.9,19.08,18.02,19.0,8182,15365526.000000002,0.0,0,19.009999999999998,0
20180212,1518364800000,19.22,19.49,19.0,19.29,6455,12469891.0,0.0,0,19.0,0
20180213,1518451200000,19.7,19.7,19.36,19.419999999999998,9348,18263069.0,0.0,0,19.29,0
20180214,1518537600000,19.32,19.8,19.32,19.56,5357,10507270.0,0.0,0,19.42,0
20180222,1519228800000,19.580000000000002,20.060000000000002,19.580000000000002,19.91,6424,12773825.999999998,0.0,0,19.560000000000002,0
20180223,1519315200000,19.94,20.2,19.73,19.91,8600,17173805.0,0.0,0,19.91,0
20180226,1519574400000,19.8,20.150000000000002,19.8,20.150000000000002,12125,24303144.0,0.0,0,19.91,0
20180227,1519660800000,20.080000000000002,20.44,20.05,20.2,17136,34599097.0,0.0,0,20.150000000000002,0
20180228,1519747200000,19.98,20.17,19.8,19.94,7488,14958093.0,0.0,0,20.2,0
20180301,1519833600000,19.750000000000004,20.270000000000003,19.650000000000002,20.21,8763,17642545.0,0.0,0,19.94,0
20180302,1519920000000,20.2,20.4,20.02,20.18,8676,17581663.000000004,0.0,0,20.21,0
20180305,1520179200000,20.1,21.720000000000002,20.080000000000002,21.610000000000003,32948,68946100.0,0.0,0,20.180000000000003,0
20180306,1520265600000,21.36,21.810000000000002,21.3,21.5,23761,51129984.0,0.0,0,21.61,0
20180307,1520352000000,21.43,21.43,21.04,21.06,7688,16312838.0,0.0,0,21.5,0
20180308,1520438400000,20.91,21.22,20.89,20.990000000000002,6697,14074085.0,0.0,0,21.060000000000002,0
20180309,1520524800000,20.900000000000002,21.8,20.900000000000002,21.340000000000003,16300,34792878.0,0.0,0,20.990000000000002,0
20180312,1520784000000,21.400000000000002,21.55,21.12,21.400000000000002,13733,29205157.0,0.0,0,21.34,0
20180313,1520870400000,21.400000000000002,21.400000000000002,21.03,21.07,7247,15362289.0,0.0,0,21.400000000000002,0
20180314,1520956800000,21.11,21.11,20.81,20.889999999999997,5436,11382867.0,0.0,0,21.07,0
20180315,1521043200000,21.1,21.5,20.51,21.220000000000002,15951,33761552.0,0.0,0,20.89,0
20180316,1521129600000,20.98,21.14,20.5,20.54,13499,28053362.0,0.0,0,21.22,0
20180319,1521388800000,20.400000000000002,21.060000000000002,20.35,20.84,11849,24736189.000000004,0.0,0,20.540000000000003,0
20180320,1521475200000,20.610000000000003,21.25,20.6,21.020000000000003,8327,17524674.999999996,0.0,0,20.84,0
20180321,1521561600000,21.020000000000003,21.71,20.92,21.310000000000002,22950,49084730.0,0.0,0,21.020000000000003,0
20180322,1521648000000,21.24,21.63,21.02,21.54,18580,39725636.0,0.0,0,21.31,0
20180323,1521734400000,20.990000000000002,23.69,20.71,22.82,90627,209362269.99999997,0.0,0,21.54,0
20180326,1521993600000,22.07,23.96,21.98,23.69,83344,193468939.0,0.0,0,22.82,0
20180327,1522080000000,23.45,24.25,23.2,23.47,49930,118434097.0,0.0,0,23.689999999999998,0
20180328,1522166400000,23.25,24.12,23.0,23.48,34567,82017277.0,0.0,0,23.47,0
20180329,1522252800000,23.630000000000003,23.85,22.8,23.080000000000002,19337,44575252.00000001,0.0,0,23.48,0
20180330,1522339200000,23.060000000000002,23.98,22.96,23.77,25418,59560209.0,0.0,0,23.080000000000002,0
20180402,1522598400000,24.130000000000003,24.130000000000003,23.19,23.23,26499,62089249.0,0.0,0,23.77,0
20180403,1522684800000,23.160000000000004,23.55,22.900000000000002,23.520000000000003,22369,52008358.0,0.0,0,23.23,0
20180404,1522771200000,23.48,24.59,23.48,24.310000000000002,41212,99750806.0,0.0,0,23.52,0
20180409,1523203200000,24.26,25.8,23.650000000000002,25.750000000000004,43960,111000565.0,0.0,0,24.310000000000002,0
20180410,1523289600000,25.7,26.07,24.88,25.59,35543,90669689.00000001,0.0,0,25.75,0
20180411,1523376000000,25.450000000000003,26.000000000000004,25.150000000000002,25.94,20596,52834177.0,0.0,0,25.590000000000003,0
20180412,1523462400000,25.87,26.3,25.560000000000002,25.630000000000003,19807,51508664.0,0.0,0,25.94,0
20180413,1523548800000,25.57,26.029999999999998,24.72,24.98,25172,63371603.0,0.0,0,25.63,0
20180416,1523808000000,24.9,25.59,24.88,25.11,14180,35749859.0,0.0,0,24.98,0
20180417,1523894400000,25.01,25.400000000000002,23.94,24.470000000000002,19513,48155930.0,0.0,0,25.11,0
20180418,1523980800000,24.47,24.74,23.5,24.56,19516,47255708.0,0.0,0,24.47,0
20180419,1524067200000,24.3,24.98,24.1,24.55,11736,28894377.0,0.0,0,24.560000000000002,0
20180420,1524153600000,24.599999999999998,25.599999999999998,24.22,24.56,24630,61234612.00000001,0.0,0,24.549999999999997,0
20180423,1524412800000,24.62,25.090000000000003,24.42,24.73,21942,54200342.00000001,0.0,0,24.560000000000002,0
20180424,1524499200000,24.77,25.1,24.34,25.0,14681,36490851.00000001,0.0,0,24.73,0
20180425,1524585600000,24.98,25.08,24.68,24.95,8729,21735589.0,0.0,0,25.0,0
20180426,1524672000000,24.990000000000002,24.990000000000002,24.400000000000002,24.660000000000004,11474,28193479.000000004,0.0,0,24.950000000000003,0
20180427,1524758400000,24.5,24.85,24.0,24.56,8196,19947632.000000004,0.0,0,24.66,0
20180502,1525190400000,24.6,26.17,24.59,25.9,27087,69346533.0,0.0,0,24.56,0
20180503,1525276800000,26.000000000000004,26.250000000000004,25.400000000000002,25.790000000000003,13643,35135671.00000001,0.0,0,25.900000000000002,0
20180504,1525363200000,25.56,25.98,25.25,25.29,8644,22079494.0,0.0,0,25.79,0
20180507,1525622400000,25.66,25.66,25.2,25.55,7740,19700039.0,0.0,0,25.29,0
20180508,1525708800000,25.900000000000002,26.0,25.35,25.44,7972,20368270.0,0.0,0,25.55,0
20180509,1525795200000,25.26,25.5,24.85,25.17,6899,17313088.0,0.0,0,25.44,0
20180510,1525881600000,24.91,25.360000000000003,24.85,25.09,5293,13304730.0,0.0,0,25.17,0
20180511,1525968000000,25.090000000000003,25.55,24.92,25.380000000000003,10457,26492454.000000004,0.0,0,25.090000000000003,0
20180514,1526227200000,25.680000000000003,25.680000000000003,25.01,25.07,8210,20736863.0,0.0,0,25.380000000000003,0
20180515,1526313600000,25.39,25.57,25.080000000000002,25.53,10807,27379267.000000004,0.0,0,25.07,0
20180516,1526400000000,25.53,25.7,25.11,25.29,6854,17366589.0,0.0,0,25.53,0
20180517,1526486400000,25.26,25.400000000000002,24.48,24.490000000000002,10569,26193190.0,0.0,0,25.29,0
20180518,1526572800000,24.150000000000002,24.880000000000003,24.150000000000002,24.560000000000002,3724,9116314.0,0.0,0,24.490000000000002,0
20180521,1526832000000,24.430000000000003,24.66,24.42,24.650000000000002,5568,13664117.0,0.0,0,24.560000000000002,0
20180522,1526918400000,24.3,24.68,24.25,24.47,4724,11548216.0,0.0,0,24.65,0
20180523,1527004800000,24.47,24.5,23.0,23.79,8015,19250346.0,0.0,0,24.47,0
20180524,1527091200000,23.73,24.43,23.5,24.33,7231,17342787.0,0.0,0,23.79,0
20180525,1527177600000,24.3,25.0,24.0,24.1,5181,12611434.000000002,0.0,0,24.33,0
20180528,1527436800000,24.3,24.3,23.12,23.76,4251,10075833.0,0.0,0,24.1,0
20180529,1527523200000,23.73,23.89,23.02,23.09,4315,10072560.0,0.0,0,23.759999999999998,0
20180530,1527609600000,23.57,23.57,22.52,22.83,5103,11654493.0,0.0,0,23.09,0
20180531,1527696000000,22.900000000000002,23.000000000000004,21.900000000000002,22.400000000000002,7105,15892542.999999998,0.0,0,22.830000000000002,0
20180601,1527782400000,22.39,23.3,22.39,22.8,5163,11790873.0,0.0,0,22.400000000000002,0
20180604,1528041600000,22.8,23.17,22.66,22.82,2496,5710915.0,0.0,0,22.8,0
20180605,1528128000000,22.82,23.18,22.13,23.15,4532,10411205.0,0.0,0,22.82,0
20180606,1528214400000,23.349999999999998,23.38,23.04,23.349999999999998,3268,7602287.0,0.0,0,23.15,0
20180607,1528300800000,23.35,23.68,23.14,23.330000000000002,5148,12055922.000000002,0.0,0,23.35,0
20180608,1528387200000,23.11,23.32,22.75,23.24,4229,9721274.999999998,0.0,0,23.33,0
20180611,1528646400000,23.37,23.46,23.2,23.38,5415,12636693.0,0.0,0,23.24,0
20180612,1528732800000,23.28,23.48,23.150000000000002,23.380000000000003,3268,7617259.999999999,0.0,0,23.380000000000003,0
20180613,1528819200000,23.8,23.8,23.04,23.04,3558,8257556.0,0.0,0,23.38,0
20180614,1528905600000,23.19,23.19,22.35,22.78,4354,9868308.999999998,0.0,0,23.040000000000003,0
20180615,1528992000000,22.65,22.65,21.7,22.349999999999998,5743,12745076.0,0.0,0,22.78,0
20180619,1529337600000,22.35,22.35,20.14,20.2,17441,36299178.0,0.0,0,22.35,0
20180620,1529424000000,20.12,20.2,19.0,19.77,18028,35618032.0,0.0,0,20.2,0
20180621,1529510400000,19.77,19.77,18.62,18.98,12646,24189576.000000004,0.0,0,19.77,0
20180622,1529596800000,18.68,19.33,18.22,19.15,3483,6620998.0,0.0,0,18.98,0
20180625,1529856000000,19.2,19.5,18.31,18.73,6110,11442651.000000002,0.0,0,19.08,0
20180626,1529942400000,18.27,19.05,18.27,19.0,24981,46652164.0,0.0,0,18.73,0
20180627,1530028800000,18.900000000000002,18.900000000000002,18.55,18.62,4998,9349769.000000002,0.0,0,19.0,0
20180628,1530115200000,18.76,18.78,18.490000000000002,18.57,2599,4838710.0,0.0,0,18.62,0
20180629,1530201600000,18.400000000000002,19.05,18.400000000000002,18.900000000000002,3484,6584262.0,0.0,0,18.570000000000004,0
20180702,1530460800000,18.9,18.99,18.38,18.74,4670,8713346.000000002,0.0,0,18.9,0
20180703,1530547200000,18.57,19.4,18.5,19.15,5052,9582655.000000002,0.0,0,18.74,0
20180704,1530633600000,19.410000000000004,19.410000000000004,18.900000000000002,18.96,3030,5778863.000000001,0.0,0,19.150000000000002,0
20180705,1530720000000,19.48,19.48,18.3,18.53,2537,4737415.0,0.0,0,18.96,0
20180706,1530806400000,18.6,19.18,18.21,18.970000000000002,4577,8545956.0,0.0,0,18.53,0
20180709,1531065600000,18.970000000000002,19.150000000000002,18.490000000000002,19.000000000000004,6393,11974929.0,0.0,0,18.970000000000002,0
20180710,1531152000000,18.99,19.1,18.68,18.98,3156,5972709.0,0.0,0,19.0,0
20180711,1531238400000,18.8,18.8,18.21,18.52,4057,7481260.0,0.0,0,18.98,0
20180712,1531324800000,18.330000000000002,18.98,18.330000000000002,18.860000000000003,4235,7944528.0,0.0,0,18.520000000000003,0
20180713,1531411200000,18.8,18.970000000000002,18.71,18.76,1962,3682000.0000000005,0.0,0,18.86,0
20180716,1531670400000,18.94,19.860000000000003,18.94,19.43,6518,12702210.0,0.0,0,18.76,0
20180717,1531756800000,19.37,19.700000000000003,19.080000000000002,19.540000000000003,3590,6916357.999999999,0.0,0,19.430000000000003,0
20180718,1531843200000,19.54,19.74,19.41,19.6,3656,7164157.0,0.0,0,19.54,0
20180719,1531929600000,19.599999999999998,19.88,19.29,19.509999999999998,5733,11216696.0,0.0,0,19.599999999999998,0
20180720,1532016000000,19.450000000000003,19.700000000000003,19.28,19.580000000000002,3298,6448198.000000001,0.0,0,19.51,0
20180723,1532275200000,19.580000000000002,20.880000000000003,19.580000000000002,20.000000000000004,12502,25320859.0,0.0,0,19.580000000000002,0
20180724,1532361600000,19.51,20.39,19.51,20.09,5193,10418101.0,0.0,0,20.0,0
20180725,1532448000000,20.3,20.3,19.88,20.09,5154,10325825.0,0.0,0,20.09,0
20180726,1532534400000,19.94,20.150000000000002,19.94,20.07,4902,9834717.000000002,0.0,0,20.09,0
20180727,1532620800000,20.080000000000002,20.35,19.92,20.110000000000003,5534,11109251.0,0.0,0,20.07,0
20180730,1532880000000,20.11,20.38,19.93,19.99,7096,14236771.000000002,0.0,0,20.11,0
20180731,1532966400000,19.990000000000002,20.1,19.6,19.78,4501,8888621.0,0.0,0,19.990000000000002,0
20180801,1533052800000,19.62,19.990000000000002,19.51,19.66,5594,11019354.0,0.0,0,19.78,0
20180802,1533139200000,19.64,19.64,17.69,18.05,18176,33008157.999999996,0.0,0,19.66,0
20180803,1533225600000,17.83,18.14,17.38,17.529999999999998,9993,17731493.0,0.0,0,18.05,0
20180806,1533484800000,17.54,17.69,17.3,17.490000000000002,3205,5601587.0,0.0,0,17.53,0
20180807,1533571200000,17.6,18.98,17.5,18.39,6929,12435318.0,0.0,0,17.49,0
20180808,1533657600000,18.790000000000003,18.790000000000003,17.900000000000002,18.000000000000004,3619,6525930.0,0.0,0,18.39,0
20180809,1533744000000,17.82,18.400000000000002,17.71,18.11,6080,11046275.000000002,0.0,0,18.0,0
20180810,1533830400000,18.02,18.78,18.02,18.599999999999998,4135,7572855.0,0.0,0,18.11,0
20180813,1534089600000,18.41,18.55,18.1,18.490000000000002,2976,5449522.0,0.0,0,18.6,0
20180814,1534176000000,18.59,18.639999999999997,18.31,18.49,3064,5652868.000000001,0.0,0,18.49,0
20180815,1534262400000,18.490000000000002,18.67,18.21,18.36,2390,4398036.0,0.0,0,18.490000000000002,0
20180816,1534348800000,18.18,18.5,18.02,18.38,2080,3794773.0000000005,0.0,0,18.36,0
20180817,1534435200000,18.500000000000004,18.500000000000004,18.150000000000002,18.290000000000003,1741,3179074.0,0.0,0,18.380000000000003,0
20180820,1534694400000,18.240000000000002,18.3,17.8,18.29,5744,10419305.999999998,0.0,0,18.29,0
20180821,1534780800000,18.349999999999998,18.509999999999998,18.02,18.45,4211,7713032.0,0.0,0,18.29,0
20180822,1534867200000,18.5,18.5,18.22,18.47,3090,5687376.000000001,0.0,0,18.45,0
20180823,1534953600000,18.470000000000002,18.78,18.3,18.73,6622,12307373.0,0.0,0,18.470000000000002,0
20180824,1535040000000,18.650000000000002,18.860000000000003,18.580000000000002,18.720000000000002,3406,6382358.0,0.0,0,18.73,0
20180827,1535299200000,18.8,19.07,18.75,18.92,4725,8929666.0,0.0,0,18.72,0
20180828,1535385600000,18.96,19.080000000000002,18.650000000000002,18.990000000000002,4712,8898607.0,0.0,0,18.92,0
20180829,1535472000000,18.98,19.35,18.82,19.29,6462,12331097.0,0.0,0,18.990000000000002,0
20180830,1535558400000,19.0,19.4,19.0,19.18,4696,8981415.0,0.0,0,19.29,0
20180831,1535644800000,18.650000000000002,19.12,18.580000000000002,18.85,4687,8796734.0,0.0,0,19.180000000000003,0
20180903,1535904000000,18.99,19.169999999999998,18.63,19.0,2608,4924306.0,0.0,0,18.849999999999998,0
20180904,1535990400000,18.990000000000002,19.42,18.8,19.29,9471,18219691.000000004,0.0,0,19.0,0
20180905,1536076800000,19.22,19.279999999999998,18.79,18.91,5410,10313884.0,0.0,0,19.29,0
20180906,1536163200000,18.900000000000002,19.0,18.76,18.860000000000003,3908,7394323.0,0.0,0,18.91,0
20180907,1536249600000,18.89,19.12,18.75,18.88,4098,7744952.000000001,0.0,0,18.86,0
20180910,1536508800000,18.78,19.110000000000003,18.26,18.53,6541,12261830.0,0.0,0,18.880000000000003,0
20180911,1536595200000,18.5,18.71,18.27,18.7,4186,7750689.0,0.0,0,18.53,0
20180912,1536681600000,18.720000000000002,18.85,18.53,18.66,2300,4298058.0,0.0,0,18.700000000000003,0
20180913,1536768000000,18.8,18.87,18.51,18.860000000000003,3140,5889968.000000001,0.0,0,18.66,0
20180914,1536854400000,18.880000000000003,19.14,18.580000000000002,18.8,3277,6175878.000000001,0.0,0,18.860000000000003,0
20180917,1537113600000,18.75,18.75,18.19,18.48,2006,3686851.0,0.0,0,18.8,0
20180918,1537200000000,18.3,18.55,18.11,18.52,4460,8229796.0,0.0,0,18.48,0
20180919,1537286400000,18.48,18.900000000000002,18.330000000000002,18.78,4566,8551204.0,0.0,0,18.520000000000003,0
20180920,1537372800000,18.95,18.95,18.66,18.68,2019,3786609.0,0.0,0,18.78,0
20180921,1537459200000,18.9,18.919999999999998,18.52,18.81,3636,6825961.0,0.0,0,18.68,0
20180925,1537804800000,18.59,19.1,18.59,19.02,5642,10692285.000000002,0.0,0,18.81,0
20180926,1537891200000,19.020000000000003,19.19,18.92,19.12,8095,15434076.0,0.0,0,19.020000000000003,0
20180927,1537977600000,19.23,19.23,18.650000000000002,18.700000000000003,4217,7957277.0,0.0,0,19.12,0
20180928,1538064000000,18.8,19.0,18.71,19.0,4721,8899481.0,0.0,0,18.7,0
20181008,1538928000000,18.93,18.93,18.5,18.7,2721,5074478.0,0.0,0,19.0,0
20181009,1539014400000,18.5,18.720000000000002,18.19,18.5,3868,7136189.0,0.0,0,18.700000000000003,0
20181010,1539100800000,18.400000000000002,18.5,18.28,18.380000000000003,1575,2893325.0,0.0,0,18.5,0
20181011,1539187200000,18.2,18.2,16.54,16.55,8805,14942909.0,0.0,0,18.38,0
20181012,1539273600000,16.48,16.55,15.18,15.9,6676,10606432.0,0.0,0,16.55,0
20181015,1539532800000,16.25,16.3,14.31,15.5,18554,27912414.0,0.0,0,15.9,0
20181016,1539619200000,14.959999999999999,15.45,14.59,14.85,9671,14433295.000000002,0.0,0,15.5,0
20181017,1539705600000,14.850000000000001,15.000000000000002,14.200000000000001,14.8,12860,18698147.0,0.0,0,14.850000000000001,0
20181018,1539792000000,14.780000000000001,14.780000000000001,13.780000000000001,13.920000000000002,8617,12224272.000000002,0.0,0,14.8,0
20181019,1539878400000,13.8,14.709999999999999,13.26,14.66,15058,21421699.000000004,0.0,0,13.92,0
20181022,1540137600000,15.05,15.81,14.82,15.450000000000001,13700,20921003.0,0.0,0,14.66,0
20181023,1540224000000,15.27,15.879999999999999,15.27,15.73,15945,25023841.0,0.0,0,15.45,0
20181024,1540310400000,15.88,15.98,15.47,15.76,6706,10540590.000000002,0.0,0,15.73,0
20181025,1540396800000,15.28,15.71,15.0,15.71,9213,14158585.0,0.0,0,15.76,0
20181026,1540483200000,16.1,16.12,15.3,15.55,12385,19345462.0,0.0,0,15.71,0
20181029,1540742400000,15.23,15.58,14.88,15.07,7035,10674569.000000002,0.0,0,15.55,0
20181030,1540828800000,14.77,15.309999999999999,14.77,15.29,6127,9279859.0,0.0,0,15.07,0
20181031,1540915200000,15.15,15.81,15.15,15.57,5854,9146109.0,0.0,0,15.290000000000001,0
20181101,1541001600000,15.57,15.9,15.42,15.69,5837,9190150.000000002,0.0,0,15.57,0
20181102,1541088000000,15.92,16.5,15.83,16.3,9196,14837824.0,0.0,0,15.69,0
20181105,1541347200000,16.12,16.48,16.0,16.36,6034,9802824.0,0.0,0,16.3,0
20181106,1541433600000,16.360000000000003,16.860000000000003,16.240000000000002,16.470000000000002,5584,9189440.000000002,0.0,0,16.360000000000003,0
20181107,1541520000000,16.6,16.98,16.46,16.93,5549,9298252.0,0.0,0,16.470000000000002,0
20181108,1541606400000,16.89,17.26,16.3,16.38,6803,11238187.0,0.0,0,16.93,0
20181109,1541692800000,16.1,16.42,16.03,16.380000000000003,3245,5302034.0,0.0,0,16.380000000000003,0
20181112,1541952000000,16.1,16.78,15.59,16.78,5624,9241861.0,0.0,0,16.38,0
20181113,1542038400000,16.7,16.95,16.31,16.86,5638,9439257.000000002,0.0,0,16.779999999999998,0
20181114,1542124800000,16.61,16.87,16.39,16.71,4540,7569752.0,0.0,0,16.86,0
20181115,1542211200000,16.580000000000002,17.07,16.580000000000002,16.990000000000002,6798,11455183.0,0.0,0,16.71,0
20181116,1542297600000,16.71,17.150000000000002,16.71,16.990000000000002,6389,10862006.000000002,0.0,0,16.990000000000002,0
20181119,1542556800000,16.85,17.71,16.85,17.37,8565,14826932.0,0.0,0,16.990000000000002,0
20181120,1542643200000,17.12,19.11,17.11,19.11,22934,42369485.0,0.0,0,17.37,0
20181121,1542729600000,18.700000000000003,20.28,18.35,19.43,28402,55263882.0,0.0,0,19.110000000000003,0
20181122,1542816000000,19.009999999999998,19.9,18.61,19.4,18076,34644593.0,0.0,0,19.43,0
20181123,1542902400000,19.16,19.6,18.37,18.720000000000002,10512,19816055.000000004,0.0,0,19.400000000000002,0
20181126,1543161600000,18.84,19.25,18.43,18.93,6946,13094433.000000002,0.0,0,18.72,0
20181127,1543248000000,19.0,19.61,18.81,19.52,14672,28504836.0,0.0,0,18.93,0
20181128,1543334400000,19.5,19.57,19.04,19.27,9569,18423678.0,0.0,0,19.52,0
20181129,1543420800000,19.28,19.43,18.6,18.790000000000003,7444,14092904.0,0.0,0,19.270000000000003,0
20181130,1543507200000,18.6,18.900000000000002,17.900000000000002,18.360000000000003,7278,13356700.0,0.0,0,18.790000000000003,0
20181203,1543766400000,18.85,19.18,18.43,18.47,9368,17505493.000000004,0.0,0,18.36,0
20181204,1543852800000,18.23,19.2,18.23,18.89,7105,13384136.999999998,0.0,0,18.47,0
20181205,1543939200000,18.599999999999998,18.849999999999998,18.38,18.72,5506,10245905.0,0.0,0,18.89,0
20181206,1544025600000,18.52,18.75,18.2,18.32,3719,6860034.0,0.0,0,18.72,0
20181207,1544112000000,18.32,18.61,18.32,18.45,3226,5945721.0,0.0,0,18.32,0
20181210,1544371200000,18.2,18.490000000000002,18.05,18.35,5597,10248330.999999998,0.0,0,18.45,0
20181211,1544457600000,18.520000000000003,18.84,18.35,18.57,3381,6285230.0,0.0,0,18.35,0
20181212,1544544000000,18.85,18.860000000000003,18.240000000000002,18.28,2901,5358783.000000001,0.0,0,18.57,0
20181213,1544630400000,18.580000000000002,18.580000000000002,18.21,18.29,2716,4992114.0,0.0,0,18.28,0
20181214,1544716800000,18.3,18.46,17.61,17.759999999999998,3938,7104552.000000001,0.0,0,18.29,0
20181217,1544976000000,17.610000000000003,17.84,17.6,17.76,1618,2864226.0,0.0,0,17.76,0
20181218,1545062400000,17.59,18.19,17.26,18.16,6318,11313980.0,0.0,0,17.76,0
20181219,1545148800000,18.12,18.16,17.26,17.700000000000003,6474,11479917.0,0.0,0,18.16,0
20181220,1545235200000,17.7,17.78,17.41,17.48,1484,2608190.0,0.0,0,17.7,0
20181221,1545321600000,17.5,17.53,17.3,17.46,1591,2771792.0,0.0,0,17.48,0
20181224,1545580800000,17.44,17.76,17.32,17.5,2609,4571623.0,0.0,0,17.46,0
20181225,1545667200000,17.41,17.68,16.77,17.49,3636,6236975.0,0.0,0,17.5,0
20181226,1545753600000,17.33,17.48,17.13,17.33,2641,4544502.0,0.0,0,17.49,0
20181227,1545840000000,17.5,17.59,17.02,17.27,1853,3193769.0000000005,0.0,0,17.33,0
20181228,1545926400000,17.35,17.49,17.09,17.35,1456,2509889.0,0.0,0,17.27,0
20190102,1546358400000,17.25,17.55,17.14,17.35,2251,3891876.0,0.0,0,17.35,0
20190103,1546444800000,17.17,18.44,17.0,17.82,4918,8788007.0,0.0,0,17.35,0
20190104,1546531200000,17.56,17.88,17.0,17.78,4883,8568646.0,0.0,0,17.82,0
20190107,1546790400000,17.81,18.68,17.68,18.6,8275,15138339.0,0.0,0,17.78,0
20190108,1546876800000,18.599999999999998,18.97,18.22,18.459999999999997,5546,10206496.0,0.0,0,18.599999999999998,0
20190109,1546963200000,18.330000000000002,18.67,18.330000000000002,18.450000000000003,5380,9917214.0,0.0,0,18.46,0
20190110,1547049600000,18.26,18.4,18.09,18.4,3998,7296570.000000001,0.0,0,18.45,0
20190111,1547136000000,18.4,18.46,18.11,18.34,2853,5222903.0,0.0,0,18.4,0
20190114,1547395200000,18.6,18.6,18.150000000000002,18.17,1411,2571870.0,0.0,0,18.340000000000003,0
20190115,1547481600000,18.1,18.37,17.96,18.310000000000002,2292,4182474.0000000005,0.0,0,18.17,0
20190116,1547568000000,18.3,18.37,18.080000000000002,18.37,3503,6385695.0,0.0,0,18.310000000000002,0
20190117,1547654400000,18.41,18.41,18.12,18.32,2774,5059079.0,0.0,0,18.37,0
20190118,1547740800000,18.32,18.35,18.12,18.26,1443,2632556.0,0.0,0,18.32,0
20190121,1548000000000,18.26,18.38,18.23,18.3,1786,3271644.0,0.0,0,18.26,0
20190122,1548086400000,18.23,18.41,18.11,18.14,1636,2989451.0,0.0,0,18.3,0
20190123,1548172800000,18.11,18.28,18.0,18.19,2147,3884559.9999999995,0.0,0,18.14,0
20190124,1548259200000,18.29,18.4,18.06,18.25,2105,3851729.0,0.0,0,18.189999999999998,0
20190125,1548345600000,18.200000000000003,18.46,18.080000000000002,18.360000000000003,4910,8977623.0,0.0,0,18.250000000000004,0
20190128,1548604800000,18.87,18.87,18.02,18.23,4518,8375806.0,0.0,0,18.36,0
20190129,1548691200000,18.080000000000002,18.25,17.53,18.25,4178,7478701.000000001,0.0,0,18.23,0
20190130,1548777600000,18.0,18.18,17.55,17.93,9550,16946819.0,0.0,0,18.25,0
20190131,1548864000000,17.849999999999998,18.0,17.11,17.5,7416,12921138.0,0.0,0,17.93,0
20190201,1548950400000,15.75,17.65,15.75,17.5,13468,22481530.0,0.0,0,17.5,0
20190211,1549814400000,17.310000000000002,17.55,17.19,17.42,6507,11317837.0,0.0,0,17.5,0
20190212,1549900800000,17.439999999999998,17.65,17.31,17.599999999999998,5164,9046283.0,0.0,0,17.419999999999998,0
20190213,1549987200000,17.75,17.79,17.5,17.67,13095,23146622.999999996,0.0,0,17.6,0
20190214,1550073600000,17.66,17.88,17.55,17.76,6972,12333740.999999998,0.0,0,17.67,0
20190215,1550160000000,17.71,17.8,17.5,17.71,4232,7490016.0,0.0,0,17.76,0
20190218,1550419200000,17.860000000000003,18.12,17.580000000000002,18.1,12894,23016331.999999996,0.0,0,17.71,0
20190219,1550505600000,18.06,18.189999999999998,17.7,17.95,12295,22039347.0,0.0,0,18.099999999999998,0
20190220,1550592000000,17.97,18.67,17.84,18.64,19437,35565218.0,0.0,0,17.95,0
20190221,1550678400000,18.64,18.68,18.3,18.46,10812,19967822.0,0.0,0,18.64,0
20190222,1550764800000,18.31,19.0,18.31,18.75,9483,17610750.0,0.0,0,18.459999999999997,0
20190225,1551024000000,18.900000000000002,19.700000000000003,18.62,19.32,29915,56920884.00000001,0.0,0,18.75,0
20190226,1551110400000,19.33,19.33,18.97,19.04,19979,38133888.0,0.0,0,19.32,0
20190227,1551196800000,18.86,19.37,18.5,18.95,19544,37352695.0,0.0,0,19.04,0
20190228,1551283200000,19.060000000000002,19.12,18.92,19.1,10054,19156750.000000004,0.0,0,18.950000000000003,0
20190301,1551369600000,19.1,19.23,18.71,18.96,10958,20711908.0,0.0,0,19.1,0
20190304,1551628800000,19.19,19.45,18.96,19.09,21610,41452384.0,0.0,0,18.96,0
20190305,1551715200000,19.09,19.5,18.88,19.3,22411,42906801.00000001,0.0,0,19.09,0
20190306,1551801600000,19.330000000000002,19.6,19.03,19.53,31564,61099085.0,0.0,0,19.3,0
20190307,1551888000000,19.5,20.25,19.32,19.96,38040,75139175.00000001,0.0,0,19.53,0
20190308,1551974400000,19.580000000000002,19.720000000000002,19.03,19.35,25160,48658061.0,0.0,0,19.96,0
20190311,1552233600000,19.070000000000004,19.540000000000003,18.900000000000002,19.500000000000004,21901,42173880.0,0.0,0,19.35,0
20190312,1552320000000,19.54,20.6,19.43,20.3,41484,83047557.0,0.0,0,19.5,0
20190313,1552406400000,20.270000000000003,20.840000000000003,19.900000000000002,20.150000000000002,31714,64477597.0,0.0,0,20.3,0
20190314,1552492800000,20.080000000000002,20.110000000000003,19.1,19.610000000000003,19857,39006526.99999999,0.0,0,20.150000000000002,0
20190315,1552579200000,19.660000000000004,19.98,19.490000000000002,19.590000000000003,12168,24013800.000000004,0.0,0,19.610000000000003,0
20190318,1552838400000,19.58,20.58,19.43,20.49,23271,46940009.0,0.0,0,19.59,0
20190319,1552924800000,20.490000000000002,20.490000000000002,20.12,20.27,16247,32933223.0,0.0,0,20.490000000000002,0
20190320,1553011200000,20.25,20.759999999999998,20.06,20.759999999999998,29611,60708677.0,0.0,0,20.27,0
20190321,1553097600000,20.79,21.849999999999998,20.79,21.24,41039,87906802.0,0.0,0,20.759999999999998,0
20190322,1553184000000,20.94,21.77,20.8,21.630000000000003,32628,69577129.00000001,0.0,0,21.240000000000002,0
20190325,1553443200000,21.16,23.7,21.11,22.87,60189,135900904.0,0.0,0,21.63,0
20190326,1553529600000,22.8,22.96,21.59,21.7,43922,97091264.00000001,0.0,0,22.87,0
20190327,1553616000000,21.99,22.08,20.93,21.95,23311,50098485.0,0.0,0,21.7,0
20190328,1553702400000,21.82,22.45,21.54,21.73,16382,36052222.0,0.0,0,21.95,0
20190329,1553788800000,21.8,22.5,21.73,22.1,24712,54778018.0,0.0,0,21.73,0
20190401,1554048000000,22.05,22.78,22.05,22.55,35382,79326628.0,0.0,0,22.1,0
20190402,1554134400000,22.54,23.15,22.5,22.99,34777,79449446.0,0.0,0,22.55,0
20190403,1554220800000,23.1,23.1,22.69,22.92,21669,49625122.0,0.0,0,22.990000000000002,0
20190404,1554307200000,23.0,23.1,22.73,22.76,23882,54544242.0,0.0,0,22.92,0
20190408,1554652800000,22.950000000000003,23.05,22.42,22.700000000000003,15689,35613196.00000001,0.0,0,22.76,0
20190409,1554739200000,22.89,23.5,22.6,22.950000000000003,27290,63220874.99999999,0.0,0,22.700000000000003,0
20190410,1554825600000,23.18,23.470000000000002,22.96,23.0,25248,58624373.00000001,0.0,0,22.95,0
20190411,1554912000000,22.81,23.44,22.68,22.96,24410,55923006.0,0.0,0,23.0,0
20190412,1554998400000,22.8,23.38,22.73,23.09,25566,59314170.0,0.0,0,22.96,0
20190415,1555257600000,23.439999999999998,23.779999999999998,22.63,22.939999999999998,27593,63499942.0,0.0,0,23.09,0
20190416,1555344000000,22.750000000000004,23.400000000000002,22.580000000000002,22.990000000000002,14719,33770288.99999999,0.0,0,22.94,0
20190417,1555430400000,22.849999999999998,23.37,22.61,23.0,17972,41498618.0,0.0,0,22.99,0
20190418,1555516800000,23.32,23.38,22.8,23.04,30288,69954413.0,0.0,0,23.0,0
20190419,1555603200000,23.07,24.86,22.96,24.41,57874,139561615.0,0.0,0,23.04,0
20190422,1555862400000,24.46,25.240000000000002,24.19,25.0,41667,103000426.0,0.0,0,24.41,0
20190423,1555948800000,24.8,24.8,23.330000000000002,23.8,41804,100427797.0,0.0,0,25.0,0
20190424,1556035200000,23.980000000000004,23.980000000000004,22.900000000000002,23.340000000000003,21344,49442036.0,0.0,0,23.8,0
20190425,1556121600000,23.28,23.28,22.400000000000002,22.470000000000002,16186,37019487.0,0.0,0,23.340000000000003,0
20190426,1556208000000,22.45,22.47,21.54,22.27,13456,29644123.000000004,0.0,0,22.47,0
20190429,1556467200000,22.27,22.599999999999998,21.61,22.09,9412,20654471.0,0.0,0,22.27,0
20190430,1556553600000,22.259999999999998,22.439999999999998,21.22,21.58,13368,29270934.0,0.0,0,22.09,0
20190506,1557072000000,21.290000000000003,21.290000000000003,19.42,19.42,13775,27929850.0,0.0,0,21.580000000000002,0
20190507,1557158400000,19.5,19.79,18.7,19.12,8661,16690625.0,0.0,0,19.419999999999998,0
20190508,1557244800000,18.830000000000002,19.94,18.6,19.84,32805,63221682.0,0.0,0,19.12,0
20190509,1557331200000,19.8,19.93,19.48,19.7,5251,10352133.999999998,0.0,0,19.84,0
20190510,1557417600000,19.8,20.39,19.330000000000002,20.01,12003,23913526.0,0.0,0,19.700000000000003,0
20190513,1557676800000,20.0,20.15,19.61,19.91,5645,11230674.0,0.0,0,20.009999999999998,0
20190514,1557763200000,19.810000000000002,19.96,19.51,19.71,6775,13388626.0,0.0,0,19.91,0
20190515,1557849600000,20.18,20.18,19.7,19.81,5363,10655213.0,0.0,0,19.71,0
20190516,1557936000000,19.810000000000002,19.93,19.64,19.88,7511,14880231.0,0.0,0,19.810000000000002,0
20190517,1558022400000,19.84,20.1,18.71,19.0,15162,29125520.0,0.0,0,19.880000000000003,0
20190520,1558281600000,18.830000000000002,18.970000000000002,17.580000000000002,18.8,7716,14130536.0,0.0,0,19.0,0
20190521,1558368000000,18.82,19.27,18.62,19.03,5510,10494267.0,0.0,0,18.8,0
20190522,1558454400000,19.270000000000003,19.270000000000003,18.830000000000002,19.000000000000004,3248,6160471.000000001,0.0,0,19.03,0
20190523,1558540800000,19.03,19.09,18.52,18.96,4513,8510766.000000002,0.0,0,19.0,0
20190524,1558627200000,18.880000000000003,19.000000000000004,18.650000000000002,19.000000000000004,4015,7545700.0,0.0,0,18.96,0
20190527,1558886400000,19.2,19.49,18.84,19.37,12077,23180538.0,0.0,0,19.0,0
20190528,1558972800000,20.180000000000003,21.0,19.76,20.400000000000002,32943,66908436.0,0.0,0,19.37,0
20190529,1559059200000,19.64,20.060000000000002,19.64,19.990000000000002,13185,26220089.999999996,0.0,0,20.400000000000002,0
20190530,1559145600000,19.94,19.94,19.35,19.520000000000003,7412,14449118.000000002,0.0,0,19.990000000000002,0
20190531,1559232000000,19.36,19.599999999999998,19.31,19.41,5802,11288609.000000002,0.0,0,19.52,0
20190603,1559491200000,19.6,20.110000000000003,19.42,19.64,11954,23625323.000000004,0.0,0,19.41,0
20190604,1559577600000,19.419999999999998,19.599999999999998,19.02,19.55,4616,8928634.0,0.0,0,19.64,0
20190605,1559664000000,19.53,19.86,19.53,19.580000000000002,4250,8366862.0,0.0,0,19.55,0
20190606,1559750400000,19.6,19.990000000000002,19.51,19.71,6140,12116835.0,0.0,0,19.580000000000002,0
20190610,1560096000000,19.6,19.6,19.32,19.55,3427,6679033.000000001,0.0,0,19.71,0
20190611,1560182400000,19.55,20.3,19.55,20.13,6975,13897968.0,0.0,0,19.55,0
20190612,1560268800000,20.13,20.22,19.82,19.88,3418,6827674.0,0.0,0,20.13,0
20190613,1560355200000,19.930000000000003,20.150000000000002,19.67,20.14,4434,8862278.0,0.0,0,19.880000000000003,0
20190614,1560441600000,20.14,20.2,19.68,19.96,4217,8400098.0,0.0,0,20.14,0
20190617,1560700800000,19.78,19.8,19.400000000000002,19.580000000000002,3651,7130648.999999999,0.0,0,19.96,0
20190618,1560787200000,19.42,19.59,19.35,19.55,2178,4237144.0,0.0,0,19.580000000000002,0
20190619,1560873600000,19.68,20.0,19.55,19.6,4329,8520974.0,0.0,0,19.55,0
20190620,1560960000000,19.58,19.95,19.47,19.75,8232,16209748.000000002,0.0,0,19.599999999999998,0
20190621,1561046400000,19.95,20.25,19.75,20.19,11617,23184436.0,0.0,0,19.75,0
20190624,1561305600000,20.1,20.79,20.0,20.5,12211,24978703.0,0.0,0,20.19,0
20190625,1561392000000,20.48,20.75,20.22,20.689999999999998,8147,16725115.0,0.0,0,20.5,0
20190626,1561478400000,20.7,21.02,20.36,20.86,6925,14399714.0,0.0,0,20.689999999999998,0
20190627,1561564800000,20.860000000000003,21.0,20.51,20.700000000000003,7725,16037197.0,0.0,0,20.860000000000003,0
20190628,1561651200000,20.41,21.150000000000002,20.330000000000002,20.900000000000002,8255,17162280.999999996,0.0,0,20.700000000000003,0
20190701,1561910400000,21.25,21.5,20.95,21.41,11324,24007544.0,0.0,0,20.9,0
20190702,1561996800000,21.45,22.08,21.45,22.0,14949,32685632.000000004,0.0,0,21.41,0
20190703,1562083200000,22.0,22.11,21.63,21.8,8125,17742366.0,0.0,0,22.0,0
20190704,1562169600000,21.79,22.2,21.72,21.89,6366,13991314.000000002,0.0,0,21.799999999999997,0
20190705,1562256000000,21.89,22.27,21.55,21.68,6215,13592202.0,0.0,0,21.89,0
20190708,1562515200000,21.98,21.98,20.82,21.5,9454,20170424.0,0.0,0,21.68,0
20190709,1562601600000,21.2,21.48,21.11,21.3,4780,10145954.0,0.0,0,21.5,0
20190710,1562688000000,21.470000000000002,21.560000000000002,21.1,21.26,5027,10734182.000000002,0.0,0,21.3,0
20190711,1562774400000,21.02,21.400000000000002,20.78,21.01,5328,11245198.0,0.0,0,21.05,0
20190712,1562860800000,21.2,21.31,20.82,20.830000000000002,3331,6972709.000000001,0.0,0,21.01,0
20190715,1563120000000,20.98,21.05,20.5,20.88,4723,9820483.0,0.0,0,20.83,0
20190716,1563206400000,20.880000000000003,21.090000000000003,20.67,20.930000000000003,2926,6125856.000000001,0.0,0,20.880000000000003,0
20190717,1563292800000,21.0,22.599999999999998,20.79,22.5,14664,31714699.000000004,0.0,0,20.93,0
20190718,1563379200000,22.2,22.95,21.66,21.95,35375,79026974.0,0.0,0,22.5,0
20190719,1563465600000,21.500000000000004,21.860000000000003,21.330000000000002,21.590000000000003,13247,28501583.0,0.0,0,21.950000000000003,0
20190722,1563724800000,21.52,21.990000000000002,21.07,21.69,13169,28609538.0,0.0,0,21.59,0
20190723,1563811200000,21.490000000000002,22.18,21.3,21.93,8654,18891226.0,0.0,0,21.69,0
20190724,1563897600000,21.6,21.97,21.5,21.9,14201,30894374.999999996,0.0,0,21.93,0
20190725,1563984000000,21.76,22.060000000000002,21.62,21.85,6965,15202129.000000002,0.0,0,21.900000000000002,0
20190726,1564070400000,21.85,21.96,21.6,21.700000000000003,5798,12628401.0,0.0,0,21.85,0
20190729,1564329600000,21.5,21.68,21.32,21.4,5442,11692434.0,0.0,0,21.7,0
20190730,1564416000000,21.55,21.84,21.43,21.68,4764,10326818.0,0.0,0,21.4,0
20190731,1564502400000,21.52,21.83,21.5,21.75,2903,6293471.000000001,0.0,0,21.68,0
20190801,1564588800000,21.51,21.96,21.51,21.85,4768,10407694.0,0.0,0,21.75,0
20190802,1564675200000,21.5,21.8,21.09,21.6,6374,13671044.000000002,0.0,0,21.85,0
20190805,1564934400000,21.369999999999997,21.7,21.22,21.4,3596,7710891.0,0.0,0,21.599999999999998,0
20190806,1565020800000,21.0,21.4,20.5,21.25,6773,14135048.0,0.0,0,21.4,0
20190807,1565107200000,21.37,21.43,20.8,20.990000000000002,3824,8048019.000000001,0.0,0,21.25,0
20190808,1565193600000,20.830000000000002,21.240000000000002,20.71,20.91,4240,8853261.0,0.0,15,20.990000000000002,0
20190809,1565280000000,20.900000000000002,20.95,20.23,20.400000000000002,3782,7766666.0,0.0,15,20.91,0
20190812,1565539200000,20.2,20.459999999999997,20.06,20.24,3354,6772694.0,0.0,15,20.4,0
20190813,1565625600000,20.05,20.14,19.6,19.770000000000003,5029,9928046.0,0.0,15,20.240000000000002,0
20190814,1565712000000,19.8,20.09,19.7,19.83,3109,6177773.0,0.0,15,19.77,0
20190815,1565798400000,19.75,19.92,19.16,19.84,2545,5008072.0,0.0,15,19.830000000000002,0
20190816,1565884800000,19.93,20.490000000000002,19.82,20.3,5124,10413990.000000002,0.0,15,19.84,0
20190819,1566144000000,20.41,20.77,20.3,20.63,3306,6787308.000000001,0.0,15,20.3,0
20190820,1566230400000,20.560000000000002,20.76,20.55,20.71,3014,6220946.0,0.0,15,20.63,0
20190821,1566316800000,20.75,20.75,20.41,20.6,2501,5161346.0,0.0,15,20.71,0
20190822,1566403200000,20.89,20.89,20.59,20.72,2291,4742908.0,0.0,15,20.6,0
20190823,1566489600000,20.7,20.87,20.61,20.63,1642,3402260.0000000005,0.0,15,20.72,0
20190826,1566748800000,20.6,20.6,20.18,20.4,2427,4946641.0,0.0,15,20.63,0
20190827,1566835200000,20.8,20.900000000000002,20.37,20.740000000000002,6091,12633648.0,0.0,15,20.400000000000002,0
20190828,1566921600000,20.849999999999998,20.849999999999998,20.45,20.74,6365,13162377.0,0.0,15,20.74,0
20190829,1567008000000,20.75,21.18,20.27,20.47,7833,16121336.0,0.0,15,20.74,0
20190830,1567094400000,20.2,20.5,19.93,20.06,5146,10372434.0,0.0,15,20.47,0
20190902,1567353600000,20.020000000000003,20.880000000000003,20.01,20.790000000000003,8642,17771936.0,0.0,15,20.060000000000002,0
20190903,1567440000000,20.62,20.970000000000002,20.53,20.59,3248,6708782.0,0.0,15,20.790000000000003,0
20190904,1567526400000,20.69,20.69,20.3,20.46,4256,8698473.000000002,0.0,15,20.59,0
20190905,1567612800000,20.5,20.77,20.46,20.52,4529,9349554.0,0.0,15,20.46,0
20190906,1567699200000,20.62,20.72,20.48,20.69,3459,7138009.0,0.0,15,20.52,0
20190909,1567958400000,20.89,21.13,20.61,21.02,7885,16489285.000000002,0.0,15,20.689999999999998,0
20190910,1568044800000,21.05,21.37,20.85,21.01,3938,8260523.0,0.0,15,21.020000000000003,0
20190911,1568131200000,21.080000000000002,21.080000000000002,20.71,20.84,3285,6858382.0,0.0,15,21.01,0
20190912,1568217600000,20.630000000000003,20.900000000000002,20.6,20.84,3235,6720037.0,0.0,15,20.84,0
20190916,1568563200000,21.16,21.16,20.55,20.740000000000002,5669,11759441.999999998,0.0,15,20.84,0
20190917,1568649600000,20.580000000000002,20.580000000000002,19.92,20.080000000000002,6348,12833526.000000002,0.0,15,20.740000000000002,0
20190918,1568736000000,20.200000000000003,20.270000000000003,20.1,20.18,1887,3811059.0,0.0,15,20.080000000000002,0
20190919,1568822400000,20.28,20.37,20.09,20.24,3164,6401202.0,0.0,15,20.18,0
20190920,1568908800000,20.46,20.580000000000002,20.19,20.400000000000002,4398,8931670.0,0.0,15,20.240000000000002,0
20190923,1569168000000,20.430000000000003,20.580000000000002,20.01,20.09,3044,6119181.000000001,0.0,15,20.400000000000002,0
20190924,1569254400000,20.09,20.28,20.0,20.06,2185,4396738.0,0.0,15,20.09,0
20190925,1569340800000,20.46,20.46,19.76,19.770000000000003,3592,7149340.0,0.0,15,20.060000000000002,0
20190926,1569427200000,19.35,19.75,19.0,19.4,4688,9074969.000000002,0.0,15,19.77,0
20190927,1569513600000,19.41,19.650000000000002,19.01,19.42,4240,8205576.0,0.0,15,19.400000000000002,0
20190930,1569772800000,19.42,19.42,19.1,19.310000000000002,3119,5998998.0,0.0,15,19.42,0
20191008,1570464000000,19.3,19.44,19.0,19.25,4053,7770765.0,0.0,15,19.31,0
20191009,1570550400000,19.130000000000003,19.490000000000002,19.1,19.43,2973,5728177.0,0.0,15,19.25,0
20191010,1570636800000,19.43,19.66,19.31,19.41,2775,5389777.0,0.0,15,19.43,0
20191011,1570723200000,19.560000000000002,19.73,19.01,19.42,2084,4031400.0,0.0,15,19.41,0
20191014,1570982400000,19.39,19.580000000000002,19.28,19.37,5043,9790068.0,0.0,15,19.42,0
20191015,1571068800000,19.330000000000002,19.37,18.8,19.23,4242,8087200.0,0.0,15,19.37,0
20191016,1571155200000,18.9,19.13,18.56,18.939999999999998,3993,7566758.0,0.0,15,19.23,0
20191017,1571241600000,18.78,19.14,18.78,18.970000000000002,2187,4163615.0,0.0,15,18.94,0
20191018,1571328000000,19.11,19.11,18.8,18.8,2839,5358495.0,0.0,15,18.970000000000002,0
20191021,1571587200000,18.86,19.13,18.8,19.09,2346,4447806.0,0.0,15,18.8,0
20191022,1571673600000,19.1,19.180000000000003,18.900000000000002,18.990000000000002,1721,3281169.0000000005,0.0,15,19.090000000000003,0
20191023,1571760000000,19.080000000000002,19.200000000000003,18.6,18.8,3854,7242485.0,0.0,15,18.990000000000002,0
20191024,1571846400000,18.580000000000002,18.66,18.3,18.41,4626,8505950.0,0.0,15,18.8,0
20191025,1571932800000,18.4,18.54,18.0,18.11,4003,7270921.0,0.0,15,18.41,0
20191028,1572192000000,18.21,18.39,17.94,18.09,4871,8788516.0,0.0,15,18.110000000000003,0
20191029,1572278400000,18.09,18.28,18.0,18.15,2920,5303468.0,0.0,15,18.09,0
20191030,1572364800000,18.06,18.14,17.77,17.97,3778,6751776.000000001,0.0,15,18.15,0
20191031,1572451200000,18.09,18.09,17.57,17.65,3514,6224311.000000001,0.0,15,17.97,0
20191101,1572537600000,17.689999999999998,18.169999999999998,17.11,18.05,5139,9151493.0,0.0,15,17.65,0
20191104,1572796800000,18.05,18.34,18.0,18.13,3386,6157573.999999999,0.0,15,18.05,0
20191105,1572883200000,18.0,18.23,18.0,18.01,1934,3489306.0,0.0,15,18.13,0
20191106,1572969600000,17.87,18.13,17.5,17.61,2933,5188000.000000001,0.0,15,18.01,0
20191107,1573056000000,17.7,18.26,17.41,18.13,4202,7561918.0,0.0,15,17.61,0
20191108,1573142400000,18.05,18.34,17.85,17.860000000000003,2961,5341416.0,0.0,15,18.130000000000003,0
20191111,1573401600000,17.85,18.2,17.46,17.900000000000002,3977,7098333.0,0.0,15,17.86,0
20191112,1573488000000,18.189999999999998,18.189999999999998,17.61,17.84,2413,4305389.0,0.0,15,17.9,0
20191113,1573574400000,18.080000000000002,18.2,17.8,18.060000000000002,2164,3891597.0000000005,0.0,15,17.84,0
20191114,1573660800000,17.92,18.6,17.71,18.45,6383,11743256.0,0.0,15,18.060000000000002,0
20191115,1573747200000,18.3,18.67,18.12,18.220000000000002,5760,10615086.0,0.0,15,18.45,0
20191118,1574006400000,17.990000000000002,18.6,17.8,18.580000000000002,6911,12634595.0,0.0,15,18.220000000000002,0
20191119,1574092800000,18.580000000000002,18.78,18.39,18.59,5635,10504333.000000002,0.0,15,18.580000000000002,0
20191120,1574179200000,18.68,18.740000000000002,18.23,18.3,3667,6758899.000000001,0.0,15,18.59,0
20191121,1574265600000,18.8,18.8,18.21,18.490000000000002,4001,7414538.0,0.0,15,18.3,0
20191122,1574352000000,18.310000000000002,18.59,18.3,18.48,3877,7143185.0,0.0,15,18.490000000000002,0
20191125,1574611200000,18.35,18.450000000000003,17.92,18.1,2974,5374220.000000001,0.0,15,18.48,0
20191126,1574697600000,18.12,18.26,17.92,18.19,1577,2860124.0,0.0,15,18.1,0
20191127,1574784000000,17.91,18.2,17.91,18.0,1704,3077136.0,0.0,15,18.19,0
20191128,1574870400000,18.099999999999998,18.099999999999998,17.52,17.78,2127,3796353.9999999995,0.0,15,18.0,0
20191129,1574956800000,17.599999999999998,18.0,17.56,17.84,2110,3748336.0,0.0,15,17.779999999999998,0
20191202,1575216000000,17.6,17.96,17.6,17.8,2888,5140278.999999999,0.0,15,17.84,0
20191203,1575302400000,17.650000000000002,17.92,17.650000000000002,17.900000000000002,1952,3479759.0,0.0,15,17.8,0
20191204,1575388800000,17.91,17.990000000000002,17.6,17.740000000000002,2326,4147190.0,0.0,15,17.900000000000002,0
20191205,1575475200000,17.779999999999998,17.88,17.63,17.7,3555,6292015.000000001,0.0,15,17.74,0
20191206,1575561600000,17.7,18.04,17.63,17.99,4016,7161328.000000001,0.0,15,17.7,0
20191209,1575820800000,17.9,18.78,17.86,18.57,8980,16521242.0,0.0,15,17.99,0
20191210,1575907200000,18.57,18.59,18.27,18.39,4261,7849709.0,0.0,15,18.57,0
20191211,1575993600000,18.37,18.47,18.11,18.16,3020,5516045.0,0.0,15,18.39,0
20191212,1576080000000,18.200000000000003,18.270000000000003,18.01,18.150000000000002,1787,3235000.0,0.0,15,18.16,0
20191213,1576166400000,18.279999999999998,18.279999999999998,17.97,18.099999999999998,1929,3496487.0,0.0,15,18.15,0
20191216,1576425600000,18.0,18.3,17.96,18.26,4795,8685423.0,0.0,15,18.1,0
20191217,1576512000000,18.22,18.54,18.22,18.439999999999998,3821,7026995.0,0.0,15,18.259999999999998,0
20191218,1576598400000,18.34,18.57,18.29,18.34,3680,6776341.000000001,0.0,15,18.439999999999998,0
20191219,1576684800000,18.439999999999998,18.48,18.2,18.3,3067,5625459.0,0.0,15,18.34,0
20191220,1576771200000,18.3,18.45,18.2,18.2,3490,6397891.999999999,0.0,15,18.3,0
20191223,1577030400000,18.35,18.37,17.82,17.93,3843,6932673.0,0.0,15,18.2,0
20191224,1577116800000,17.919999999999998,18.25,17.29,18.119999999999997,4122,7411723.999999999,0.0,15,17.93,0
20191225,1577203200000,18.099999999999998,18.18,17.81,18.099999999999998,1850,3340077.0,0.0,15,18.119999999999997,0
20191226,1577289600000,18.099999999999998,18.23,18.02,18.099999999999998,1394,2523978.0,0.0,15,18.099999999999998,0
20191227,1577376000000,18.060000000000002,18.400000000000002,17.92,18.180000000000003,3557,6486851.0,0.0,15,18.1,0
20191230,1577635200000,18.0,18.18,17.61,18.16,3890,6976014.0,0.0,15,18.18,0
20191231,1577721600000,18.12,18.330000000000002,17.900000000000002,18.150000000000002,4085,7388260.0,0.0,15,18.160000000000004,0
20200102,1577894400000,18.13,18.39,18.13,18.39,4327,7931316.000000001,0.0,15,18.15,0
20200103,1577980800000,18.39,18.53,18.26,18.470000000000002,7622,14047175.0,0.0,15,18.39,0
20200106,1578240000000,18.47,19.07,18.47,18.599999999999998,6166,11525149.0,0.0,15,18.47,0
20200107,1578326400000,18.48,18.76,18.48,18.740000000000002,4454,8306596.0,0.0,15,18.6,0
20200108,1578412800000,18.98,19.0,18.56,18.63,6402,12033236.999999998,0.0,15,18.74,0
20200109,1578499200000,18.38,18.669999999999998,18.38,18.64,5770,10717455.0,0.0,15,18.63,0
20200110,1578585600000,18.64,18.7,18.5,18.55,2817,5235112.000000001,0.0,15,18.64,0
20200113,1578844800000,18.53,18.720000000000002,18.400000000000002,18.500000000000004,4053,7502809.0,0.0,15,18.55,0
20200114,1578931200000,18.5,18.68,18.46,18.650000000000002,2828,5247774.0,0.0,15,18.5,0
20200115,1579017600000,18.630000000000003,18.630000000000003,18.28,18.32,2909,5344458.0,0.0,15,18.650000000000002,0
20200116,1579104000000,18.32,18.490000000000002,18.3,18.3,2834,5210885.0,0.0,15,18.32,0
20200117,1579190400000,18.3,18.44,17.92,17.96,4079,7397374.0,0.0,15,18.3,0
20200120,1579449600000,17.9,18.009999999999998,17.86,17.88,4037,7231376.999999999,0.0,15,17.96,0
20200121,1579536000000,18.400000000000002,18.400000000000002,17.6,17.630000000000003,4398,7806848.0,0.0,15,17.880000000000003,0
20200122,1579622400000,17.64,17.64,17.29,17.43,3679,6405032.0,0.0,15,17.63,0
20200123,1579708800000,17.39,17.5,16.48,17.43,9051,15454761.000000002,0.0,15,17.43,0
20200203,1580659200000,15.69,16.599999999999998,15.69,15.69,3799,5963557.0,0.0,15,17.43,0
20200204,1580745600000,15.139999999999999,15.649999999999999,14.94,15.11,12220,18603836.0,0.0,15,15.69,0
20200205,1580832000000,15.01,15.49,15.01,15.36,8355,12791491.0,0.0,15,15.11,0
20200206,1580918400000,15.34,16.2,15.18,15.98,10506,16429053.0,0.0,15,15.36,0
20200207,1581004800000,15.83,16.29,15.69,15.809999999999999,5179,8207319.0,0.0,15,15.979999999999999,0
20200210,1581264000000,15.82,16.02,15.67,16.02,3684,5854202.000000001,0.0,15,15.81,0
20200211,1581350400000,17.0,17.0,16.05,16.220000000000002,5725,9318644.0,0.0,15,16.02,0
20200212,1581436800000,16.130000000000003,16.28,15.950000000000001,16.200000000000003,3474,5603133.0,0.0,15,16.220000000000002,0
20200213,1581523200000,16.240000000000002,16.31,15.9,15.950000000000001,2896,4642213.0,0.0,15,16.2,0
20200214,1581609600000,16.080000000000002,16.220000000000002,15.790000000000001,15.9,2999,4773066.0,0.0,15,15.950000000000001,0
20200217,1581868800000,15.97,16.44,15.81,16.400000000000002,5715,9305654.0,0.0,15,15.9,0
20200218,1581955200000,16.470000000000002,16.720000000000002,16.3,16.51,5590,9212951.0,0.0,15,16.400000000000002,0
20200219,1582041600000,16.4,16.62,16.0,16.3,9195,15035975.0,0.0,15,16.51,0
20200220,1582128000000,16.28,16.64,16.25,16.57,8042,13272024.000000002,0.0,15,16.3,0
20200221,1582214400000,16.610000000000003,16.830000000000002,16.51,16.62,6254,10419687.0,0.0,15,16.57,0
20200224,1582473600000,16.7,16.77,16.23,16.400000000000002,7981,13092880.0,0.0,15,16.62,0
20200225,1582560000000,16.259999999999998,16.259999999999998,15.69,15.93,12388,19644701.0,0.0,15,16.4,0
20200226,1582646400000,15.870000000000001,16.27,15.73,15.92,8043,12873786.000000002,0.0,15,15.93,0
20200227,1582732800000,15.96,16.23,15.81,16.01,9745,15604342.0,0.0,15,15.92,0
20200228,1582819200000,15.72,15.92,15.3,15.38,9927,15428861.999999998,0.0,15,16.01,0
20200302,1583078400000,15.39,15.81,15.39,15.75,5992,9392714.0,0.0,15,15.38,0
20200303,1583164800000,15.959999999999999,16.07,15.6,15.78,8188,12986858.0,0.0,15,15.75,0
20200304,1583251200000,15.68,16.24,15.58,16.04,5566,8912772.0,0.0,15,15.78,0
20200305,1583337600000,16.18,16.64,16.13,16.509999999999998,8312,13681616.000000002,0.0,15,16.04,0
20200306,1583424000000,16.32,16.61,16.32,16.490000000000002,5503,9063675.000000002,0.0,15,16.51,0
20200309,1583683200000,16.44,16.44,16.0,16.03,8208,13226991.0,0.0,15,16.49,0
20200310,1583769600000,15.99,16.19,15.81,16.19,5989,9609748.0,0.0,15,16.03,0
20200311,1583856000000,16.29,16.74,16.25,16.25,8698,14327039.000000002,0.0,15,16.19,0
20200312,1583942400000,16.11,16.240000000000002,15.81,15.96,5754,9175371.0,0.0,15,16.25,0
20200313,1584028800000,15.71,15.8,14.870000000000001,15.8,6456,9964384.0,0.0,15,15.96,0
20200316,1584288000000,15.930000000000001,16.400000000000002,15.21,15.520000000000001,8195,12989247.0,0.0,15,15.8,0
20200317,1584374400000,15.2,15.68,15.02,15.389999999999999,5527,8437288.000000002,0.0,15,15.52,0
20200318,1584460800000,15.4,15.6,15.1,15.129999999999999,3634,5568919.000000001,0.0,15,15.389999999999999,0
20200319,1584547200000,15.350000000000001,15.350000000000001,14.8,14.96,4628,6935755.0,0.0,15,15.13,0
20200320,1584633600000,15.5,15.5,14.99,15.1,6514,9863884.0,0.0,15,14.96,0
20200323,1584892800000,15.010000000000002,15.010000000000002,14.620000000000001,14.65,5951,8771142.0,0.0,15,15.100000000000001,0
20200324,1584979200000,14.69,14.92,14.66,14.78,4830,7128864.000000001,0.0,15,14.65,0
20200325,1585065600000,15.120000000000001,15.15,14.71,14.950000000000001,7817,11647694.0,0.0,15,14.780000000000001,0
20200326,1585152000000,14.830000000000002,14.920000000000002,14.700000000000001,14.920000000000002,4965,7352584.0,0.0,15,14.950000000000001,0
20200327,1585238400000,15.049999999999999,15.06,14.85,14.879999999999999,5094,7622505.999999999,0.0,15,14.92,0
20200330,1585497600000,14.75,14.77,14.4,14.75,5709,8349670.0,0.0,15,14.88,0
20200331,1585584000000,14.97,15.4,14.790000000000001,15.350000000000001,9009,13624099.000000002,0.0,15,14.750000000000002,0
20200401,1585670400000,15.3,15.49,15.06,15.18,9608,14675331.0,0.0,15,15.35,0
20200402,1585756800000,15.03,15.31,15.0,15.28,5658,8611588.0,0.0,15,15.18,0
20200403,1585843200000,15.27,15.37,15.0,15.37,5902,8985658.0,0.0,15,15.28,0
20200407,1586188800000,15.370000000000001,15.71,15.31,15.71,9902,15344194.999999998,0.0,15,15.370000000000001,0
20200408,1586275200000,15.95,15.95,15.42,15.54,7708,12030951.999999998,0.0,15,15.709999999999999,0
20200409,1586361600000,15.540000000000001,15.690000000000001,15.280000000000001,15.430000000000001,6103,9426447.0,0.0,15,15.540000000000001,0
20200410,1586448000000,15.35,15.5,15.1,15.27,3702,5639809.0,0.0,15,15.43,0
20200413,1586707200000,15.270000000000001,16.5,15.200000000000001,15.88,22063,35121014.0,0.0,15,15.270000000000001,0
20200414,1586793600000,15.969999999999999,15.969999999999999,15.52,15.65,10150,15919274.0,0.0,15,15.879999999999999,0
20200415,1586880000000,15.55,15.63,15.3,15.48,9428,14558806.0,0.0,15,15.65,0
20200416,1586966400000,15.37,15.58,15.27,15.54,6427,9922874.999999998,0.0,15,15.48,0
20200417,1587052800000,15.540000000000001,16.37,15.46,15.99,13357,21218200.999999996,0.0,15,15.540000000000001,0
20200420,1587312000000,16.0,17.59,15.84,17.009999999999998,25044,41483385.0,0.0,15,15.99,0
20200421,1587398400000,16.85,17.990000000000002,16.6,17.630000000000003,33159,57729615.00000001,0.0,15,17.01,0
20200422,1587484800000,17.400000000000002,17.85,17.1,17.380000000000003,16829,29338966.999999996,0.0,15,17.630000000000003,0
20200423,1587571200000,17.009999999999998,17.4,16.7,16.79,17518,29645201.0,0.0,15,17.38,0
20200424,1587657600000,16.79,17.7,16.63,17.31,32328,55576898.00000001,0.0,15,16.79,0
20200427,1587916800000,16.99,17.0,15.58,15.96,23144,37242458.0,0.0,15,17.31,0
20200428,1588003200000,15.96,15.96,14.82,15.16,11393,17405634.0,0.0,15,15.96,0
20200429,1588089600000,15.18,15.49,15.07,15.16,6228,9508350.0,0.0,15,15.16,0
20200430,1588176000000,15.28,15.78,15.18,15.549999999999999,7213,11185207.0,0.0,15,15.16,0
20200506,1588694400000,15.540000000000001,15.940000000000001,15.3,15.82,6854,10775615.0,0.0,15,15.55,0
20200507,1588780800000,15.72,16.220000000000002,15.700000000000001,16.1,9836,15799460.0,0.0,15,15.82,0
20200508,1588867200000,16.19,16.69,16.05,16.220000000000002,11631,18940585.0,0.0,15,16.1,0
20200511,1589126400000,16.13,16.47,16.02,16.3,8330,13585062.999999998,0.0,15,16.22,0
20200512,1589212800000,16.35,16.56,15.9,16.02,7578,12217795.0,0.0,15,16.3,0
20200513,1589299200000,15.959999999999999,16.1,15.85,16.03,4874,7781661.000000001,0.0,15,16.02,0
20200514,1589385600000,16.02,16.34,15.9,16.18,7266,11734036.999999998,0.0,15,16.03,0
20200515,1589472000000,16.27,16.59,16.02,16.25,9733,15900824.0,0.0,15,16.18,0
20200518,1589731200000,16.45,16.73,16.13,16.58,11901,19575261.0,0.0,15,16.25,0
20200519,1589817600000,16.55,16.78,16.42,16.560000000000002,7117,11778450.0,0.0,15,16.580000000000002,0
20200520,1589904000000,16.610000000000003,16.610000000000003,16.1,16.3,7428,12103975.0,0.0,15,16.560000000000002,0
20200521,1589990400000,16.28,16.29,15.92,16.03,3827,6160414.0,0.0,15,16.3,0
20200522,1590076800000,15.86,16.09,15.66,15.7,4763,7539329.0,0.0,15,16.03,0
20200525,1590336000000,15.700000000000001,15.950000000000001,15.55,15.71,4947,7788089.999999999,0.0,15,15.700000000000001,0
20200526,1590422400000,16.1,16.1,15.71,16.05,4409,7024784.000000001,0.0,15,15.71,0
20200527,1590508800000,16.05,16.1,15.780000000000001,15.89,2831,4500689.0,0.0,15,16.05,0
20200528,1590595200000,15.68,16.66,15.68,16.64,15613,25409744.0,0.0,15,15.89,0
20200529,1590681600000,16.64,17.2,16.32,16.740000000000002,18350,30623488.0,0.0,15,16.64,0
20200601,1590940800000,17.0,17.0,16.61,16.74,12059,20194566.0,0.0,15,16.74,0
20200602,1591027200000,16.74,17.2,16.65,16.95,13196,22430254.000000004,0.0,15,16.74,0
20200603,1591113600000,17.05,17.6,16.82,16.9,14042,24078312.000000004,0.0,15,16.95,0
20200604,1591200000000,17.15,17.15,16.65,16.919999999999998,7663,12945094.999999998,0.0,15,16.9,0
20200605,1591286400000,17.13,17.38,16.77,17.18,10056,17254041.0,0.0,15,16.919999999999998,0
20200608,1591545600000,17.45,17.59,17.0,17.04,7277,12472340.999999998,0.0,15,17.18,0
20200609,1591632000000,16.99,17.169999999999998,16.59,17.0,6970,11796831.0,0.0,15,17.04,0
20200610,1591718400000,17.0,17.47,16.93,17.23,9379,16152254.000000002,0.0,15,17.0,0
20200611,1591804800000,17.27,17.85,17.21,17.6,28473,49877663.0,0.0,15,17.23,0
20200612,1591891200000,17.48,18.39,17.26,18.270000000000003,26008,46965910.0,0.0,15,17.6,0
20200615,1592150400000,18.45,18.89,18.2,18.58,24359,45104021.0,0.0,15,18.27,0
20200616,1592236800000,18.51,18.700000000000003,18.240000000000002,18.410000000000004,13065,24049864.0,0.0,15,18.580000000000002,0
20200617,1592323200000,18.8,18.880000000000003,18.28,18.560000000000002,15157,28087947.0,0.0,15,18.41,0
20200618,1592409600000,18.44,18.700000000000003,18.01,18.21,16998,31137614.999999996,0.0,15,18.560000000000002,0
20200619,1592496000000,18.29,18.29,17.88,17.89,11773,21270387.000000004,0.0,15,18.209999999999997,0
20200622,1592755200000,18.03,18.419999999999998,17.77,17.86,15852,28580378.000000004,0.0,15,17.89,0
20200623,1592841600000,17.84,18.07,17.52,17.62,12142,21424760.0,0.0,15,17.86,0
20200624,1592928000000,17.62,17.77,17.3,17.36,11272,19631026.0,0.0,15,17.62,0
20200629,1593360000000,17.34,17.34,16.94,17.07,11090,18951041.0,0.0,15,17.360000000000003,0
20200630,1593446400000,17.01,17.46,17.01,17.130000000000003,9218,15905779.000000002,0.0,15,17.07,0
20200701,1593532800000,17.169999999999998,17.65,16.95,17.509999999999998,14682,25530279.0,0.0,15,17.13,0
20200702,1593619200000,17.5,17.68,17.34,17.46,13712,23908774.0,0.0,15,17.51,0
20200703,1593705600000,17.48,18.16,17.44,18.03,16221,28977740.0,0.0,15,17.46,0
20200706,1593964800000,18.1,18.740000000000002,18.1,18.53,25172,46527752.0,0.0,15,18.03,0
20200707,1594051200000,18.54,19.19,18.3,19.0,32502,61043831.0,0.0,15,18.53,0
20200708,1594137600000,19.1,19.46,18.69,19.43,32018,61282481.0,0.0,15,19.0,0
20200709,1594224000000,19.7,20.16,19.31,20.0,31346,62438664.99999999,0.0,15,19.43,0
20200710,1594310400000,20.009999999999998,22.0,19.7,21.22,53110,112581989.0,0.0,15,20.0,0
20200713,1594569600000,21.1,21.42,20.650000000000002,20.950000000000003,31078,65045532.00000001,0.0,15,21.1,0
20200714,1594656000000,20.85,21.880000000000003,20.6,20.740000000000002,34223,72070666.0,0.0,15,20.950000000000003,0
20200715,1594742400000,20.74,20.91,20.25,20.4,22051,45228757.0,0.0,15,20.74,0
20200716,1594828800000,20.400000000000002,20.590000000000003,19.92,20.0,16985,34495530.0,0.0,15,20.400000000000002,0
20200717,1594915200000,20.28,20.65,19.61,20.52,15059,30360181.000000004,0.0,15,20.0,0
20200720,1595174400000,20.939999999999998,21.58,20.56,21.45,28050,59105368.0,0.0,15,20.52,0
20200721,1595260800000,21.25,22.0,21.07,21.080000000000002,17534,37565030.0,0.0,15,21.45,0
20200722,1595347200000,21.200000000000003,21.560000000000002,20.92,21.180000000000003,14179,30174149.0,0.0,15,21.080000000000002,0
20200723,1595433600000,20.990000000000002,21.32,20.21,20.66,23194,47782578.0,0.0,15,21.18,0
20200724,1595520000000,20.8,21.000000000000004,19.900000000000002,20.39,19307,39391042.0,0.0,15,20.660000000000004,0
20200727,1595779200000,20.12,20.540000000000003,19.78,20.1,14331,28736956.0,0.0,15,20.39,0
20200728,1595865600000,20.080000000000002,20.6,20.03,20.18,11283,22872282.0,0.0,15,20.1,0
20200729,1595952000000,20.38,20.38,20.02,20.29,9493,19205059.0,0.0,15,20.18,0
20200730,1596038400000,20.35,20.580000000000002,20.240000000000002,20.240000000000002,9545,19440155.0,0.0,15,20.290000000000003,0
20200731,1596124800000,20.470000000000002,20.48,19.740000000000002,20.240000000000002,19831,39946071.0,0.0,15,20.240000000000002,0
20200803,1596384000000,20.35,22.16,20.25,22.0,44054,94018718.0,0.0,15,20.24,0
20200804,1596470400000,22.3,22.310000000000002,21.71,21.970000000000002,20175,44447591.0,0.0,15,22.0,0
20200805,1596556800000,21.98,22.63,21.7,22.14,22164,49037726.00000001,0.0,15,21.97,0
20200806,1596643200000,22.14,22.79,21.7,22.46,30371,67703603.99999999,0.0,15,22.14,0
20200807,1596729600000,22.3,22.500000000000004,21.400000000000002,21.810000000000002,20563,45109546.0,0.0,15,22.46,0
20200810,1596988800000,21.8,22.51,21.73,21.900000000000002,18232,40189502.99999999,0.0,15,21.81,0
20200811,1597075200000,21.87,22.23,21.21,21.55,24405,53214944.0,0.0,15,21.900000000000002,0
20200812,1597161600000,21.55,21.810000000000002,19.6,19.82,29207,59022982.99999999,0.0,15,21.55,0
20200813,1597248000000,19.790000000000003,20.150000000000002,19.330000000000002,19.700000000000003,21307,42097603.0,0.0,15,19.82,0
20200814,1597334400000,19.8,20.200000000000003,19.42,19.930000000000003,21430,42439136.00000001,0.0,15,19.700000000000003,0
20200817,1597593600000,19.91,20.6,19.55,20.35,27130,54573953.0,0.0,15,19.93,0
20200818,1597680000000,20.220000000000002,20.68,20.1,20.6,18385,37485950.0,0.0,15,20.35,0
20200819,1597766400000,20.9,21.22,20.2,20.61,19348,40236796.00000001,0.0,15,20.599999999999998,0
20200820,1597852800000,20.290000000000003,20.580000000000002,19.85,20.07,17057,34270853.0,0.0,15,20.610000000000003,0
20200821,1597939200000,20.15,20.42,19.91,20.14,7500,15100047.0,0.0,15,20.07,0
20200824,1598198400000,20.400000000000002,20.400000000000002,19.42,19.69,25557,50187871.0,0.0,15,20.14,0
20200825,1598284800000,19.79,19.79,19.3,19.53,11222,21846219.0,0.0,15,19.69,0
20200826,1598371200000,19.65,19.669999999999998,18.72,18.9,14865,28343250.000000004,0.0,15,19.529999999999998,0
20200827,1598457600000,18.810000000000002,19.28,18.6,19.130000000000003,11562,21993410.0,0.0,15,18.900000000000002,0
20200828,1598544000000,19.16,19.599999999999998,18.95,19.24,9622,18512563.0,0.0,15,19.13,0
20200831,1598803200000,19.5,19.5,18.85,18.92,12706,24388263.000000004,0.0,15,19.240000000000002,0
20200901,1598889600000,18.98,19.080000000000002,18.580000000000002,18.740000000000002,14518,27345911.0,0.0,15,18.92,0
20200902,1598976000000,18.85,19.23,18.73,19.2,11350,21580690.0,0.0,15,18.740000000000002,0
20200903,1599062400000,19.21,19.400000000000002,18.62,18.8,10414,19606930.0,0.0,15,19.2,0
20200904,1599148800000,18.650000000000002,18.970000000000002,18.1,18.900000000000002,13303,24810130.0,0.0,15,18.8,0
20200907,1599408000000,19.2,19.2,18.22,18.36,12421,23185651.000000004,0.0,15,18.9,0
20200908,1599494400000,18.369999999999997,18.49,17.97,18.31,11894,21602259.0,0.0,15,18.36,0
20200909,1599580800000,18.16,18.3,17.62,18.0,7919,14299012.0,0.0,15,18.310000000000002,0
20200910,1599667200000,18.13,18.13,17.2,17.2,10814,19066491.0,0.0,15,18.0,0
20200911,1599753600000,17.26,17.610000000000003,17.080000000000002,17.6,7447,12961987.0,0.0,15,17.200000000000003,0
20200914,1600012800000,17.42,17.830000000000002,17.42,17.73,8618,15241836.0,0.0,15,17.6,0
20200915,1600099200000,17.650000000000002,17.860000000000003,17.330000000000002,17.470000000000002,8197,14365310.0,0.0,15,17.73,0
20200916,1600185600000,17.58,17.63,17.13,17.4,8622,14936455.0,0.0,15,17.47,0
20200917,1600272000000,17.5,17.88,17.38,17.75,11708,20716626.0,0.0,15,17.4,0
20200918,1600358400000,17.71,18.54,17.61,18.31,12488,22731057.000000004,0.0,15,17.75,0
20200921,1600617600000,18.34,18.83,18.34,18.5,10718,19898552.000000004,0.0,15,18.31,0
20200922,1600704000000,18.45,18.45,17.91,18.03,8188,14844954.999999998,0.0,15,18.5,0
20200923,1600790400000,18.060000000000002,18.200000000000003,17.830000000000002,17.96,9600,17290913.0,0.0,15,18.03,0
20200924,1600876800000,17.9,17.919999999999998,17.31,17.7,6606,11631447.0,0.0,15,17.959999999999997,0
20200925,1600963200000,18.04,18.04,17.39,17.53,5310,9318195.0,0.0,15,17.7,0
20200928,1601222400000,17.560000000000002,17.770000000000003,17.26,17.46,4007,6990877.0,0.0,15,17.53,0
20200929,1601308800000,17.6,17.69,17.28,17.540000000000003,6268,10973139.0,0.0,15,17.46,0
20200930,1601395200000,17.37,17.650000000000002,17.37,17.560000000000002,4073,7135811.000000001,0.0,15,17.540000000000003,0
20201009,1602172800000,17.76,18.17,17.71,17.79,5475,9792949.0,0.0,15,17.560000000000002,0
20201012,1602432000000,17.84,18.2,17.84,18.12,7577,13698705.0,0.0,15,17.79,0
20201013,1602518400000,18.12,18.220000000000002,17.900000000000002,18.020000000000003,9383,16924091.0,0.0,15,18.12,0
20201014,1602604800000,18.02,18.130000000000003,17.71,17.8,8408,14962597.0,0.0,15,18.02,0
20201015,1602691200000,17.8,18.12,17.76,18.12,8910,16009375.000000002,0.0,15,17.8,0
20201016,1602777600000,18.12,18.34,18.0,18.24,8679,15777083.0,0.0,15,18.12,0
20201019,1603036800000,18.35,18.35,18.07,18.13,6176,11218443.999999998,0.0,15,18.240000000000002,0
20201020,1603123200000,18.15,18.33,18.0,18.08,3138,5676196.0,0.0,15,18.13,0
20201021,1603209600000,17.91,18.35,17.91,18.06,5193,9436764.0,0.0,15,18.080000000000002,0
20201022,1603296000000,17.96,18.220000000000002,17.71,18.17,4512,8110758.999999999,0.0,15,18.060000000000002,0
20201023,1603382400000,18.17,18.17,17.69,17.8,5975,10681719.0,0.0,15,18.17,0
20201026,1603641600000,17.64,17.669999999999998,17.18,17.29,8949,15558791.999999998,0.0,15,17.8,0
20201027,1603728000000,17.26,17.43,17.05,17.1,6427,11040661.999999998,0.0,15,17.29,0
20201028,1603814400000,17.12,17.29,16.66,16.92,5508,9269033.0,0.0,15,17.1,0
20201029,1603900800000,16.89,17.09,16.61,16.99,5945,10054401.0,0.0,15,16.919999999999998,0
20201030,1603987200000,16.87,17.3,16.75,16.87,9239,15655031.0,0.0,15,16.99,0
20201102,1604246400000,16.77,17.19,16.52,16.98,6733,11442455.0,0.0,15,16.87,0
20201103,1604332800000,16.89,17.12,16.84,17.07,8120,13797029.0,0.0,15,16.98,0
20201104,1604419200000,16.96,17.05,16.77,17.0,4489,7574842.0,0.0,15,17.07,0
20201105,1604505600000,17.02,17.310000000000002,16.96,17.29,5393,9270245.0,0.0,15,17.0,0
20201106,1604592000000,17.29,17.88,17.16,17.7,11517,20270330.0,0.0,15,17.29,0
20201109,1604851200000,17.69,17.76,17.55,17.67,9812,17318958.0,0.0,15,17.7,0
20201110,1604937600000,17.67,17.8,17.44,17.5,5870,10306135.0,0.0,15,17.67,0
20201111,1605024000000,17.5,17.56,17.11,17.22,6603,11381420.0,0.0,15,17.5,0
20201112,1605110400000,17.21,17.21,16.89,17.05,4217,7173921.0,0.0,15,17.22,0
20201113,1605196800000,17.05,17.2,16.93,17.13,3178,5417768.000000001,0.0,15,17.05,0
20201116,1605456000000,17.2,17.56,17.16,17.45,8310,14480144.000000002,0.0,15,17.13,0
20201117,1605542400000,17.32,17.8,17.32,17.62,13215,23281084.0,0.0,15,17.45,0
20201118,1605628800000,17.62,17.900000000000002,17.51,17.650000000000002,5867,10408110.0,0.0,15,17.62,0
20201119,1605715200000,17.65,17.96,17.52,17.88,6775,12045414.0,0.0,15,17.65,0
20201120,1605801600000,17.880000000000003,17.96,17.400000000000002,17.650000000000002,7905,14036026.0,0.0,15,17.880000000000003,0
20201123,1606060800000,17.7,18.48,17.63,18.189999999999998,12785,23184869.000000004,0.0,15,17.65,0
20201124,1606147200000,18.38,18.38,17.97,18.009999999999998,4989,9016726.0,0.0,15,18.189999999999998,0
20201125,1606233600000,18.01,18.3,18.01,18.01,4755,8599514.000000002,0.0,15,18.01,0
20201126,1606320000000,18.0,18.25,17.94,18.02,9622,17374762.0,0.0,15,18.01,0
20201127,1606406400000,18.1,19.28,17.92,18.85,22198,41380719.0,0.0,15,18.020000000000003,0
20201130,1606665600000,18.75,18.94,18.3,18.36,15711,29107040.000000004,0.0,15,18.85,0
20201201,1606752000000,18.36,19.150000000000002,18.23,18.580000000000002,16100,30243022.0,0.0,15,18.36,0
20201202,1606838400000,18.69,18.78,18.330000000000002,18.6,11432,21174382.000000004,0.0,15,18.580000000000002,0
20201203,1606924800000,18.740000000000002,18.740000000000002,18.42,18.470000000000002,5607,10381388.0,0.0,15,18.6,0
20201204,1607011200000,18.299999999999997,18.58,18.22,18.41,6090,11198865.0,0.0,15,18.47,0
20201207,1607270400000,18.41,18.55,18.0,18.09,5463,9977083.0,0.0,15,18.41,0
20201208,1607356800000,18.02,18.45,17.98,18.14,4722,8584241.0,0.0,15,18.09,0
20201209,1607443200000,18.25,18.25,17.46,17.490000000000002,6149,10968791.0,0.0,15,18.14,0
20201210,1607529600000,17.509999999999998,17.58,17.18,17.509999999999998,5460,9488993.0,0.0,15,17.49,0
20201211,1607616000000,17.54,17.74,17.2,17.39,4490,7839760.0,0.0,15,17.509999999999998,0
20201214,1607875200000,17.21,17.55,17.2,17.46,2791,4859695.0,0.0,15,17.39,0
20201215,1607961600000,17.37,17.73,17.37,17.53,3149,5518920.0,0.0,15,17.46,0
20201216,1608048000000,17.43,17.53,17.23,17.34,3252,5643467.000000001,0.0,15,17.53,0
20201217,1608134400000,17.32,17.52,17.0,17.5,4183,7224959.0,0.0,15,17.34,0
20201218,1608220800000,17.540000000000003,17.55,17.080000000000002,17.270000000000003,3593,6195243.0,0.0,15,17.500000000000004,0
20201221,1608480000000,17.290000000000003,17.380000000000003,17.01,17.35,6383,10970723.0,0.0,15,17.270000000000003,0
20201222,1608566400000,17.12,17.3,16.740000000000002,16.8,5161,8760137.0,0.0,15,17.35,0
20201223,1608652800000,16.81,17.17,16.66,16.94,4150,6997660.0,0.0,15,16.8,0
20201224,1608739200000,17.07,17.1,16.6,16.68,5159,8646608.0,0.0,15,16.94,0
20201225,1608825600000,16.5,16.75,16.39,16.47,4394,7270938.0,0.0,15,16.68,0
20201228,1609084800000,16.6,16.64,15.92,16.0,6739,10895206.0,0.0,15,16.47,0
20201229,1609171200000,16.0,16.02,15.620000000000001,15.780000000000001,6685,10543540.999999998,0.0,15,16.0,0
20201230,1609257600000,15.65,16.01,15.610000000000001,15.990000000000002,6005,9540743.0,0.0,15,15.780000000000001,0
20201231,1609344000000,16.0,16.150000000000002,15.860000000000001,16.0,5194,8323805.0,0.0,15,15.990000000000002,0
20210104,1609689600000,16.2,16.45,15.84,16.38,9593,15501017.000000002,0.0,15,16.0,0
20210105,1609776000000,16.400000000000002,16.470000000000002,16.05,16.21,10202,16574356.0,0.0,15,16.38,0
20210106,1609862400000,16.05,17.830000000000002,15.96,17.830000000000002,31783,53596663.0,0.0,15,16.21,0
20210107,1609948800000,17.8,17.8,16.98,17.41,23063,39930680.0,0.0,15,17.830000000000002,0
20210108,1610035200000,17.3,17.3,16.52,16.82,15875,26554293.0,0.0,15,17.41,0
20210111,1610294400000,16.5,18.470000000000002,16.46,17.580000000000002,28397,50126468.00000001,0.0,15,16.82,0
20210112,1610380800000,17.0,18.14,16.85,17.8,16782,29576358.0,0.0,15,17.580000000000002,0
20210113,1610467200000,17.8,18.03,17.2,17.62,9910,17451086.0,0.0,15,17.8,0
20210114,1610553600000,17.62,17.62,17.1,17.3,9724,16830866.0,0.0,15,17.62,0
20210115,1610640000000,17.26,18.35,17.1,17.85,14910,26663411.0,0.0,15,17.3,0
20210118,1610899200000,17.680000000000003,17.950000000000003,17.51,17.700000000000003,13177,23299583.000000004,0.0,15,17.85,0
20210119,1610985600000,17.55,17.7,17.2,17.2,9744,16920429.0,0.0,15,17.7,0
20210120,1611072000000,17.06,17.81,17.06,17.4,14856,25930724.0,0.0,15,17.2,0
20210121,1611158400000,17.38,17.39,17.11,17.259999999999998,6789,11688735.0,0.0,15,17.4,0
20210122,1611244800000,17.14,17.25,16.5,16.55,10136,16941286.0,0.0,15,17.26,0
20210125,1611504000000,16.54,16.54,15.98,16.09,9438,15173503.0,0.0,15,16.55,0
20210126,1611590400000,15.910000000000002,16.28,15.700000000000001,15.760000000000002,6549,10390715.999999998,0.0,15,16.09,0
20210127,1611676800000,15.76,15.959999999999999,15.76,15.9,3516,5569311.000000001,0.0,15,15.76,0
20210128,1611763200000,15.700000000000001,15.860000000000001,15.55,15.66,4890,7677775.0,0.0,15,15.9,0
20210129,1611849600000,15.66,16.19,15.66,16.14,8842,14121957.0,0.0,15,15.66,0
20210201,1612108800000,16.3,16.31,15.5,15.95,8366,13255990.0,0.0,15,16.14,0
20210202,1612195200000,15.73,15.95,15.51,15.58,6095,9566960.0,0.0,15,15.95,0
20210203,1612281600000,15.58,15.58,15.05,15.120000000000001,4654,7090618.0,0.0,15,15.58,0
20210204,1612368000000,15.15,16.63,14.67,15.7,9899,15160334.000000002,0.0,15,15.12,0
20210205,1612454400000,15.6,15.6,15.11,15.24,4509,6890301.0,0.0,15,15.7,0
20210208,1612713600000,15.200000000000001,15.65,15.030000000000001,15.340000000000002,3598,5499280.000000001,0.0,15,15.240000000000002,0
20210209,1612800000000,15.3,15.72,15.3,15.690000000000001,3602,5613961.000000001,0.0,15,15.34,0
20210210,1612886400000,15.78,15.88,15.58,15.81,2707,4277670.0,0.0,15,15.69,0
20210218,1613577600000,16.0,16.3,15.790000000000001,15.840000000000002,4382,7035101.0,0.0,15,15.81,0
20210219,1613664000000,15.88,16.18,15.700000000000001,16.150000000000002,3236,5177170.0,0.0,15,15.840000000000002,0
20210222,1613923200000,16.15,16.68,16.15,16.38,5781,9480114.0,0.0,15,16.15,0
20210223,1614009600000,16.38,16.45,16.0,16.3,4399,7179234.0,0.0,15,16.38,0
20210224,1614096000000,16.29,16.61,16.23,16.28,5424,8924574.0,0.0,15,16.3,0
20210225,1614182400000,16.540000000000003,16.540000000000003,16.03,16.07,3081,4982765.000000001,0.0,15,16.28,0
20210226,1614268800000,16.04,16.34,15.76,16.3,4191,6737089.0,0.0,15,16.07,0
20210301,1614528000000,16.2,16.55,16.18,16.31,3230,5267404.999999999,0.0,15,16.3,0
20210302,1614614400000,16.45,16.45,16.11,16.24,1896,3072315.0000000005,0.0,15,16.31,0
20210303,1614700800000,16.24,16.419999999999998,16.2,16.29,2695,4397122.0,0.0,15,16.24,0
20210304,1614787200000,16.28,16.59,16.03,16.07,4035,6561560.000000001,0.0,15,16.290000000000003,0
20210305,1614873600000,16.270000000000003,16.270000000000003,16.01,16.150000000000002,3292,5297920.0,0.0,15,16.07,0
20210308,1615132800000,16.200000000000003,16.630000000000003,16.03,16.150000000000002,6556,10714438.0,0.0,15,16.150000000000002,0
20210309,1615219200000,16.06,16.15,15.6,15.7,4209,6634528.000000001,0.0,15,16.15,0
20210310,1615305600000,15.8,15.8,15.23,15.280000000000001,3778,5840304.0,0.0,15,15.700000000000001,0
20210311,1615392000000,15.25,15.46,15.15,15.450000000000001,2921,4481453.0,0.0,15,15.280000000000001,0
20210312,1615478400000,15.58,15.780000000000001,15.3,15.38,7735,11968991.0,0.0,15,15.450000000000001,0
20210315,1615737600000,15.4,15.45,15.26,15.4,3009,4618500.0,0.0,15,15.379999999999999,0
20210316,1615824000000,15.42,15.57,15.25,15.5,4004,6192418.0,0.0,15,15.4,0
20210317,1615910400000,15.5,15.58,15.39,15.540000000000001,2897,4497192.0,0.0,15,15.5,0
20210318,1615996800000,15.379999999999999,15.709999999999999,15.02,15.629999999999999,5971,9286879.0,0.0,15,15.54,0
20210319,1616083200000,15.5,15.78,15.41,15.65,2449,3828294.0000000005,0.0,15,15.63,0
20210322,1616342400000,15.65,15.68,15.56,15.620000000000001,3411,5327333.0,0.0,15,15.65,0
20210323,1616428800000,15.65,15.77,15.58,15.69,3615,5661994.0,0.0,15,15.62,0
20210324,1616515200000,15.6,15.729999999999999,15.11,15.299999999999999,7019,10773343.999999998,0.0,15,15.69,0
20210325,1616601600000,15.18,15.469999999999999,15.18,15.34,3174,4860960.000000001,0.0,15,15.299999999999999,0
20210326,1616688000000,15.32,15.43,15.32,15.34,1854,2850038.0,0.0,15,15.34,0
20210329,1616947200000,15.450000000000001,15.590000000000002,15.13,15.200000000000001,6577,10015215.0,0.0,15,15.340000000000002,0
20210330,1617033600000,15.17,15.24,15.07,15.09,4452,6736723.000000001,0.0,15,15.200000000000001,0
20210331,1617120000000,15.06,15.450000000000001,15.030000000000001,15.290000000000001,3526,5390244.0,0.0,15,15.090000000000002,0
20210401,1617206400000,15.44,16.42,15.33,16.03,13575,21584487.0,0.0,15,15.290000000000001,0
20210402,1617292800000,16.27,16.27,15.56,15.610000000000001,7348,11570453.0,0.0,15,16.03,0
20210406,1617638400000,15.55,15.910000000000002,15.450000000000001,15.670000000000002,2841,4432334.0,0.0,15,15.610000000000001,0
20210407,1617724800000,15.63,15.840000000000002,15.46,15.66,2937,4592069.0,0.0,15,15.670000000000002,0
20210408,1617811200000,15.66,16.060000000000002,15.540000000000001,15.83,6417,10151945.0,0.0,15,15.66,0
20210409,1617897600000,15.83,16.169999999999998,15.68,15.719999999999999,4071,6464752.0,0.0,15,15.83,0
20210412,1618156800000,15.69,16.2,15.4,15.41,3525,5480233.0,0.0,15,15.72,0
20210413,1618243200000,15.43,15.530000000000001,15.39,15.41,2234,3445863.0,0.0,15,15.41,0
20210414,1618329600000,15.59,15.66,15.25,15.41,1840,2825891.0000000005,0.0,15,15.41,0
20210415,1618416000000,15.46,15.46,15.3,15.4,2861,4387630.0,0.0,15,15.41,0
20210416,1618502400000,15.32,15.870000000000001,15.32,15.77,3533,5545910.0,0.0,15,15.4,0
20210419,1618761600000,15.8,16.0,15.72,15.96,4937,7863632.000000001,0.0,15,15.770000000000001,0
20210420,1618848000000,15.950000000000001,16.19,15.64,15.700000000000001,5283,8395287.999999998,0.0,15,15.96,0
20210421,1618934400000,15.700000000000001,15.780000000000001,15.55,15.71,2438,3818776.9999999995,0.0,15,15.700000000000001,0
20210422,1619020800000,15.71,15.860000000000001,15.65,15.77,2695,4239750.0,0.0,15,15.71,0
20210423,1619107200000,15.73,16.35,15.34,15.6,5739,8947387.0,0.0,15,15.77,0
20210426,1619366400000,15.6,15.88,14.83,15.39,3978,6150640.0,0.0,15,15.6,0
20210427,1619452800000,15.4,15.450000000000001,15.22,15.350000000000001,2119,3248158.0000000005,0.0,15,15.39,0
20210428,1619539200000,15.33,15.43,15.15,15.32,2841,4350796.0,0.0,15,15.35,0
20210429,1619625600000,15.49,15.610000000000001,15.3,15.42,2085,3224067.0,0.0,15,15.32,0
20210430,1619712000000,15.530000000000001,15.530000000000001,15.21,15.280000000000001,2438,3732366.0,0.0,15,15.420000000000002,0
20210506,1620230400000,15.34,15.54,15.25,15.32,2437,3735118.0,0.0,15,15.28,0
20210507,1620316800000,15.25,15.45,15.25,15.33,2293,3516213.0,0.0,15,15.32,0
20210510,1620576000000,15.330000000000002,15.410000000000002,15.200000000000001,15.370000000000001,4137,6319376.999999999,0.0,15,15.330000000000002,0
20210511,1620662400000,15.3,15.500000000000002,15.290000000000001,15.370000000000001,3286,5056460.999999999,0.0,15,15.370000000000001,0
20210512,1620748800000,15.3,15.51,15.25,15.37,11821,18178168.0,0.0,15,15.37,0
20210513,1620835200000,15.420000000000002,15.48,15.290000000000001,15.47,4911,7563479.0,0.0,15,15.370000000000001,0
20210514,1620921600000,15.48,15.540000000000001,15.3,15.42,8711,13395570.0,0.0,15,15.47,0
20210517,1621180800000,15.360000000000001,15.590000000000002,15.280000000000001,15.290000000000001,6436,9874510.0,0.0,15,15.420000000000002,0
20210518,1621267200000,15.29,15.299999999999999,15.02,15.11,7785,11783673.0,0.0,15,15.29,0
20210519,1621353600000,15.02,15.17,15.02,15.15,3727,5635241.000000001,0.0,15,15.11,0
20210520,1621440000000,15.200000000000001,15.200000000000001,15.07,15.15,2344,3547680.0000000005,0.0,15,15.15,0
20210521,1621526400000,15.23,15.3,15.09,15.25,2679,4068774.0,0.0,15,15.15,0
20210524,1621785600000,15.38,15.38,15.06,15.120000000000001,4226,6408763.0,0.0,15,15.25,0
20210525,1621872000000,15.120000000000001,15.17,15.05,15.100000000000001,8631,13033071.0,0.0,15,15.120000000000001,0
20210526,1621958400000,15.1,15.32,15.07,15.16,8740,13274496.0,0.0,15,15.1,0
20210527,1622044800000,15.11,15.26,15.11,15.219999999999999,3403,5177840.0,0.0,15,15.16,0
20210528,1622131200000,15.540000000000001,15.870000000000001,15.3,15.350000000000001,17902,27853848.0,0.0,15,15.22,0
20210531,1622390400000,15.3,15.3,15.120000000000001,15.180000000000001,6487,9862868.0,0.0,15,15.350000000000001,0
20210601,1622476800000,15.2,15.22,15.16,15.2,6852,10408890.0,0.0,15,15.18,0
20210602,1622563200000,15.21,15.21,15.07,15.07,6085,9206822.0,0.0,15,15.200000000000001,0
20210603,1622649600000,15.07,15.100000000000001,14.97,14.97,9655,14505845.0,0.0,15,15.07,0
20210604,1622736000000,15.03,15.1,14.93,15.0,7309,10993585.0,0.0,15,14.969999999999999,0
20210607,1622995200000,15.000000000000002,15.16,14.870000000000001,14.96,6089,9124901.0,0.0,15,15.000000000000002,0
20210608,1623081600000,14.9,15.09,14.8,15.06,5617,8410743.000000002,0.0,15,14.96,0
20210609,1623168000000,15.06,15.07,14.91,14.91,4511,6760642.0,0.0,15,15.06,0
20210610,1623254400000,15.0,15.0,14.82,14.88,10913,16242915.0,0.0,15,14.91,0
20210611,1623340800000,14.879999999999999,14.959999999999999,14.77,14.78,9363,13901368.999999998,0.0,15,14.879999999999999,0
20210615,1623686400000,14.770000000000001,14.81,14.450000000000001,14.450000000000001,9154,13353065.000000002,0.0,15,14.780000000000001,0
20210616,1623772800000,14.510000000000002,14.510000000000002,14.370000000000001,14.39,4825,6963563.0,0.0,15,14.450000000000001,0
20210617,1623859200000,14.450000000000001,14.55,14.4,14.48,5981,8647256.0,0.0,15,14.39,0
20210618,1623945600000,14.47,14.5,14.39,14.5,3505,5059285.000000001,0.0,15,14.48,0
20210621,1624204800000,14.5,14.5,14.3,14.370000000000001,5742,8261472.000000001,0.0,15,14.5,0
20210622,1624291200000,14.42,14.700000000000001,14.31,14.700000000000001,15431,22421503.0,0.0,15,14.370000000000001,0
20210623,1624377600000,14.64,14.68,14.34,14.42,19634,28389309.0,0.0,15,14.7,0
20210624,1624464000000,14.39,14.459999999999999,14.34,14.41,8678,12498760.0,0.0,15,14.42,0
20210625,1624550400000,14.41,14.5,14.35,14.44,6513,9380116.999999998,0.0,15,14.41,0
20210628,1624809600000,14.44,14.52,14.43,14.459999999999999,5414,7829375.0,0.0,15,14.44,0
20210629,1624896000000,14.38,14.46,14.370000000000001,14.38,3423,4928530.000000001,0.0,15,14.46,0
20210630,1624982400000,14.36,14.47,14.32,14.39,4293,6175066.0,0.0,15,14.38,0
20210701,1625068800000,14.47,14.47,14.290000000000001,14.290000000000001,4358,6254592.0,0.0,15,14.39,0
20210702,1625155200000,14.290000000000001,14.290000000000001,13.88,13.9,8853,12459233.0,0.0,15,14.290000000000001,0
20210705,1625414400000,13.84,13.959999999999999,13.76,13.89,5689,7882791.0,0.0,15,13.9,0
20210706,1625500800000,13.94,13.94,13.82,13.88,4326,5999049.999999999,0.0,15,13.89,0
20210707,1625587200000,13.92,13.92,13.72,13.74,11274,15532264.000000002,0.0,15,13.88,0
20210708,1625673600000,13.76,13.77,13.65,13.700000000000001,6589,9015615.0,0.0,15,13.74,0
20210709,1625760000000,13.66,13.780000000000001,13.55,13.67,15977,21819113.0,0.0,15,13.700000000000001,0
20210712,1626019200000,13.620000000000001,13.790000000000001,13.620000000000001,13.74,9115,12534975.0,0.0,15,13.670000000000002,0
20210713,1626105600000,13.74,13.74,13.57,13.620000000000001,15040,20480706.0,0.0,15,13.74,0
20210714,1626192000000,13.6,13.6,13.32,13.32,20735,27804022.0,0.0,15,13.620000000000001,0
20210715,1626278400000,13.4,13.4,12.96,12.99,22158,28969644.0,0.0,15,13.32,0
20210716,1626364800000,12.91,12.91,12.76,12.83,14513,18616729.0,0.0,15,12.87,0
20210719,1626624000000,12.78,12.81,12.42,12.61,13498,17021846.0,0.0,15,12.83,0
20210720,1626710400000,12.610000000000001,13.020000000000001,12.55,13.0,15626,20020516.0,0.0,15,12.610000000000001,0
20210721,1626796800000,13.0,13.15,12.88,12.950000000000001,16073,20878196.0,0.0,15,13.0,0
20210722,1626883200000,12.93,13.12,12.6,13.02,12096,15672311.000000002,0.0,15,12.95,0
20210723,1626969600000,13.09,13.54,13.0,13.38,32483,43212020.0,0.0,15,13.02,0
20210726,1627228800000,13.42,13.58,13.13,13.3,19102,25515991.000000004,0.0,15,13.38,0
20210727,1627315200000,13.340000000000002,13.490000000000002,13.030000000000001,13.030000000000001,9189,12128145.0,0.0,15,13.3,0
20210728,1627401600000,12.95,13.0,12.43,12.75,7902,10049206.999999998,0.0,15,13.03,0
20210729,1627488000000,12.76,13.0,12.76,12.89,5740,7394690.0,0.0,15,12.75,0
20210730,1627574400000,12.89,12.94,12.75,12.82,5362,6860291.0,0.0,15,12.89,0
20210802,1627833600000,12.83,13.18,12.66,13.15,10489,13606193.0,0.0,15,12.82,0
20210803,1627920000000,13.13,13.38,13.05,13.22,9577,12697726.999999998,0.0,15,13.15,0
20210804,1628006400000,13.24,13.340000000000002,13.13,13.200000000000001,7225,9543948.0,0.0,15,13.22,0
20210805,1628092800000,13.22,13.290000000000001,13.07,13.22,10118,13322837.0,0.0,15,13.200000000000001,0
20210806,1628179200000,13.26,13.33,12.93,13.1,9847,12895198.0,0.0,15,13.219999999999999,0
20210809,1628438400000,12.96,13.870000000000001,12.9,13.66,22347,30133602.0,0.0,15,13.1,0
20210810,1628524800000,13.6,13.8,13.56,13.74,9959,13657468.0,0.0,15,13.66,0
20210811,1628611200000,13.66,13.840000000000002,13.620000000000001,13.770000000000001,7945,10929311.0,0.0,15,13.74,0
20210812,1628697600000,13.82,13.82,13.55,13.71,9759,13327015.0,0.0,15,13.770000000000001,0
20210813,1628784000000,13.58,13.7,13.36,13.58,6608,8963076.0,0.0,15,13.709999999999999,0
20210816,1629043200000,13.549999999999999,13.73,13.51,13.58,5999,8183716.0,0.0,15,13.58,0
20210817,1629129600000,13.58,13.85,13.35,13.42,9013,12272948.999999998,0.0,15,13.58,0
20210818,1629216000000,13.4,14.48,13.3,14.280000000000001,36281,51058308.0,0.0,15,13.42,0
20210819,1629302400000,14.200000000000001,14.700000000000001,13.870000000000001,14.420000000000002,38320,54773487.0,0.0,15,14.280000000000001,0
20210820,1629388800000,14.06,14.33,13.92,14.3,22171,31261234.0,0.0,15,14.42,0
20210823,1629648000000,14.32,14.44,14.15,14.3,15995,22828497.0,0.0,15,14.3,0
20210824,1629734400000,14.16,14.5,14.16,14.31,15627,22426552.000000004,0.0,15,14.3,0
20210825,1629820800000,14.24,14.98,14.200000000000001,14.82,28468,41956846.0,0.0,15,14.31,0
20210826,1629907200000,14.799999999999999,15.35,14.6,15.02,29746,44706624.99999999,0.0,15,14.82,0
20210827,1629993600000,14.9,15.19,14.69,14.91,19337,28695288.0,0.0,15,15.02,0
20210830,1630252800000,14.790000000000001,15.13,14.63,14.870000000000001,17058,25306888.0,0.0,15,14.91,0
20210831,1630339200000,14.87,15.27,14.69,15.15,21284,32064435.0,0.0,15,14.87,0
20210901,1630425600000,15.25,15.29,14.76,15.049999999999999,17366,26038421.0,0.0,15,15.15,0
20210902,1630512000000,15.040000000000001,15.120000000000001,14.780000000000001,14.870000000000001,15032,22388139.0,0.0,15,15.05,0
20210903,1630598400000,14.82,14.98,14.450000000000001,14.590000000000002,21540,31636592.0,0.0,15,14.870000000000001,0
20210906,1630857600000,14.76,15.25,14.64,15.17,22189,33372777.0,0.0,15,14.59,0
20210907,1630944000000,15.06,15.28,15.01,15.1,13442,20298252.000000004,0.0,15,15.17,0
20210908,1631030400000,15.11,15.25,14.86,14.95,11684,17516483.0,0.0,15,15.1,0
20210909,1631116800000,14.940000000000001,14.940000000000001,14.73,14.870000000000001,10137,15004192.000000002,0.0,15,14.950000000000001,0
20210910,1631203200000,14.870000000000001,15.01,14.65,14.74,10467,15436107.0,0.0,15,14.870000000000001,0
20210913,1631462400000,14.74,14.790000000000001,14.290000000000001,14.38,19290,27799151.0,0.0,15,14.74,0
20210914,1631548800000,14.379999999999999,14.85,14.26,14.33,13153,19041733.0,0.0,15,14.379999999999999,0
20210915,1631635200000,14.690000000000001,14.690000000000001,14.3,14.42,13902,20118959.000000004,0.0,15,14.33,0
20210916,1631721600000,14.35,14.54,14.27,14.309999999999999,13019,18716463.0,0.0,15,14.42,0
20210917,1631808000000,14.29,14.41,13.92,14.1,15935,22476867.0,0.0,15,14.31,0
20210922,1632240000000,14.02,14.07,13.61,13.91,13259,18286398.0,0.0,15,14.1,0
20210923,1632326400000,13.9,14.34,13.9,14.19,10756,15299227.0,0.0,15,13.91,0
20210924,1632412800000,14.190000000000001,14.360000000000001,13.8,13.81,9570,13376616.0,0.0,15,14.190000000000001,0
20210927,1632672000000,13.830000000000002,14.05,13.620000000000001,13.780000000000001,11910,16499355.0,0.0,15,13.81,0
20210928,1632758400000,13.76,13.83,13.36,13.469999999999999,11584,15692391.000000002,0.0,15,13.78,0
20210929,1632844800000,13.450000000000001,13.510000000000002,13.3,13.39,5910,7916282.0,0.0,15,13.47,0
20210930,1632931200000,13.39,13.72,13.38,13.65,6062,8233062.000000001,0.0,15,13.39,0
20211008,1633622400000,13.73,13.86,13.52,13.719999999999999,7068,9689122.000000002,0.0,15,13.65,0
20211011,1633881600000,13.860000000000001,14.55,13.72,14.32,16922,24094327.0,0.0,15,13.72,0
20211012,1633968000000,14.21,14.280000000000001,13.82,13.950000000000001,13193,18377030.0,0.0,15,14.32,0
20211013,1634054400000,13.86,13.969999999999999,13.69,13.95,5915,8204775.999999999,0.0,15,13.95,0
20211014,1634140800000,13.82,14.08,13.77,13.9,4764,6611191.0,0.0,15,13.95,0
20211015,1634227200000,13.950000000000001,14.950000000000001,13.9,14.74,32786,48101012.0,0.0,15,13.9,0
20211018,1634486400000,14.81,14.88,14.57,14.790000000000001,15591,22975166.999999996,0.0,15,14.74,0
20211019,1634572800000,14.79,14.799999999999999,14.61,14.719999999999999,10629,15629723.000000002,0.0,15,14.79,0
20211020,1634659200000,14.72,14.770000000000001,14.39,14.5,10958,15877356.0,0.0,15,14.72,0
20211021,1634745600000,14.500000000000002,14.670000000000002,14.370000000000001,14.48,6671,9656032.000000002,0.0,15,14.500000000000002,0
20211022,1634832000000,14.49,14.6,14.34,14.55,6950,10063199.0,0.0,15,14.48,0
20211025,1635091200000,14.46,14.690000000000001,14.200000000000001,14.440000000000001,6866,9862425.999999998,0.0,15,14.55,0
20211026,1635177600000,14.379999999999999,14.49,14.26,14.299999999999999,5196,7460246.0,0.0,15,14.44,0
20211027,1635264000000,14.36,14.36,13.59,13.72,10116,13978862.0,0.0,15,14.3,0
20211028,1635350400000,13.5,13.65,13.27,13.28,6790,9073196.0,0.0,15,13.719999999999999,0
20211029,1635436800000,13.280000000000001,13.59,13.15,13.58,6093,8163504.0,0.0,15,13.280000000000001,0
20211101,1635696000000,13.55,13.64,13.290000000000001,13.520000000000001,6321,8540816.0,0.0,15,13.58,0
20211102,1635782400000,13.5,13.67,13.15,13.5,8962,12060062.000000002,0.0,15,13.52,0
20211103,1635868800000,13.64,14.23,13.34,14.0,15466,21450177.0,0.0,15,13.5,0
20211104,1635955200000,14.13,14.17,13.74,13.81,11339,15716406.0,0.0,15,14.0,0
20211105,1636041600000,13.75,13.91,13.66,13.72,5958,8202530.0,0.0,15,13.81,0
20211108,1636300800000,13.709999999999999,13.98,13.68,13.879999999999999,5276,7305240.0,0.0,15,13.719999999999999,0
20211109,1636387200000,13.82,13.98,13.74,13.950000000000001,4777,6630872.0,0.0,15,13.88,0
20211110,1636473600000,13.950000000000001,14.1,13.73,14.08,6842,9517874.000000002,0.0,15,13.950000000000001,0
20211111,1636560000000,14.08,14.19,14.0,14.05,6071,8565870.0,0.0,15,14.08,0
20211112,1636646400000,14.06,14.15,13.88,14.110000000000001,5446,7633301.0,0.0,15,14.05,0
20211115,1636905600000,14.120000000000001,14.120000000000001,13.9,13.94,6104,8539963.0,0.0,15,14.110000000000001,0
20211116,1636992000000,13.9,14.07,13.76,13.79,5767,8000878.0,0.0,15,13.94,0
20211117,1637078400000,13.81,13.94,13.75,13.83,7008,9687735.0,0.0,15,13.79,0
20211118,1637164800000,14.0,15.21,13.98,15.21,35235,53340517.0,0.0,15,13.83,0
20211119,1637251200000,15.5,16.47,15.31,16.12,104227,165448856.0,0.0,15,15.21,0
20211122,1637510400000,15.72,16.39,15.5,16.12,70406,111763827.00000001,0.0,15,16.12,0
20211123,1637596800000,15.9,16.19,15.780000000000001,15.96,33873,54007104.0,0.0,15,16.12,0
20211124,1637683200000,15.96,17.060000000000002,15.8,16.990000000000002,65485,107999613.0,0.0,15,15.96,0
20211125,1637769600000,16.66,16.900000000000002,16.37,16.5,40340,66907584.00000001,0.0,15,16.990000000000002,0
20211126,1637856000000,16.349999999999998,16.95,16.2,16.55,35329,58511889.00000001,0.0,15,16.5,0
20211129,1638115200000,16.650000000000002,16.75,16.21,16.51,23448,38596289.0,0.0,15,16.55,0
20211130,1638201600000,16.52,16.61,16.27,16.5,23353,38354276.0,0.0,15,16.509999999999998,0
20211201,1638288000000,16.48,16.94,16.35,16.91,26723,44559525.00000001,0.0,15,16.5,0
20211202,1638374400000,16.98,17.360000000000003,16.44,16.5,22278,37326204.00000001,0.0,15,16.91,0
20211203,1638460800000,16.450000000000003,17.020000000000003,16.35,16.700000000000003,19507,32675267.999999996,0.0,15,16.5,0
20211206,1638720000000,16.900000000000002,18.12,16.740000000000002,17.67,55792,98138826.99999999,0.0,15,16.700000000000003,0
20211207,1638806400000,17.67,18.98,17.67,18.73,72882,135011256.0,0.0,15,17.67,0
20211208,1638892800000,18.73,20.599999999999998,18.13,19.23,111783,218373368.99999997,0.0,15,18.73,0
20211209,1638979200000,19.09,19.28,18.3,18.5,70629,132091756.0,0.0,15,19.23,0
20211210,1639065600000,18.52,18.56,17.86,17.919999999999998,42676,77227525.0,0.0,15,18.5,0
20211213,1639324800000,17.94,18.91,17.66,18.81,51564,94697834.0,0.0,15,17.92,0
20211214,1639411200000,18.7,19.14,18.41,18.79,32563,61025587.0,0.0,15,18.81,0
20211215,1639497600000,18.76,18.86,18.3,18.400000000000002,23412,43449563.0,0.0,15,18.79,0
20211216,1639584000000,18.5,20.240000000000002,18.3,20.240000000000002,76650,150401950.0,0.0,15,18.400000000000002,0
20211217,1639670400000,20.6,20.82,19.71,20.2,65892,132528921.0,0.0,15,20.240000000000002,0
20211220,1639929600000,20.0,21.150000000000002,19.67,20.610000000000003,51707,106278892.0,0.0,15,20.200000000000003,0
20211221,1640016000000,20.55,21.5,20.19,21.110000000000003,37810,79024826.0,0.0,15,20.610000000000003,0
20211222,1640102400000,21.12,21.41,20.48,21.0,31790,66405294.00000001,0.0,15,21.11,0
20211223,1640188800000,21.04,21.04,20.22,20.849999999999998,38230,78748504.0,0.0,15,21.0,0
20211224,1640275200000,21.09,21.6,20.78,21.200000000000003,32200,68184723.0,0.0,15,20.85,0
20211227,1640534400000,21.18,22.0,20.81,21.99,35681,76970021.0,0.0,15,21.2,0
20211228,1640620800000,21.8,22.18,21.55,21.91,23231,50855771.0,0.0,15,21.990000000000002,0
20211229,1640707200000,22.06,23.330000000000002,21.73,22.95,40277,91075418.0,0.0,15,21.91,0
20211230,1640793600000,22.96,25.250000000000004,22.650000000000002,23.950000000000003,92061,224059265.0,0.0,15,22.950000000000003,0
20211231,1640880000000,24.189999999999998,24.55,23.02,23.96,60876,144878565.0,0.0,15,23.95,0
20220104,1641225600000,23.53,24.79,23.37,23.96,40966,97998070.00000001,0.0,15,23.96,0
20220105,1641312000000,23.84,26.36,22.77,25.8,101571,252561542.0,0.0,15,23.96,0
20220106,1641398400000,26.01,28.380000000000003,25.8,28.380000000000003,150431,417163428.99999994,0.0,15,25.8,0
20220107,1641484800000,27.439999999999998,27.5,25.54,25.54,123666,324396414.0,0.0,15,28.38,0
20220110,1641744000000,24.720000000000002,25.6,22.990000000000002,22.990000000000002,122885,293383154.0,0.0,15,25.540000000000003,0
20220111,1641830400000,20.69,22.87,20.69,22.400000000000002,114683,248085871.99999997,0.0,15,22.990000000000002,0
20220112,1641916800000,21.86,21.93,21.2,21.34,68671,147491707.0,0.0,15,22.4,0
20220113,1642003200000,21.28,21.97,20.91,21.0,58700,125579091.0,0.0,15,21.34,0
20220114,1642089600000,21.14,22.66,21.13,22.31,60839,134862618.0,0.0,15,21.0,0
20220117,1642348800000,21.86,23.42,21.78,22.71,57362,131337100.0,0.0,15,22.310000000000002,0
20220118,1642435200000,22.71,23.05,21.29,21.39,46502,102232702.0,0.0,15,22.71,0
20220119,1642521600000,21.59,22.080000000000002,21.26,21.720000000000002,31230,67772190.0,0.0,15,21.39,0
20220120,1642608000000,21.6,22.25,20.1,20.270000000000003,47068,97830270.00000001,0.0,15,21.720000000000002,0
20220121,1642694400000,20.119999999999997,20.599999999999998,19.88,19.88,35014,70426923.0,0.0,15,20.27,0
20220124,1642953600000,19.96,20.25,19.53,20.0,29706,58961156.0,0.0,15,19.880000000000003,0
20220125,1643040000000,20.0,20.3,19.18,19.2,26671,52234570.0,0.0,15,20.0,0
20220126,1643126400000,19.64,19.7,18.8,19.04,18121,34640645.00000001,0.0,15,19.2,0
20220127,1643212800000,18.900000000000002,19.150000000000002,18.55,18.6,16872,31783796.0,0.0,15,19.04,0
20220128,1643299200000,18.55,18.900000000000002,18.3,18.6,16182,30233925.0,0.0,15,18.6,0
20220207,1644163200000,18.9,19.04,18.2,18.4,17001,31425428.0,0.0,15,18.599999999999998,0
20220208,1644249600000,18.23,18.599999999999998,18.04,18.36,13746,25178110.0,0.0,15,18.4,0
20220209,1644336000000,18.349999999999998,18.68,17.79,18.599999999999998,25447,46595223.0,0.0,15,18.36,0
20220210,1644422400000,18.62,18.680000000000003,17.900000000000002,18.180000000000003,24734,44763564.0,0.0,15,18.6,0
20220211,1644508800000,18.11,18.259999999999998,17.2,17.29,36056,63134681.0,0.0,15,18.18,0
20220214,1644768000000,17.2,18.32,17.16,17.76,28284,50578722.00000001,0.0,15,17.29,0
20220215,1644854400000,17.880000000000003,18.28,17.51,18.07,18863,33922893.0,0.0,15,17.76,0
20220216,1644940800000,18.0,18.51,17.84,18.28,20044,36442609.0,0.0,15,18.07,0
20220217,1645027200000,18.150000000000002,18.28,17.71,17.85,20182,36231658.0,0.0,15,18.28,0
20220218,1645113600000,17.78,17.98,17.55,17.71,19956,35306401.0,0.0,15,17.85,0
20220221,1645372800000,17.770000000000003,17.89,17.35,17.75,24000,42059462.0,0.0,15,17.71,0
20220222,1645459200000,17.700000000000003,17.700000000000003,17.1,17.25,19444,33659704.99999999,0.0,15,17.75,0
20220223,1645545600000,17.29,18.31,17.29,18.11,27348,48980396.0,0.0,15,17.25,0
20220224,1645632000000,17.950000000000003,18.880000000000003,17.6,17.87,34746,63357419.99999999,0.0,15,18.110000000000003,0
20220225,1645718400000,17.52,18.62,17.52,18.0,26420,47821633.0,0.0,15,17.87,0
20220228,1645977600000,18.0,18.3,17.7,18.25,24652,44575246.0,0.0,15,18.0,0
20220301,1646064000000,18.3,20.080000000000002,18.12,20.080000000000002,60784,117834683.0,0.0,15,18.25,0
20220302,1646150400000,20.12,21.62,20.12,20.96,102702,214365919.0,0.0,15,20.080000000000002,0
20220303,1646236800000,20.65,20.79,20.18,20.73,54968,112425763.00000001,0.0,15,20.96,0
20220304,1646323200000,20.71,20.900000000000002,20.150000000000002,20.6,33456,68627694.0,0.0,15,20.73,0
20220307,1646582400000,20.6,20.650000000000002,19.8,20.39,30759,62369820.00000001,0.0,15,20.6,0
20220308,1646668800000,20.380000000000003,21.57,19.900000000000002,21.3,69205,144735424.0,0.0,15,20.39,0
20220309,1646755200000,21.340000000000003,21.860000000000003,19.17,20.810000000000002,60231,125635648.0,0.0,15,21.3,0
20220310,1646841600000,20.830000000000002,20.910000000000004,19.900000000000002,20.320000000000004,38231,77805236.0,0.0,15,20.810000000000002,0
20220311,1646928000000,19.93,20.3,19.19,19.720000000000002,35136,68935917.0,0.0,15,20.32,0
20220314,1647187200000,19.8,20.240000000000002,19.39,19.39,25224,49981866.00000001,0.0,15,19.72,0
20220315,1647273600000,19.060000000000002,19.64,18.3,18.3,27394,51805119.99999999,0.0,15,19.39,0
20220316,1647360000000,18.65,18.869999999999997,17.72,18.74,31237,57278150.0,0.0,15,18.299999999999997,0
20220317,1647446400000,18.740000000000002,20.1,18.740000000000002,19.790000000000003,39665,77733429.0,0.0,15,18.740000000000002,0
20220318,1647532800000,19.650000000000002,19.990000000000002,19.1,19.67,19564,38176900.0,0.0,15,19.790000000000003,0
20220321,1647792000000,19.77,20.25,19.55,20.02,23594,46999913.0,0.0,15,19.67,0
20220322,1647878400000,19.900000000000002,20.17,19.55,19.64,16668,32974566.0,0.0,15,20.02,0
20220323,1647964800000,19.570000000000004,20.660000000000004,19.400000000000002,20.480000000000004,35086,70973939.00000001,0.0,15,19.64,0
20220324,1648051200000,20.38,21.2,20.06,20.509999999999998,40319,83342893.0,0.0,15,20.48,0
20220325,1648137600000,20.509999999999998,22.5,19.72,21.799999999999997,73041,153633044.99999997,0.0,15,20.509999999999998,0
20220328,1648396800000,21.79,22.3,21.21,21.66,49444,107740459.0,0.0,15,21.8,0
20220329,1648483200000,21.650000000000002,21.650000000000002,20.51,20.62,36311,76036457.0,0.0,15,21.66,0
20220330,1648569600000,20.580000000000002,20.94,20.42,20.71,21360,44107808.99999999,0.0,15,20.62,0
20220331,1648656000000,20.7,20.7,19.79,19.86,28384,57174804.00000001,0.0,15,20.71,0
20220401,1648742400000,20.03,20.45,19.5,20.18,19006,38003364.0,0.0,15,19.86,0
20220406,1649174400000,20.09,20.62,19.53,20.25,22307,44817329.99999999,0.0,15,20.18,0
20220407,1649260800000,20.21,21.740000000000002,19.91,21.29,48106,101125591.0,0.0,15,20.25,0
20220408,1649347200000,21.4,21.4,19.77,20.62,35237,71913258.0,0.0,15,21.29,0
20220411,1649606400000,20.33,20.5,19.16,19.17,21052,41631726.0,0.0,15,20.62,0
20220412,1649692800000,19.32,19.900000000000002,18.42,19.810000000000002,17453,33578864.0,0.0,15,19.17,0
20220413,1649779200000,19.78,19.8,18.7,18.74,17218,32868839.0,0.0,15,19.81,0
20220414,1649865600000,18.87,19.35,18.650000000000002,18.990000000000002,12853,24530125.0,0.0,15,18.740000000000002,0
20220415,1649952000000,18.99,18.99,18.0,18.43,18940,34762515.0,0.0,15,18.99,0
20220418,1650211200000,18.43,19.31,18.0,19.19,15321,28606856.0,0.0,15,18.43,0
20220419,1650297600000,19.19,20.12,19.19,19.720000000000002,23969,47565562.0,0.0,15,19.19,0
20220420,1650384000000,19.509999999999998,19.69,18.77,18.78,19954,38163992.0,0.0,15,19.72,0
20220421,1650470400000,18.689999999999998,18.79,17.79,17.81,14499,26331893.000000004,0.0,15,18.779999999999998,0
20220422,1650556800000,17.759999999999998,18.0,17.27,17.62,12024,21128746.000000004,0.0,15,17.81,0
20220425,1650816000000,17.1,18.3,16.98,17.23,16698,29373338.999999996,0.0,15,17.62,0
20220426,1650902400000,17.2,17.45,16.2,16.43,19194,32451349.0,0.0,15,17.23,0
20220427,1650988800000,16.21,16.919999999999998,15.51,16.74,16859,27353579.0,0.0,15,16.43,0
20220428,1651075200000,16.81,16.88,16.07,16.26,10498,17178016.0,0.0,15,16.740000000000002,0
20220429,1651161600000,16.44,17.87,16.44,17.770000000000003,14843,25795959.000000004,0.0,15,16.26,0
20220505,1651680000000,17.779999999999998,18.3,17.63,18.06,11875,21370457.0,0.0,15,17.77,0
20220506,1651766400000,17.560000000000002,18.39,17.51,18.12,13454,24285872.0,0.0,15,18.060000000000002,0
20220509,1652025600000,17.62,18.16,17.62,18.130000000000003,8063,14540315.0,0.0,15,18.12,0
20220510,1652112000000,18.08,18.34,17.72,18.189999999999998,8247,14967071.0,0.0,15,18.13,0
20220511,1652198400000,18.25,18.720000000000002,17.92,17.94,16762,30741917.000000004,0.0,15,18.19,0
20220512,1652284800000,17.840000000000003,18.340000000000003,17.830000000000002,18.12,8933,16143591.0,0.0,15,17.94,0
20220513,1652371200000,18.28,18.6,18.080000000000002,18.180000000000003,8812,16122139.000000002,0.0,15,18.12,0
20220516,1652630400000,18.17,18.35,17.94,18.080000000000002,7225,13085366.0,0.0,15,18.18,0
20220517,1652716800000,17.950000000000003,18.310000000000002,17.92,18.110000000000003,6898,12482967.000000002,0.0,15,18.080000000000002,0
20220518,1652803200000,18.16,19.55,17.96,18.93,24576,46067343.0,0.0,15,18.11,0
20220519,1652889600000,18.68,19.57,18.6,19.220000000000002,26783,51263201.0,0.0,15,18.93,0
20220520,1652976000000,19.24,20.25,19.02,19.599999999999998,26195,51513259.99999999,0.0,15,19.22,0
20220523,1653235200000,19.6,20.450000000000003,19.400000000000002,20.3,30436,60856599.0,0.0,15,19.6,0
20220524,1653321600000,20.3,20.680000000000003,19.67,19.78,27862,56075265.0,0.0,15,20.3,0
20220525,1653408000000,19.720000000000002,20.200000000000003,19.53,19.740000000000002,19562,38694269.0,0.0,15,19.78,0
20220526,1653494400000,19.689999999999998,20.43,19.45,20.15,23312,46826924.0,0.0,15,19.74,0
20220527,1653580800000,20.35,21.6,20.150000000000002,21.6,59460,125921266.0,0.0,15,20.150000000000002,0
20220530,1653840000000,21.96,22.36,20.91,21.6,59639,128823735.0,0.0,15,21.6,0
20220531,1653926400000,21.490000000000002,22.88,21.32,22.2,62061,137831392.0,0.0,15,21.6,0
20220601,1654012800000,22.12,22.439999999999998,21.2,21.5,53590,116878989.0,0.0,15,22.2,0
20220602,1654099200000,21.400000000000002,21.930000000000003,21.01,21.25,30784,66102466.00000001,0.0,15,21.5,0
20220606,1654444800000,21.31,21.5,20.0,21.26,32571,68672895.0,0.0,15,21.25,0
20220607,1654531200000,21.28,21.28,20.52,20.95,26744,55851162.99999999,0.0,15,21.259999999999998,0
20220608,1654617600000,20.98,21.110000000000003,20.19,20.71,24401,50267830.0,0.0,15,20.950000000000003,0
20220609,1654704000000,20.38,20.97,20.27,20.56,17666,36331854.0,0.0,15,20.71,0
20220610,1654790400000,20.55,22.0,20.34,21.12,37867,80746098.0,0.0,15,20.56,0
20220613,1655049600000,21.12,21.12,20.41,20.62,27159,55987360.00000001,0.0,15,21.12,0
20220614,1655136000000,20.39,21.96,20.39,21.11,42944,91125639.0,0.0,15,20.62,0
20220615,1655222400000,20.900000000000002,21.85,20.580000000000002,20.610000000000003,38719,81539910.0,0.0,15,21.110000000000003,0
20220616,1655308800000,20.56,21.4,20.41,20.9,34667,72502545.0,0.0,15,20.61,0
20220617,1655395200000,20.740000000000002,20.92,20.39,20.64,27515,56749496.00000001,0.0,15,20.900000000000002,0
20220620,1655654400000,20.76,20.84,20.1,20.17,24553,49866997.0,0.0,15,20.64,0
20220621,1655740800000,20.03,20.37,19.8,19.990000000000002,14382,28854704.999999996,0.0,15,20.17,0
20220622,1655827200000,20.0,20.09,19.35,19.470000000000002,20983,41265337.0,0.0,15,19.990000000000002,0
20220623,1655913600000,19.419999999999998,20.22,19.36,20.189999999999998,18045,35938206.00000001,0.0,15,19.47,0
20220624,1656000000000,20.02,20.37,19.82,20.09,10991,22026661.0,0.0,15,20.19,0
20220627,1656259200000,20.09,20.19,19.71,19.830000000000002,16367,32553653.000000004,0.0,15,20.09,0
20220628,1656345600000,19.830000000000002,20.720000000000002,19.71,20.490000000000002,26715,54520369.0,0.0,15,19.830000000000002,0
20220629,1656432000000,20.5,20.7,19.52,19.52,26374,52514372.0,0.0,15,20.49,0
20220630,1656518400000,19.48,19.97,19.45,19.57,14293,28078518.0,0.0,15,19.52,0
20220701,1656604800000,19.509999999999998,20.029999999999998,19.47,19.95,11415,22588281.0,0.0,15,19.57,0
20220704,1656864000000,19.96,20.0,19.41,19.69,17067,33433307.000000004,0.0,15,19.95,0
20220705,1656950400000,19.490000000000002,19.89,19.05,19.3,18968,36774985.0,0.0,15,19.69,0
20220706,1657036800000,19.14,19.45,18.84,19.05,11220,21458927.0,0.0,15,19.3,0
20220707,1657123200000,18.88,19.45,18.81,19.099999999999998,10382,19881752.0,0.0,15,19.049999999999997,0
20220708,1657209600000,19.110000000000003,19.450000000000003,18.900000000000002,19.130000000000003,10513,20152181.999999996,0.0,15,19.1,0
20220711,1657468800000,19.000000000000004,19.1,18.580000000000002,18.790000000000003,8361,15733927.0,0.0,15,19.130000000000003,0
20220712,1657555200000,18.79,18.94,18.52,18.58,9884,18460583.0,0.0,15,18.79,0
20220713,1657641600000,18.58,18.97,18.5,18.86,6520,12236386.0,0.0,15,18.58,0
20220714,1657728000000,18.86,19.14,18.68,18.91,7954,15107275.0,0.0,15,18.86,0
20220715,1657814400000,18.91,19.189999999999998,18.29,18.32,10746,20016021.000000004,0.0,15,18.91,0
20220718,1658073600000,18.35,18.96,18.34,18.58,10343,19290950.0,0.0,15,18.32,0
20220719,1658160000000,18.599999999999998,19.15,18.56,19.049999999999997,12845,24354075.999999996,0.0,15,18.58,0
20220720,1658246400000,18.9,19.25,18.77,19.12,11407,21700069.000000004,0.0,15,18.89,0
20220721,1658332800000,19.1,19.240000000000002,18.62,18.650000000000002,10680,20101945.0,0.0,15,19.12,0
20220722,1658419200000,18.75,19.380000000000003,18.71,19.28,14322,27372202.0,0.0,15,18.650000000000002,0
20220725,1658678400000,19.48,19.62,19.03,19.26,16257,31500540.999999996,0.0,15,19.28,0
20220726,1658764800000,19.16,19.54,18.86,19.259999999999998,11049,21130117.0,0.0,15,19.259999999999998,0
20220727,1658851200000,19.25,19.6,19.01,19.580000000000002,11419,22249372.0,0.0,15,19.26,0
20220728,1658937600000,19.78,19.8,19.5,19.65,12868,25319640.0,0.0,15,19.58,0
20220729,1659024000000,19.669999999999998,19.79,19.47,19.64,9339,18330305.0,0.0,15,19.65,0
20220801,1659283200000,19.580000000000002,19.68,19.32,19.53,8567,16663744.000000002,0.0,15,19.64,0
20220802,1659369600000,19.490000000000002,19.52,18.55,18.92,15602,29434108.0,0.0,15,19.53,0
20220803,1659456000000,18.92,19.450000000000003,18.69,18.790000000000003,12556,24049615.0,0.0,15,18.92,0
20220804,1659542400000,18.98,19.14,18.330000000000002,18.62,10640,19802008.0,0.0,15,18.790000000000003,0
20220805,1659628800000,18.700000000000003,18.85,18.330000000000002,18.78,9521,17681700.0,0.0,15,18.62,0
20220808,1659888000000,19.0,19.46,18.51,19.310000000000002,10036,19214692.0,0.0,15,18.78,0
20220809,1659974400000,19.349999999999998,19.47,19.11,19.23,6023,11588916.000000002,0.0,15,19.31,0
20220810,1660060800000,19.28,19.42,19.16,19.3,6246,12062505.000000002,0.0,15,19.23,0
20220811,1660147200000,19.41,19.45,19.14,19.28,8320,16050517.0,0.0,15,19.3,0
20220812,1660233600000,19.4,19.580000000000002,19.07,19.07,10928,21060360.0,0.0,15,19.28,0
20220815,1660492800000,19.31,19.34,18.91,19.23,7892,15111681.0,0.0,15,19.07,0
20220816,1660579200000,19.2,19.89,19.16,19.54,19105,37554355.0,0.0,15,19.23,0
20220817,1660665600000,19.55,19.66,19.2,19.37,10996,21269570.0,0.0,15,19.54,0
20220818,1660752000000,19.380000000000003,19.590000000000003,19.17,19.3,7832,15118235.000000002,0.0,15,19.37,0
20220819,1660838400000,19.34,19.39,18.7,18.8,12087,22918658.0,0.0,15,19.3,0
20220822,1661097600000,18.95,19.13,18.55,19.0,9231,17414269.0,0.0,15,18.8,0
20220823,1661184000000,19.07,20.3,18.8,20.0,42028,83323364.00000001,0.0,15,19.0,0
20220824,1661270400000,19.900000000000002,19.970000000000002,18.6,18.880000000000003,40347,77375621.0,0.0,15,20.0,0
20220825,1661356800000,18.8,19.07,18.44,18.55,18469,34399169.0,0.0,15,18.880000000000003,0
20220826,1661443200000,18.74,19.07,18.5,18.68,10073,18936167.000000004,0.0,15,18.55,0
20220829,1661702400000,18.29,18.93,18.16,18.85,12552,23352272.0,0.0,15,18.68,0
20220830,1661788800000,18.88,19.1,18.25,18.3,14703,27195908.0,0.0,15,18.85,0
20220831,1661875200000,18.31,18.31,17.18,17.48,18836,33012811.000000004,0.0,15,18.3,0
20220901,1661961600000,17.48,17.77,17.34,17.35,7885,13787559.0,0.0,15,17.48,0
20220902,1662048000000,17.529999999999998,17.599999999999998,17.22,17.48,7997,13920595.0,0.0,15,17.349999999999998,0
20220905,1662307200000,17.48,17.62,17.32,17.5,6713,11705072.999999998,0.0,15,17.48,0
20220906,1662393600000,17.5,17.880000000000003,17.44,17.78,8905,15777494.999999998,0.0,15,17.5,0
20220907,1662480000000,17.78,17.88,17.66,17.77,5715,10156863.0,0.0,15,17.78,0
20220908,1662566400000,17.77,17.77,17.39,17.400000000000002,7501,13153775.000000002,0.0,15,17.77,0
20220909,1662652800000,17.4,17.599999999999998,17.27,17.34,6256,10851242.0,0.0,15,17.4,0
20220913,1662998400000,17.400000000000002,17.72,17.39,17.5,8292,14540372.0,0.0,15,17.34,0
20220914,1663084800000,17.25,17.5,16.9,17.06,8849,15131516.0,0.0,15,17.5,0
20220915,1663171200000,17.06,17.18,16.27,16.55,10960,18207205.000000004,0.0,15,17.06,0
20220916,1663257600000,16.34,16.48,16.03,16.040000000000003,6564,10678756.0,0.0,15,16.55,0
20220919,1663516800000,16.05,16.13,15.68,16.009999999999998,5535,8807237.0,0.0,15,16.04,0
20220920,1663603200000,16.01,16.32,16.01,16.290000000000003,5646,9173176.000000002,0.0,15,16.01,0
20220921,1663689600000,16.28,16.520000000000003,16.1,16.520000000000003,4083,6669582.0,0.0,15,16.290000000000003,0
20220922,1663776000000,16.48,16.66,16.28,16.450000000000003,3740,6178276.0,0.0,15,16.52,0
20220923,1663862400000,16.39,16.5,15.99,16.14,4830,7820895.0,0.0,15,16.45,0
20220926,1664121600000,16.150000000000002,16.150000000000002,15.38,15.73,7233,11365013.0,0.0,15,16.14,0
20220927,1664208000000,15.63,16.0,15.63,16.0,6116,9722194.0,0.0,15,15.73,0
20220928,1664294400000,16.0,16.07,15.66,15.7,5526,8728454.0,0.0,15,16.0,0
20220929,1664380800000,15.9,15.9,15.31,15.4,6374,9898863.0,0.0,15,15.700000000000001,0
20220930,1664467200000,15.39,15.46,15.22,15.3,4611,7077288.0,0.0,15,15.4,0
20221010,1665331200000,15.600000000000001,15.600000000000001,14.780000000000001,14.950000000000001,5047,7606756.0,0.0,15,15.3,0
20221011,1665417600000,14.950000000000001,15.15,14.65,15.120000000000001,3847,5743383.999999999,0.0,15,14.950000000000001,0
20221012,1665504000000,15.21,15.4,14.82,15.370000000000001,5102,7694286.000000001,0.0,15,15.120000000000001,0
20221013,1665590400000,15.430000000000001,15.58,15.3,15.47,5142,7948516.000000001,0.0,15,15.370000000000001,0
20221014,1665676800000,15.5,15.85,15.5,15.79,6544,10298004.0,0.0,15,15.47,0
20221017,1665936000000,15.69,16.06,15.69,16.009999999999998,6777,10819340.999999998,0.0,15,15.79,0
20221018,1666022400000,16.02,16.79,15.94,16.33,12752,20859463.0,0.0,15,16.009999999999998,0
20221019,1666108800000,16.35,17.18,16.1,16.76,17813,29778640.0,0.0,15,16.330000000000002,0
20221020,1666195200000,16.77,16.77,16.28,16.290000000000003,8828,14530904.0,0.0,15,16.76,0
20221021,1666281600000,16.62,16.62,16.2,16.23,4672,7632521.0,0.0,15,16.29,0
20221024,1666540800000,16.39,16.68,16.18,16.2,7840,12894204.0,0.0,15,16.23,0
20221025,1666627200000,16.22,16.34,15.75,16.09,8289,13325506.000000002,0.0,15,16.2,0
20221026,1666713600000,16.28,16.44,15.98,16.29,6074,9868672.0,0.0,15,16.09,0
20221027,1666800000000,16.56,17.12,16.5,17.12,20565,34808234.0,0.0,15,16.29,0
20221028,1666886400000,16.9,17.4,16.22,16.5,14838,24882732.0,0.0,15,17.119999999999997,0
20221031,1667145600000,16.1,16.72,16.09,16.669999999999998,8356,13762004.0,0.0,15,16.5,0
20221101,1667232000000,16.53,16.96,16.48,16.71,7284,12151129.0,0.0,15,16.67,0
20221102,1667318400000,16.88,17.36,16.61,17.099999999999998,11683,19961043.0,0.0,15,16.71,0
20221103,1667404800000,17.15,17.15,16.79,17.08,9780,16556159.999999998,0.0,15,17.099999999999998,0
20221104,1667491200000,17.34,17.34,17.04,17.15,6972,11944422.0,0.0,15,17.08,0
20221107,1667750400000,17.32,17.32,17.06,17.16,7758,13326003.0,0.0,15,17.15,0
20221108,1667836800000,17.189999999999998,17.24,16.86,17.14,6293,10753726.0,0.0,15,17.16,0
20221109,1667923200000,17.16,17.3,16.92,16.950000000000003,5370,9184818.0,0.0,15,17.14,0
20221110,1668009600000,16.95,17.0,16.8,16.8,4391,7417506.000000001,0.0,15,16.95,0
20221111,1668096000000,16.89,17.19,16.8,16.87,8077,13724312.0,0.0,15,16.8,0
20221114,1668355200000,16.97,17.01,16.5,16.58,6972,11654935.999999998,0.0,15,16.87,0
20221115,1668441600000,16.630000000000003,16.98,16.580000000000002,16.94,7278,12251262.0,0.0,15,16.580000000000002,0
20221116,1668528000000,16.939999999999998,17.91,16.9,17.529999999999998,21094,36964380.99999999,0.0,15,16.939999999999998,0
20221117,1668614400000,17.529999999999998,17.55,17.13,17.48,9578,16607711.0,0.0,15,17.529999999999998,0
20221118,1668700800000,17.55,17.650000000000002,17.12,17.17,6848,11894729.0,0.0,15,17.48,0
20221121,1668960000000,17.060000000000002,17.590000000000003,16.990000000000002,17.42,9451,16338517.000000002,0.0,15,17.17,0
20221122,1669046400000,17.42,17.46,17.080000000000002,17.17,6627,11434144.0,0.0,15,17.42,0
20221123,1669132800000,17.14,18.1,17.080000000000002,17.700000000000003,20644,36401918.0,0.0,15,17.17,0
20221124,1669219200000,17.630000000000003,17.66,17.19,17.27,12865,22348467.0,0.0,15,17.700000000000003,0
20221125,1669305600000,17.54,17.54,17.11,17.15,7377,12764782.0,0.0,15,17.27,0
20221128,1669564800000,17.05,17.3,16.85,17.03,5690,9671395.999999998,0.0,15,17.150000000000002,0
20221129,1669651200000,17.080000000000002,17.220000000000002,16.94,17.220000000000002,6465,11061024.0,0.0,15,17.03,0
20221130,1669737600000,17.26,17.44,17.01,17.16,6031,10323861.0,0.0,15,17.220000000000002,0
20221201,1669824000000,17.25,17.45,17.13,17.22,4844,8337526.999999999,0.0,15,17.16,0
20221202,1669910400000,17.12,17.36,17.11,17.29,5503,9489637.0,0.0,15,17.22,0
20221205,1670169600000,17.450000000000003,17.94,17.240000000000002,17.700000000000003,16589,29242164.000000004,0.0,15,17.290000000000003,0
20221206,1670256000000,17.73,17.73,17.35,17.490000000000002,9224,16138470.999999998,0.0,15,17.700000000000003,0
20221207,1670342400000,17.4,17.5,17.25,17.3,5148,8942618.000000002,0.0,15,17.49,0
20221208,1670428800000,17.290000000000003,17.410000000000004,17.150000000000002,17.150000000000002,5331,9176557.0,0.0,15,17.3,0
20221209,1670515200000,17.009999999999998,17.15,16.86,16.98,7590,12881185.000000002,0.0,15,17.15,0
20221212,1670774400000,16.98,17.11,16.71,16.77,6537,10998162.0,0.0,15,16.98,0
20221213,1670860800000,16.73,16.93,16.7,16.71,4371,7337231.000000001,0.0,15,16.77,0
20221214,1670947200000,16.77,17.2,16.73,16.75,6856,11581547.0,0.0,15,16.71,0
20221215,1671033600000,16.81,16.92,16.66,16.79,4049,6792575.0,0.0,15,16.75,0
20221216,1671120000000,16.720000000000002,16.94,16.55,16.580000000000002,5017,8349632.0,0.0,15,16.79,0
20221219,1671379200000,16.55,16.68,15.950000000000001,16.02,9549,15449634.999999998,0.0,15,16.580000000000002,0
20221220,1671465600000,15.99,16.25,15.870000000000001,16.150000000000002,4163,6687137.0,0.0,15,16.02,0
20221221,1671552000000,15.99,16.22,15.98,16.02,3409,5482733.000000001,0.0,15,16.150000000000002,0
20221222,1671638400000,16.02,16.18,15.200000000000001,15.56,4044,6413420.0,0.0,15,16.02,0
20221223,1671724800000,15.56,15.780000000000001,15.38,15.55,4147,6469932.0,0.0,15,15.56,0
20221226,1671984000000,15.74,16.23,15.620000000000001,15.97,8133,12921639.0,0.0,15,15.55,0
20221227,1672070400000,15.969999999999999,16.1,15.85,16.009999999999998,5206,8309052.000000001,0.0,15,15.969999999999999,0
20221228,1672156800000,15.9,16.15,15.9,15.98,3861,6169399.0,0.0,15,16.01,0
20221229,1672243200000,16.0,16.11,15.84,15.95,3852,6145064.0,0.0,15,15.98,0
20221230,1672329600000,16.080000000000002,16.630000000000003,15.860000000000001,15.97,6068,9733632.0,0.0,15,15.950000000000001,0
20230103,1672675200000,15.969999999999999,16.53,15.94,16.4,9924,16195170.000000002,0.0,15,15.969999999999999,0
20230104,1672761600000,16.599999999999998,16.66,16.31,16.47,6027,9939118.000000002,0.0,15,16.4,0
20230105,1672848000000,16.500000000000004,16.770000000000003,16.330000000000002,16.42,5087,8360622.0,0.0,15,16.470000000000002,0
20230106,1672934400000,16.46,16.55,16.27,16.41,5770,9468963.0,0.0,15,16.419999999999998,0
20230109,1673193600000,16.41,16.57,16.2,16.32,9326,15281716.000000002,0.0,15,16.41,0
20230110,1673280000000,16.35,16.39,15.97,16.12,7017,11326379.0,0.0,15,16.32,0
20230111,1673366400000,16.22,16.26,15.91,16.04,5903,9498084.0,0.0,15,16.12,0
20230112,1673452800000,16.380000000000003,16.67,16.03,16.290000000000003,9665,15711499.0,0.0,15,16.040000000000003,0
20230113,1673539200000,16.349999999999998,16.45,16.22,16.259999999999998,4607,7503778.0,0.0,15,16.29,0
20230116,1673798400000,16.2,16.65,16.16,16.51,9738,16065489.0,0.0,15,16.26,0
20230117,1673884800000,16.51,16.580000000000002,16.330000000000002,16.55,12962,21284290.0,0.0,15,16.51,0
20230118,1673971200000,16.53,16.990000000000002,16.37,16.75,9644,16113790.0,0.0,15,16.55,0
20230119,1674057600000,16.77,16.86,16.56,16.81,6099,10237322.0,0.0,15,16.75,0
20230120,1674144000000,16.88,17.65,16.7,17.52,22863,39538509.0,0.0,15,16.81,0
20230130,1675008000000,17.599999999999998,18.65,17.27,17.97,41495,74984519.99999999,0.0,15,17.52,0
20230131,1675094400000,17.919999999999998,18.23,17.72,17.959999999999997,24981,45003269.0,0.0,15,17.97,0
20230201,1675180800000,18.0,18.169999999999998,17.93,18.09,14290,25831242.0,0.0,15,17.96,0
20230202,1675267200000,18.090000000000003,18.21,17.900000000000002,17.96,14335,25777485.0,0.0,15,18.090000000000003,0
20230203,1675353600000,17.98,18.78,17.96,18.52,33479,61843545.0,0.0,15,17.96,0
20230206,1675612800000,18.39,18.5,18.02,18.11,16477,30045582.0,0.0,15,18.52,0
20230207,1675699200000,18.15,18.3,17.88,18.18,12643,22852610.000000004,0.0,15,18.11,0
20230208,1675785600000,18.1,18.27,17.98,18.06,6265,11320861.0,0.0,15,18.18,0
20230209,1675872000000,17.96,18.12,17.96,18.05,8808,15896301.0,0.0,15,18.060000000000002,0
20230210,1675958400000,18.05,18.2,17.88,18.13,9850,17755751.0,0.0,15,18.05,0
20230213,1676217600000,18.15,18.54,18.07,18.41,12820,23496428.999999996,0.0,15,18.13,0
20230214,1676304000000,18.43,18.45,18.18,18.23,9360,17117399.0,0.0,15,18.41,0
20230215,1676390400000,18.19,18.400000000000002,18.150000000000002,18.360000000000003,8647,15806861.0,0.0,15,18.23,0
20230216,1676476800000,18.360000000000003,18.400000000000002,17.650000000000002,17.770000000000003,11218,20231846.0,0.0,15,18.360000000000003,0
20230217,1676563200000,17.92,17.990000000000002,17.6,17.700000000000003,11756,20893474.0,0.0,15,17.770000000000003,0
20230220,1676822400000,17.720000000000002,18.040000000000003,17.67,18.040000000000003,9869,17668708.0,0.0,15,17.700000000000003,0
20230221,1676908800000,18.080000000000002,18.290000000000003,17.92,18.19,8973,16278502.000000002,0.0,15,18.040000000000003,0
20230222,1676995200000,18.130000000000003,18.36,17.96,18.240000000000002,10684,19468650.0,0.0,15,18.19,0
20230223,1677081600000,18.39,19.560000000000002,18.240000000000002,19.380000000000003,61700,117921568.0,0.0,15,18.240000000000002,0
20230224,1677168000000,19.0,19.580000000000002,18.82,19.27,48159,92451781.0,0.0,15,19.38,0
20230227,1677427200000,19.23,19.26,18.73,18.8,23305,44136490.00000001,0.0,15,19.27,0
20230228,1677513600000,18.790000000000003,18.970000000000002,18.6,18.75,13617,25507198.000000004,0.0,15,18.8,0
20230301,1677600000000,18.87,18.880000000000003,18.51,18.6,15929,29639775.999999996,0.0,15,18.75,0
20230302,1677686400000,18.6,18.82,18.5,18.63,14869,27722671.0,0.0,15,18.6,0
20230303,1677772800000,18.63,18.94,18.5,18.72,16660,31142808.0,0.0,15,18.63,0
20230306,1678032000000,18.750000000000004,19.000000000000004,18.650000000000002,18.76,15727,29560481.000000004,0.0,15,18.720000000000002,0
20230307,1678118400000,18.71,18.8,18.16,18.19,18995,35067203.0,0.0,15,18.76,0
20230308,1678204800000,18.32,18.560000000000002,18.080000000000002,18.560000000000002,13608,25062467.000000004,0.0,15,18.19,0
20230309,1678291200000,18.64,18.64,18.080000000000002,18.180000000000003,11525,20984141.0,0.0,15,18.560000000000002,0
20230310,1678377600000,18.17,18.17,17.580000000000002,17.590000000000003,19152,33996860.0,0.0,15,18.180000000000003,0
20230313,1678636800000,17.580000000000002,17.89,17.39,17.59,10561,18535721.0,0.0,15,17.59,0
20230314,1678723200000,17.61,17.7,16.91,17.330000000000002,12553,21742750.0,0.0,15,17.59,0
20230315,1678809600000,17.35,17.76,17.330000000000002,17.560000000000002,8754,15373912.0,0.0,15,17.330000000000002,0
20230316,1678896000000,17.56,17.56,17.0,17.06,13417,23081332.0,0.0,15,17.56,0
20230317,1678982400000,17.19,18.330000000000002,17.19,17.94,31112,55703094.0,0.0,15,17.060000000000002,0
20230320,1679241600000,17.76,18.18,17.57,17.81,19146,34089637.0,0.0,15,17.94,0
20230321,1679328000000,17.92,18.46,17.89,18.27,19380,35186439.00000001,0.0,15,17.810000000000002,0
20230322,1679414400000,18.38,18.38,18.0,18.13,12089,21946024.0,0.0,15,18.27,0
20230323,1679500800000,18.06,18.09,17.88,18.029999999999998,10022,18017731.0,0.0,15,18.13,0
20230324,1679587200000,17.9,18.16,17.88,17.99,14901,26832119.999999996,0.0,15,18.029999999999998,0
20230327,1679846400000,17.95,18.28,17.75,17.85,16218,29105337.0,0.0,15,17.99,0
20230328,1679932800000,18.0,18.0,17.66,17.66,9966,17757659.0,0.0,15,17.85,0
20230329,1680019200000,17.67,17.84,17.3,17.39,8671,15151882.000000002,0.0,15,17.66,0
20230330,1680105600000,17.38,17.72,17.07,17.43,10681,18509397.000000004,0.0,15,17.39,0
20230331,1680192000000,17.25,17.57,17.25,17.43,8341,14479764.0,0.0,15,17.43,0
20230403,1680451200000,17.450000000000003,17.73,17.35,17.68,12951,22751746.999999996,0.0,15,17.43,0
20230404,1680537600000,17.68,17.69,17.23,17.32,14804,25767696.0,0.0,15,17.68,0
20230406,1680710400000,17.32,17.63,17.06,17.57,10980,19094587.0,0.0,15,17.32,0
20230407,1680796800000,17.61,18.48,17.46,18.39,34209,62073298.0,0.0,15,17.57,0
20230410,1681056000000,18.41,18.419999999999998,17.7,17.74,24081,43218932.0,0.0,15,18.39,0
20230411,1681142400000,17.79,17.82,17.3,17.44,16029,28040234.0,0.0,15,17.740000000000002,0
20230412,1681228800000,17.44,17.73,17.400000000000002,17.590000000000003,10740,18826843.000000004,0.0,15,17.44,0
20230413,1681315200000,17.64,17.73,17.44,17.53,10131,17772484.0,0.0,15,17.59,0
20230414,1681401600000,17.6,17.69,17.37,17.66,7722,13554224.0,0.0,15,17.53,0
20230417,1681660800000,17.770000000000003,18.070000000000004,17.400000000000002,17.6,14892,26282456.000000004,0.0,15,17.660000000000004,0
20230418,1681747200000,17.7,17.7,17.16,17.21,14140,24453995.0,0.0,15,17.6,0
20230419,1681833600000,17.19,17.330000000000002,16.8,16.87,14373,24376668.0,0.0,15,17.21,0
20230420,1681920000000,16.9,16.93,16.56,16.9,8542,14299054.0,0.0,15,16.869999999999997,0
20230421,1682006400000,16.89,16.89,16.47,16.47,13752,22893872.000000004,0.0,15,16.9,0
20230424,1682265600000,16.44,16.5,16.12,16.19,15207,24718322.0,0.0,15,16.470000000000002,0
20230425,1682352000000,16.37,16.44,15.52,15.98,16961,27084419.0,0.0,15,16.19,0
20230426,1682438400000,15.98,16.36,15.77,16.36,18646,30020003.0,0.0,15,15.98,0
20230427,1682524800000,16.349999999999998,17.06,16.06,17.0,22376,37486034.0,0.0,15,16.36,0
20230428,1682611200000,17.04,17.47,16.98,17.45,22858,39515250.0,0.0,15,17.0,0
20230504,1683129600000,17.490000000000002,19.15,17.32,18.830000000000002,70197,130172257.0,0.0,15,17.45,0
20230505,1683216000000,19.099999999999998,20.3,18.61,19.98,106087,208616235.0,0.0,15,18.83,0
20230508,1683475200000,20.12,20.770000000000003,19.900000000000002,20.39,80212,163261518.0,0.0,15,19.98,0
20230509,1683561600000,20.5,20.560000000000002,19.23,19.23,60760,120297879.0,0.0,15,20.39,0
20230510,1683648000000,19.110000000000003,19.880000000000003,19.1,19.78,40872,80384010.0,0.0,15,19.23,0
20230511,1683734400000,19.69,20.17,19.490000000000002,19.78,30477,60406945.99999999,0.0,15,19.78,0
20230512,1683820800000,20.080000000000002,20.080000000000002,19.37,19.45,23870,46801879.0,0.0,15,19.78,0
20230515,1684080000000,19.45,19.81,19.25,19.79,18285,35709861.0,0.0,15,19.45,0
20230516,1684166400000,19.78,20.990000000000002,19.580000000000002,20.400000000000002,51042,104851056.00000001,0.0,15,19.790000000000003,0
20230517,1684252800000,20.36,21.22,19.91,21.22,56757,118191173.0,0.0,15,20.4,0
20230518,1684339200000,21.25,21.490000000000002,20.78,20.8,37961,79853831.00000001,0.0,15,21.220000000000002,0
20230519,1684425600000,20.779999999999998,21.11,20.47,20.77,31063,64497318.0,0.0,15,20.799999999999997,0
20230522,1684684800000,20.6,20.92,20.44,20.62,23549,48649650.0,0.0,15,20.77,0
20230523,1684771200000,20.56,20.98,20.36,20.39,20931,43094672.0,0.0,15,20.62,0
20230524,1684857600000,20.0,20.6,19.98,20.09,28815,57979025.00000001,0.0,15,20.39,0
20230525,1684944000000,20.09,20.09,19.47,19.799999999999997,22035,43508375.0,0.0,15,20.09,0
20230526,1685030400000,19.75,19.97,19.5,19.84,15445,30501108.000000004,0.0,15,19.8,0
20230529,1685289600000,19.8,20.5,19.77,19.81,22746,45532878.00000001,0.0,15,19.84,0
20230530,1685376000000,19.8,20.4,19.57,19.89,21817,43684449.0,0.0,15,19.81,0
20230531,1685462400000,19.880000000000003,20.3,19.76,19.92,16627,33196618.0,0.0,15,19.89,0
20230601,1685548800000,19.88,20.02,19.57,19.62,21910,43241961.99999999,0.0,15,19.92,0
20230602,1685635200000,19.759999999999998,20.169999999999998,19.56,19.59,20173,40080897.0,0.0,15,19.619999999999997,0
20230605,1685894400000,19.59,19.76,19.5,19.56,16225,31823386.0,0.0,15,19.59,0
20230606,1685980800000,19.52,19.63,19.02,19.13,18027,34753478.0,0.0,15,19.56,0
20230607,1686067200000,19.14,19.4,18.91,18.98,14463,27615785.0,0.0,15,19.13,0
20230608,1686153600000,19.29,19.29,18.8,18.93,10558,20037920.0,0.0,15,18.98,0
20230609,1686240000000,18.93,19.189999999999998,18.79,19.099999999999998,17300,32924219.0,0.0,15,18.93,0
20230612,1686499200000,18.95,21.009999999999998,18.95,21.009999999999998,47355,95496717.0,0.0,15,19.099999999999998,0
20230613,1686585600000,21.520000000000003,22.500000000000004,21.150000000000002,22.26,99899,218527446.0,0.0,15,21.01,0
20230614,1686672000000,21.89,21.990000000000002,21.26,21.700000000000003,61714,133120183.0,0.0,15,22.26,0
20230615,1686758400000,21.7,22.65,21.45,21.88,63735,140647615.0,0.0,15,21.7,0
20230616,1686844800000,22.04,23.0,21.91,22.28,57474,128450432.00000001,0.0,15,21.88,0
20230619,1687104000000,22.27,22.880000000000003,21.87,22.62,55130,124264232.00000001,0.0,15,22.28,0
20230620,1687190400000,22.58,22.58,21.7,21.84,49425,108579363.0,0.0,15,22.62,0
20230621,1687276800000,22.07,22.130000000000003,21.44,21.46,36819,80013612.0,0.0,15,21.84,0
20230626,1687708800000,21.439999999999998,21.869999999999997,20.7,20.97,35302,74847943.0,0.0,15,21.46,0
20230627,1687795200000,21.02,21.220000000000002,20.62,20.95,26139,54571417.0,0.0,15,20.970000000000002,0
20230628,1687881600000,20.95,21.580000000000002,20.48,21.310000000000002,40386,85138395.00000001,0.0,15,20.95,0
20230629,1687968000000,21.32,21.75,21.17,21.51,28037,60462326.0,0.0,15,21.310000000000002,0
20230630,1688054400000,21.41,21.61,21.2,21.43,23833,50870481.0,0.0,15,21.509999999999998,0
20230703,1688313600000,21.44,21.820000000000004,21.150000000000002,21.220000000000002,20476,43724881.99999999,0.0,15,21.430000000000003,0
20230704,1688400000000,21.380000000000003,22.18,21.19,22.0,53249,116271026.0,0.0,15,21.220000000000002,0
20230705,1688486400000,21.99,21.99,20.25,21.26,51646,109733433.0,0.0,15,22.0,0
20230706,1688572800000,21.21,21.21,20.75,20.85,26416,55292915.0,0.0,15,21.26,0
20230707,1688659200000,20.85,20.85,20.400000000000002,20.55,17466,35968509.0,0.0,15,20.85,0
20230710,1688918400000,20.55,22.28,20.46,21.55,48408,103503702.0,0.0,15,20.55,0
20230711,1689004800000,21.3,22.340000000000003,20.67,22.23,69357,151123289.0,0.0,15,21.55,0
20230712,1689091200000,22.200000000000003,22.200000000000003,21.51,21.630000000000003,38262,83523970.0,0.0,15,22.23,0
20230713,1689177600000,21.630000000000003,21.830000000000002,21.1,21.1,27379,58223503.00000001,0.0,15,21.630000000000003,0
20230714,1689264000000,20.97,22.1,20.66,21.83,45104,97134788.0,0.0,15,20.89,0
20230717,1689523200000,21.69,22.05,21.3,21.86,27520,59714622.99999999,0.0,15,21.830000000000002,0
20230718,1689609600000,22.0,22.44,21.62,22.39,38899,86236913.0,0.0,15,21.86,0
20230719,1689696000000,22.41,22.74,21.79,21.93,33872,74707250.0,0.0,15,22.39,0
20230720,1689782400000,21.990000000000002,21.990000000000002,21.19,21.220000000000002,29045,62392465.99999999,0.0,15,21.93,0
20230721,1689868800000,21.060000000000002,21.180000000000003,20.400000000000002,20.46,33895,70260158.0,0.0,15,21.220000000000002,0
20230724,1690128000000,20.53,20.7,19.75,19.87,30085,60807701.00000001,0.0,15,20.46,0
20230725,1690214400000,19.89,20.18,19.52,19.97,29203,57817423.00000001,0.0,15,19.87,0
20230726,1690300800000,19.97,20.0,19.36,19.4,18776,36694396.0,0.0,15,19.97,0
20230727,1690387200000,19.439999999999998,20.0,19.36,19.4,21877,42974112.0,0.0,15,19.4,0
20230728,1690473600000,19.540000000000003,19.540000000000003,19.1,19.44,14697,28371914.0,0.0,15,19.400000000000002,0
20230731,1690732800000,19.52,19.61,19.27,19.32,16289,31623381.000000004,0.0,15,19.44,0
20230801,1690819200000,19.31,19.55,18.82,19.43,16178,31141309.0,0.0,15,19.32,0
20230802,1690905600000,19.43,19.43,19.14,19.29,11620,22370492.000000004,0.0,15,19.43,0
20230803,1690992000000,19.27,19.31,18.98,19.05,14963,28590571.0,0.0,15,19.29,0
20230804,1691078400000,19.11,19.27,18.88,19.15,14869,28338832.999999996,0.0,15,19.05,0
20230807,1691337600000,19.160000000000004,19.19,18.900000000000002,19.060000000000002,10181,19361337.0,0.0,15,19.150000000000002,0
20230808,1691424000000,19.130000000000003,19.23,18.900000000000002,19.110000000000003,9803,18656881.0,0.0,15,19.060000000000002,0
20230809,1691510400000,19.0,19.04,18.63,18.75,12253,23057745.0,0.0,15,19.11,0
20230810,1691596800000,18.78,19.090000000000003,18.740000000000002,18.990000000000002,9078,17167146.0,0.0,15,18.750000000000004,0
20230811,1691683200000,19.16,19.25,18.67,18.78,11066,20845337.0,0.0,15,18.990000000000002,0
20230814,1691942400000,18.78,18.96,18.3,18.96,12273,22843099.0,0.0,15,18.78,0
20230815,1692028800000,18.95,19.060000000000002,18.8,19.060000000000002,7158,13549580.0,0.0,15,18.96,0
20230816,1692115200000,19.08,19.08,18.38,18.75,14886,27808167.000000004,0.0,15,19.06,0
20230817,1692201600000,18.61,19.1,18.41,19.09,12730,23963190.999999996,0.0,15,18.75,0
20230818,1692288000000,19.15,19.53,19.0,19.29,18749,36223766.0,0.0,15,19.09,0
20230821,1692547200000,19.27,19.89,19.18,19.85,33806,66563201.0,0.0,15,19.29,0
20230822,1692633600000,19.87,19.900000000000002,18.8,19.150000000000002,31639,60547518.0,0.0,15,19.85,0
20230823,1692720000000,19.009999999999998,19.04,18.22,18.799999999999997,21726,40109132.0,0.0,15,19.15,0
20230824,1692806400000,18.6,18.6,18.0,18.4,16374,29840057.0,0.0,15,18.8,0
20230825,1692892800000,18.22,18.22,17.41,17.48,18840,33337512.000000004,0.0,15,18.4,0
20230828,1693152000000,18.3,18.43,17.32,17.4,21521,38356052.0,0.0,15,17.48,0
20230829,1693238400000,17.450000000000003,18.44,17.330000000000002,18.37,24578,44559404.0,0.0,15,17.400000000000002,0
20230830,1693324800000,18.410000000000004,18.990000000000002,18.400000000000002,18.48,13192,24610152.000000004,0.0,15,18.37,0
20230831,1693411200000,18.53,18.64,18.080000000000002,18.16,9116,16672346.999999998,0.0,15,18.48,0
20230901,1693497600000,18.32,18.4,18.0,18.22,11798,21388825.0,0.0,15,18.16,0
20230904,1693756800000,18.500000000000004,18.900000000000002,18.330000000000002,18.860000000000003,17216,32231287.0,0.0,15,18.220000000000002,0
20230905,1693843200000,18.87,19.19,18.71,18.970000000000002,18341,34948177.99999999,0.0,15,18.86,0
20230906,1693929600000,19.020000000000003,19.1,18.76,19.060000000000002,10014,18980552.0,0.0,15,18.970000000000002,0
20230907,1694016000000,19.099999999999998,19.2,18.61,18.63,11143,20992545.000000004,0.0,15,19.06,0
20230908,1694102400000,18.62,19.37,18.6,19.23,21490,40971724.0,0.0,15,18.630000000000003,0
20230911,1694361600000,19.31,19.34,18.7,18.88,22000,41668209.0,0.0,15,19.23,0
20230912,1694448000000,19.03,19.040000000000003,18.35,18.5,23490,43694110.00000001,0.0,15,18.880000000000003,0
20230913,1694534400000,18.34,18.5,17.93,18.169999999999998,15979,28940805.0,0.0,15,18.5,0
20230914,1694620800000,18.14,18.270000000000003,17.990000000000002,18.000000000000004,10421,18875527.0,0.0,15,18.17,0
20230915,1694707200000,18.0,18.25,17.88,17.98,7368,13292955.000000002,0.0,15,18.0,0
20230918,1694966400000,17.99,18.58,17.95,18.349999999999998,15786,28897394.000000004,0.0,15,17.98,0
20230919,1695052800000,18.180000000000003,18.410000000000004,17.900000000000002,17.910000000000004,9476,17101840.0,0.0,15,18.35,0
20230920,1695139200000,18.05,18.08,17.88,17.89,7834,14058139.0,0.0,15,17.91,0
20230921,1695225600000,18.14,18.14,17.62,17.73,8503,15162517.0,0.0,15,17.89,0
20230922,1695312000000,17.73,18.0,17.61,17.88,13354,23808940.999999996,0.0,15,17.73,0
20230925,1695571200000,17.8,18.080000000000002,17.48,17.56,15995,28254652.000000004,0.0,15,17.88,0
20230926,1695657600000,17.560000000000002,17.8,17.55,17.73,9898,17519212.000000004,0.0,15,17.560000000000002,0
20230927,1695744000000,17.560000000000002,17.770000000000003,17.400000000000002,17.51,17926,31494048.999999996,0.0,15,17.73,0
20230928,1695830400000,17.9,17.98,17.61,17.95,14922,26657042.0,0.0,15,17.509999999999998,0
20231009,1696780800000,17.87,18.01,17.6,17.78,17917,31825696.0,0.0,15,17.950000000000003,0
20231010,1696867200000,17.93,17.93,17.45,17.58,15542,27421565.000000004,0.0,15,17.779999999999998,0
20231011,1696953600000,17.58,17.68,17.43,17.49,13494,23649104.0,0.0,15,17.58,0
20231012,1697040000000,17.45,17.71,17.34,17.65,12994,22752169.0,0.0,15,17.49,0
20231013,1697126400000,17.63,17.650000000000002,17.23,17.330000000000002,13697,23780032.0,0.0,15,17.650000000000002,0
20231016,1697385600000,17.28,17.51,17.19,17.32,11922,20652902.0,0.0,15,17.330000000000002,0
20231017,1697472000000,17.400000000000002,17.410000000000004,16.990000000000002,17.340000000000003,12194,20961601.0,0.0,15,17.32,0
20231018,1697558400000,17.16,17.29,16.86,16.93,13496,22929723.0,0.0,15,17.34,0
20231019,1697644800000,17.05,17.06,16.75,16.75,10242,17289281.0,0.0,15,16.93,0
20231020,1697731200000,16.68,17.2,16.62,16.740000000000002,10070,16955139.0,0.0,15,16.75,0
20231023,1697990400000,16.740000000000002,16.87,16.35,16.41,13179,21819699.0,0.0,15,16.740000000000002,0
20231024,1698076800000,16.8,17.759999999999998,16.68,17.2,33580,57960801.0,0.0,15,16.41,0
20231025,1698163200000,17.2,17.45,17.12,17.35,19589,33943979.0,0.0,15,17.2,0
20231026,1698249600000,17.32,17.63,17.0,17.58,23555,41014455.0,0.0,15,17.35,0
20231027,1698336000000,17.540000000000003,17.66,17.330000000000002,17.630000000000003,20351,35624873.99999999,0.0,15,17.580000000000002,0
20231030,1698595200000,17.520000000000003,17.69,17.42,17.64,17937,31561766.000000004,0.0,15,17.630000000000003,0
20231031,1698681600000,17.630000000000003,17.930000000000003,17.51,17.630000000000003,16827,29754465.000000004,0.0,15,17.64,0
20231101,1698768000000,17.68,17.76,17.41,17.63,15578,27437872.0,0.0,15,17.63,0
20231102,1698854400000,17.64,17.709999999999997,17.38,17.4,14672,25659503.0,0.0,15,17.63,0
20231103,1698940800000,17.410000000000004,17.85,17.400000000000002,17.71,17397,30834563.0,0.0,15,17.400000000000002,0
20231106,1699200000000,17.8,18.0,17.6,17.96,21411,38212409.0,0.0,15,17.71,0
20231107,1699286400000,17.99,18.02,17.81,17.97,12058,21613417.0,0.0,15,17.959999999999997,0
20231108,1699372800000,17.96,18.12,17.830000000000002,18.000000000000004,13297,23903546.0,0.0,15,17.970000000000002,0
20231109,1699459200000,18.0,18.01,17.8,17.92,9948,17823854.0,0.0,15,18.0,0
20231110,1699545600000,17.92,17.950000000000003,17.67,17.860000000000003,11695,20868018.0,0.0,15,17.92,0
20231113,1699804800000,17.959999999999997,18.34,17.88,18.3,19773,35915495.00000001,0.0,15,17.86,0
20231114,1699891200000,18.259999999999998,18.36,18.13,18.2,11416,20801420.0,0.0,15,18.3,0
20231115,1699977600000,18.23,18.310000000000002,18.14,18.22,10315,18784385.0,0.0,15,18.2,0
20231116,1700064000000,18.209999999999997,18.419999999999998,18.13,18.14,13409,24503392.0,0.0,15,18.22,0
20231117,1700150400000,18.15,18.349999999999998,18.02,18.259999999999998,12705,23119581.999999996,0.0,15,18.14,0
20231120,1700409600000,18.25,19.35,18.25,19.19,45026,85031789.0,0.0,15,18.26,0
20231121,1700496000000,19.11,19.19,18.59,18.85,40289,75758601.0,0.0,15,19.19,0
20231122,1700582400000,18.7,19.02,18.39,18.63,29421,54930187.99999999,0.0,15,18.85,0
20231123,1700668800000,18.77,18.95,18.39,18.8,20091,37595061.99999999,0.0,15,18.63,0
20231124,1700755200000,18.79,18.95,18.59,18.76,20264,38017976.0,0.0,15,18.8,0
20231127,1701014400000,19.240000000000002,19.64,18.82,19.02,46623,89289268.00000001,0.0,15,18.76,0
20231128,1701100800000,18.830000000000002,19.8,18.830000000000002,19.55,65830,128385384.00000001,0.0,15,19.020000000000003,0
20231129,1701187200000,19.54,20.38,19.41,19.82,75355,150065854.0,0.0,15,19.55,0
20231130,1701273600000,19.87,19.95,19.36,19.689999999999998,37461,73650428.0,0.0,15,19.82,0
20231201,1701360000000,19.6,20.48,19.41,20.04,52653,104837859.0,0.0,15,19.69,0
20231204,1701619200000,19.8,20.46,19.8,20.12,48880,98232409.0,0.0,15,20.04,0
20231205,1701705600000,20.060000000000002,20.07,19.580000000000002,19.6,35838,70887198.0,0.0,15,20.12,0
20231206,1701792000000,19.400000000000002,20.03,19.400000000000002,19.78,33771,66934136.99999999,0.0,15,19.6,0
20231207,1701878400000,19.700000000000003,19.91,19.28,19.310000000000002,36371,70837461.0,0.0,15,19.78,0
20231208,1701964800000,19.38,19.61,18.81,18.88,26077,49813503.0,0.0,15,19.31,0
20231211,1702224000000,18.89,19.35,18.75,19.26,23565,45119044.0,0.0,15,18.88,0
20231212,1702310400000,19.3,19.46,19.23,19.38,16411,31738596.0,0.0,15,19.26,0
20231213,1702396800000,19.38,19.91,19.3,19.63,25374,49812928.0,0.0,15,19.38,0
20231214,1702483200000,19.630000000000003,19.8,19.37,19.42,20092,39222716.00000001,0.0,15,19.630000000000003,0
20231215,1702569600000,19.43,19.58,19.22,19.459999999999997,17304,33625985.0,0.0,15,19.419999999999998,0
20231218,1702828800000,19.6,19.8,19.23,19.44,20695,40175094.00000001,0.0,15,19.46,0
20231219,1702915200000,19.220000000000002,19.610000000000003,19.1,19.46,27273,52907235.00000001,0.0,15,19.44,0
20231220,1703001600000,19.55,19.8,19.34,19.37,17427,34192775.00000001,0.0,15,19.46,0
20231221,1703088000000,19.349999999999998,19.43,18.86,19.33,27292,52390289.00000001,0.0,15,19.37,0
20231222,1703174400000,19.400000000000002,19.41,19.1,19.16,20984,40372212.0,0.0,15,19.330000000000002,0
20231225,1703433600000,19.3,19.36,18.77,19.0,26257,49801320.0,0.0,15,19.16,0
20231226,1703520000000,19.14,19.2,18.46,18.54,17086,31881829.000000004,0.0,15,19.0,0
20231227,1703606400000,18.64,18.88,18.48,18.79,14318,26723896.0,0.0,15,18.54,0
20231228,1703692800000,18.8,18.98,18.46,18.82,22712,42572149.00000001,0.0,15,18.79,0
20231229,1703779200000,18.78,19.3,18.650000000000002,19.250000000000004,19863,37831456.0,0.0,15,18.820000000000004,0
20240102,1704124800000,19.29,19.84,19.27,19.7,27048,53083987.0,0.0,15,19.25,0
20240103,1704211200000,19.680000000000003,19.830000000000002,19.400000000000002,19.6,20488,40244908.0,0.0,15,19.700000000000003,0
20240104,1704297600000,19.970000000000002,19.970000000000002,19.42,19.650000000000002,13793,27044899.000000004,0.0,15,19.6,0
20240105,1704384000000,19.7,19.7,19.18,19.32,17625,34276746.0,0.0,15,19.65,0
20240108,1704643200000,19.200000000000003,19.37,18.900000000000002,18.910000000000004,14470,27711355.000000004,0.0,15,19.320000000000004,0
20240109,1704729600000,18.92,19.330000000000002,18.89,19.060000000000002,17349,33170697.0,0.0,15,18.91,0
20240110,1704816000000,18.98,19.15,18.72,18.9,14068,26693637.0,0.0,15,19.06,0
20240111,1704902400000,18.990000000000002,19.17,18.740000000000002,19.12,14004,26575422.999999996,0.0,15,18.900000000000002,0
20240112,1704988800000,19.03,19.630000000000003,18.900000000000002,19.250000000000004,24574,47621152.0,0.0,15,19.12,0
20240115,1705248000000,19.51,19.51,18.8,18.970000000000002,17869,33907585.0,0.0,15,19.25,0
20240116,1705334400000,18.96,18.97,18.25,18.61,19902,36913434.0,0.0,15,18.97,0
20240117,1705420800000,18.78,18.78,18.32,18.32,12736,23685501.0,0.0,15,18.61,0
20240118,1705507200000,18.2,18.3,17.27,17.84,22621,40080999.0,0.0,15,18.32,0
20240119,1705593600000,17.880000000000003,17.900000000000002,17.62,17.7,14588,25890782.0,0.0,15,17.84,0
20240122,1705852800000,17.69,17.85,16.48,16.580000000000002,20726,35450124.0,0.0,15,17.7,0
20240123,1705939200000,16.41,16.55,15.91,16.15,25601,41138336.0,0.0,15,16.580000000000002,0
20240124,1706025600000,16.14,16.6,15.870000000000001,16.580000000000002,26810,43391815.00000001,0.0,15,16.150000000000002,0
20240125,1706112000000,16.59,17.61,16.52,17.61,27621,47502397.99999999,0.0,15,16.58,0
20240126,1706198400000,17.57,18.02,17.5,17.89,24635,43900288.0,0.0,15,17.61,0
20240129,1706457600000,17.849999999999998,18.169999999999998,17.2,17.32,32229,56783861.0,0.0,15,17.89,0
20240130,1706544000000,17.16,17.44,16.62,16.69,19466,33179848.0,0.0,15,17.32,0
20240131,1706630400000,16.67,16.67,15.75,15.82,26201,42240633.0,0.0,15,16.69,0
20240201,1706716800000,15.74,15.74,14.94,15.35,26799,40965029.0,0.0,15,15.82,0
20240202,1706803200000,15.290000000000001,15.5,13.91,14.6,34234,50088179.0,0.0,15,15.35,0
20240205,1707062400000,14.49,14.49,13.14,13.14,44002,58056714.0,0.0,15,14.600000000000001,0
20240206,1707148800000,12.05,13.22,11.83,12.5,73382,90252017.0,0.0,15,13.14,0
20240207,1707235200000,12.500000000000002,12.950000000000001,11.950000000000001,12.13,58074,71590784.0,0.0,15,12.500000000000002,0
20240208,1707321600000,12.2,13.34,12.19,13.34,51719,66386204.00000001,0.0,15,12.129999999999999,0
20240219,1708272000000,13.57,13.889999999999999,13.36,13.809999999999999,43890,60063492.00000001,0.0,15,13.34,0
20240220,1708358400000,13.81,13.950000000000001,13.63,13.860000000000001,26598,36704058.00000001,0.0,15,13.81,0
20240221,1708444800000,13.82,14.950000000000001,13.71,14.39,43155,62011170.0,0.0,15,13.860000000000001,0
20240222,1708531200000,14.3,14.670000000000002,14.200000000000001,14.56,21929,31711654.999999996,0.0,15,14.39,0
20240223,1708617600000,14.56,15.14,14.48,15.1,28761,42729355.00000001,0.0,15,14.56,0
20240226,1708876800000,15.33,16.14,15.33,15.81,43920,69411295.0,0.0,15,15.1,0
20240227,1708963200000,15.75,15.959999999999999,15.59,15.9,23768,37547017.0,0.0,15,15.81,0
20240228,1709049600000,15.92,15.99,14.31,14.33,62028,94287953.0,0.0,15,15.9,0
20240229,1709136000000,14.040000000000001,15.510000000000002,14.040000000000001,15.5,49813,74622706.0,0.0,15,14.33,0
20240301,1709222400000,15.5,15.65,15.06,15.3,33904,51720372.0,0.0,15,15.5,0
20240304,1709481600000,15.260000000000002,15.370000000000001,14.8,15.290000000000001,35937,54376137.0,0.0,15,15.3,0
20240305,1709568000000,15.2,15.2,14.85,14.95,27150,40685660.0,0.0,15,15.29,0
20240306,1709654400000,14.780000000000001,15.14,14.700000000000001,14.99,25498,38235311.0,0.0,15,14.950000000000001,0
20240307,1709740800000,14.98,15.64,14.92,15.22,33516,51509496.00000001,0.0,15,14.99,0
20240308,1709827200000,15.219999999999999,15.37,15.02,15.32,20910,31747998.0,0.0,15,15.219999999999999,0
20240311,1710086400000,15.28,15.4,15.1,15.35,21987,33532623.0,0.0,15,15.32,0
20240312,1710172800000,15.430000000000001,15.64,15.370000000000001,15.540000000000001,28836,44623098.0,0.0,15,15.350000000000001,0
20240313,1710259200000,15.59,15.65,15.35,15.54,22025,34148111.0,0.0,15,15.54,0
20240314,1710345600000,15.55,15.83,15.22,15.41,21043,32633595.000000004,0.0,15,15.540000000000001,0
20240315,1710432000000,15.35,15.73,15.16,15.71,20280,31470543.0,0.0,15,15.41,0
20240318,1710691200000,15.83,16.22,15.76,15.94,29244,46638554.0,0.0,15,15.709999999999999,0
20240319,1710777600000,15.92,16.1,15.76,15.91,20840,33273263.000000004,0.0,15,15.94,0
20240320,1710864000000,15.91,16.17,15.91,16.16,20342,32694869.0,0.0,15,15.91,0
20240321,1710950400000,16.259999999999998,16.52,15.93,16.3,24908,40451654.0,0.0,15,16.16,0
20240322,1711036800000,16.3,16.34,15.88,16.28,25893,41676557.0,0.0,15,16.3,0
20240325,1711296000000,16.14,16.3,15.75,15.78,29281,47011140.0,0.0,15,16.28,0
20240326,1711382400000,15.75,15.91,15.4,15.69,19886,31209765.0,0.0,15,15.780000000000001,0
20240327,1711468800000,15.700000000000001,15.9,15.200000000000001,15.22,23569,36473083.0,0.0,15,15.690000000000001,0
20240328,1711555200000,15.11,15.57,15.11,15.36,24772,38175429.0,0.0,15,15.219999999999999,0
20240329,1711641600000,15.42,15.86,15.34,15.82,21202,32987488.000000004,0.0,15,15.36,0
20240401,1711900800000,15.9,15.98,15.71,15.940000000000001,20820,32945968.000000004,0.0,15,15.82,0
20240402,1711987200000,15.950000000000001,16.2,15.8,15.99,23134,37035714.0,0.0,15,15.940000000000001,0
20240403,1712073600000,16.01,16.18,15.82,16.04,20497,32725946.0,0.0,15,15.99,0
20240408,1712505600000,16.08,16.62,16.0,16.09,41107,66630339.0,0.0,15,16.04,0
20240409,1712592000000,16.06,16.06,15.65,15.75,35510,56114484.00000001,0.0,15,16.09,0
20240410,1712678400000,15.77,15.91,15.08,15.3,33155,51243876.0,0.0,15,15.75,0
20240411,1712764800000,15.15,15.92,15.15,15.65,29307,45820263.0,0.0,15,15.3,0
20240412,1712851200000,15.700000000000001,16.200000000000003,15.610000000000001,15.840000000000002,29128,46071645.0,0.0,15,15.65,0
20240415,1713110400000,15.610000000000001,15.72,14.700000000000001,15.080000000000002,43413,65732134.0,0.0,15,15.840000000000002,0
20240416,1713196800000,15.23,15.3,13.93,14.23,49694,71038473.0,0.0,15,15.08,0
20240417,1713283200000,14.51,15.65,14.51,15.65,42686,64158212.00000001,0.0,15,14.23,0
20240418,1713369600000,17.0,17.22,16.5,17.22,45431,77223004.0,0.0,15,15.65,0
20240419,1713456000000,18.11,18.939999999999998,16.13,16.189999999999998,168199,293906030.0,0.0,15,17.22,0
20240422,1713715200000,15.3,16.92,15.3,16.87,131644,213589619.0,0.0,15,16.19,0
20240423,1713801600000,16.51,16.51,15.91,16.09,84937,137611033.0,0.0,15,16.87,0
20240424,1713888000000,16.1,16.62,15.92,16.5,60280,98401846.00000001,0.0,15,16.09,0
20240425,1713974400000,16.32,16.96,16.26,16.900000000000002,81413,136266113.0,0.0,15,16.5,0
20240426,1714060800000,18.12,18.590000000000003,17.150000000000002,17.680000000000003,132304,237600987.0,0.0,15,16.900000000000002,0
20240429,1714320000000,17.630000000000003,18.09,17.51,17.89,72263,129003816.0,0.0,15,17.680000000000003,0
20240430,1714406400000,17.810000000000002,18.12,17.69,17.880000000000003,53808,96340119.00000001,0.0,15,17.89,0
20240506,1714924800000,18.13,18.65,17.81,18.4,62784,115131178.0,0.0,15,17.88,0
20240507,1715011200000,18.599999999999998,19.49,18.29,18.97,85722,162489388.0,0.0,15,18.4,0
20240508,1715097600000,18.7,18.88,18.2,18.279999999999998,58485,107659785.00000001,0.0,15,18.97,0
20240509,1715184000000,18.17,18.77,18.05,18.66,38456,71356002.0,0.0,15,18.28,0
20240510,1715270400000,18.62,19.200000000000003,18.6,19.09,63560,120476806.0,0.0,15,18.66,0
20240513,1715529600000,18.8,19.349999999999998,18.7,18.74,49579,94010069.0,0.0,15,19.09,0
20240514,1715616000000,18.8,20.21,18.8,19.44,81983,159896990.0,0.0,15,18.740000000000002,0
20240515,1715702400000,19.189999999999998,19.689999999999998,19.13,19.169999999999998,52201,100866039.0,0.0,15,19.439999999999998,0
20240516,1715788800000,19.05,19.3,18.68,19.05,46183,87701145.0,0.0,15,19.169999999999998,0
20240517,1715875200000,19.03,19.23,18.68,18.86,33156,62458412.0,0.0,15,19.05,0
20240520,1716134400000,18.880000000000003,20.18,18.87,19.89,74776,147528001.0,0.0,15,18.86,0
20240521,1716220800000,19.8,20.19,19.580000000000002,19.950000000000003,43651,86928637.0,0.0,15,19.89,0
20240522,1716307200000,19.98,20.16,19.55,19.68,25954,51277834.0,0.0,15,19.95,0
20240523,1716393600000,19.51,19.830000000000002,19.01,19.200000000000003,35122,67927025.00000001,0.0,15,19.680000000000003,0
20240524,1716480000000,19.200000000000003,19.270000000000003,18.76,18.87,38897,73895196.00000001,0.0,15,19.200000000000003,0
20240527,1716739200000,18.77,18.98,18.36,18.64,47591,88155875.0,0.0,15,18.87,0
20240528,1716825600000,18.700000000000003,18.84,18.35,18.57,29016,54099195.00000001,0.0,15,18.64,0
20240529,1716912000000,18.67,18.73,18.42,18.520000000000003,18193,33779421.0,0.0,15,18.57,0
20240530,1716998400000,18.56,18.86,18.27,18.46,21365,39733897.00000001,0.0,15,18.52,0
20240531,1717084800000,18.35,18.700000000000003,18.330000000000002,18.53,16935,31373133.999999996,0.0,15,18.46,0
20240603,1717344000000,18.56,18.63,17.82,18.02,32174,58331677.0,0.0,15,18.53,0
20240604,1717430400000,18.02,18.200000000000003,17.44,17.8,33307,58939383.0,0.0,15,18.02,0
20240605,1717516800000,17.85,17.9,17.25,17.32,26647,46577611.00000001,0.0,15,17.8,0
20240606,1717603200000,17.310000000000002,17.41,16.26,16.51,51528,86002963.99999999,0.0,15,17.32,0
20240607,1717689600000,16.740000000000002,17.310000000000002,16.740000000000002,17.220000000000002,34904,59459915.00000001,0.0,15,16.51,0
20240611,1718035200000,17.35,17.44,16.78,17.02,25391,43137047.0,0.0,15,17.220000000000002,0
20240612,1718121600000,17.06,17.439999999999998,16.95,17.259999999999998,17358,29922560.0,0.0,15,17.02,0
20240613,1718208000000,17.23,17.56,17.2,17.439999999999998,21437,37285638.0,0.0,15,17.259999999999998,0
20240614,1718294400000,17.42,17.560000000000002,17.3,17.43,18743,32594232.0,0.0,15,17.44,0
20240617,1718553600000,17.36,17.599999999999998,17.11,17.22,18757,32533917.0,0.0,15,17.43,0
20240618,1718640000000,17.2,17.52,17.09,17.47,18068,31345698.0,0.0,15,17.22,0
20240619,1718726400000,17.45,17.490000000000002,16.89,16.94,29875,51179960.0,0.0,15,17.47,0
20240620,1718812800000,16.919999999999998,17.029999999999998,16.38,16.5,23059,38314712.0,0.0,15,16.939999999999998,0
20240621,1718899200000,16.490000000000002,16.67,16.28,16.52,16398,27041545.0,0.0,15,16.5,0
20240624,1719158400000,16.3,16.38,15.81,15.860000000000001,23437,37604260.0,0.0,15,16.52,0
20240625,1719244800000,15.85,16.44,15.85,16.1,23658,38257411.00000001,0.0,15,15.86,0
20240626,1719331200000,16.1,16.61,15.92,16.52,19587,32063325.0,0.0,15,16.1,0
20240627,1719417600000,16.5,16.68,16.1,16.110000000000003,20244,33042663.0,0.0,15,16.520000000000003,0
20240628,1719504000000,16.14,16.66,16.0,16.43,22456,36975736.0,0.0,15,16.11,0
20240701,1719763200000,16.45,16.9,16.31,16.75,22748,37817533.00000001,0.0,15,16.43,0
20240702,1719849600000,16.76,16.94,16.6,16.66,17267,28924249.000000004,0.0,15,16.75,0
20240703,1719936000000,16.77,16.77,16.16,16.19,14933,24454080.000000004,0.0,15,16.66,0
20240704,1720022400000,16.27,16.34,15.73,15.85,15835,25319672.0,0.0,15,16.19,0
20240705,1720108800000,15.8,16.01,15.58,15.94,12849,20281839.000000004,0.0,15,15.85,0
20240708,1720368000000,15.9,15.940000000000001,15.450000000000001,15.55,12966,20230444.0,0.0,15,15.940000000000001,0
20240709,1720454400000,15.450000000000001,16.0,15.31,15.98,17865,28037805.0,0.0,15,15.55,0
20240710,1720540800000,15.93,16.080000000000002,15.73,15.950000000000001,15751,25081412.999999996,0.0,15,15.98,0
20240711,1720627200000,16.15,16.68,16.15,16.68,26960,44398141.0,0.0,15,15.95,0
20240712,1720713600000,16.68,16.81,16.45,16.81,25237,41947401.0,0.0,15,16.68,0
20240715,1720972800000,17.3,17.78,16.490000000000002,16.8,91675,156529339.0,0.0,15,16.810000000000002,0
20240716,1721059200000,16.35,16.82,15.97,16.34,63886,104022872.0,0.0,15,16.8,0
20240717,1721145600000,16.2,16.240000000000002,15.63,15.63,39618,62529790.0,0.0,15,16.34,0
20240718,1721232000000,15.51,15.79,15.27,15.77,27177,42259539.0,0.0,15,15.629999999999999,0
20240719,1721318400000,15.6,16.21,15.57,15.950000000000001,28429,45554619.0,0.0,15,15.77,0
20240722,1721577600000,15.98,16.150000000000002,15.8,15.9,24708,39526746.0,0.0,15,15.950000000000001,0
20240723,1721664000000,16.04,17.490000000000002,15.82,17.490000000000002,87166,147194382.0,0.0,15,15.9,0
20240724,1721750400000,18.130000000000003,19.240000000000002,17.71,19.240000000000002,264616,498283924.99999994,0.0,15,17.490000000000002,0
20240725,1721836800000,19.35,20.770000000000003,18.400000000000002,19.750000000000004,296095,579824924.0000001,0.0,15,19.240000000000002,0
20240726,1721923200000,19.7,19.9,17.56,18.299999999999997,193532,355919959.0,0.0,15,19.5,0
20240729,1722182400000,18.310000000000002,18.970000000000002,17.900000000000002,18.570000000000004,195957,362622928.0,0.0,15,18.3,0
20240730,1722268800000,18.3,18.880000000000003,17.85,18.76,162254,299488011.0,0.0,15,18.57,0
20240731,1722355200000,18.28,18.86,18.14,18.560000000000002,151330,279936328.0,0.0,15,18.76,0
20240801,1722441600000,18.5,19.900000000000002,18.35,19.150000000000002,209763,402500565.0,0.0,15,18.560000000000002,0
20240802,1722528000000,19.080000000000002,20.27,18.46,19.12,201385,388791863.00000006,0.0,15,19.150000000000002,0
20240805,1722787200000,18.5,18.669999999999998,17.68,17.79,136309,247700744.99999997,0.0,15,19.12,0
20240806,1722873600000,18.07,19.57,17.78,19.57,102501,192472348.0,0.0,15,17.790000000000003,0
20240807,1722960000000,20.41,21.529999999999998,19.97,21.529999999999998,258439,533259697.0,0.0,15,19.57,0
20240808,1723046400000,21.869999999999997,22.49,19.38,19.38,252437,517439226.99999994,0.0,15,21.529999999999998,0
20240809,1723132800000,18.23,18.98,18.1,18.5,156411,290875207.00000006,0.0,15,19.380000000000003,0
20240812,1723392000000,18.349999999999998,18.52,17.81,17.97,86794,156850583.00000003,0.0,15,18.5,0
20240813,1723478400000,18.2,18.43,17.8,18.42,82190,148618265.0,0.0,15,17.970000000000002,0
20240814,1723564800000,18.38,18.96,18.27,18.49,112252,209046661.0,0.0,15,18.419999999999998,0
20240815,1723651200000,18.18,18.669999999999998,17.88,18.65,92244,169280531.0,0.0,15,18.49,0
20240816,1723737600000,18.380000000000003,18.6,18.1,18.150000000000002,66586,121896098.0,0.0,15,18.650000000000002,0
20240819,1723996800000,17.930000000000003,18.590000000000003,17.92,18.23,59351,108356608.0,0.0,15,18.150000000000002,0
20240820,1724083200000,17.96,18.130000000000003,17.28,17.42,83672,147148288.0,0.0,15,18.23,0
20240821,1724169600000,17.24,17.38,16.95,16.99,54325,92916344.0,0.0,15,17.419999999999998,0
20240822,1724256000000,16.82,17.12,16.490000000000002,16.6,46392,77466327.0,0.0,15,16.990000000000002,0
20240823,1724342400000,16.6,16.64,16.1,16.240000000000002,34982,56940672.0,0.0,15,16.6,0
20240826,1724601600000,16.35,16.380000000000003,16.01,16.240000000000002,30239,49049083.99999999,0.0,15,16.240000000000002,0
20240827,1724688000000,16.23,16.23,15.76,15.81,32975,52465979.0,0.0,15,16.24,0
20240828,1724774400000,15.7,15.879999999999999,15.51,15.59,31920,49994409.0,0.0,15,15.81,0
20240829,1724860800000,15.55,15.95,15.41,15.91,40186,63506269.00000001,0.0,15,15.59,0
20240830,1724947200000,15.91,16.42,15.71,16.14,56467,91191825.0,0.0,15,15.91,0
20240902,1725206400000,16.04,16.21,15.46,15.5,44152,69728432.0,0.0,15,16.14,0
20240903,1725292800000,15.42,15.85,15.42,15.79,32272,50657924.0,0.0,15,15.5,0
20240904,1725379200000,15.63,16.0,15.540000000000001,15.850000000000001,36300,57418894.0,0.0,15,15.790000000000001,0
20240905,1725465600000,15.75,15.92,15.65,15.84,30162,47709421.0,0.0,15,15.85,0
20240906,1725552000000,15.98,16.3,15.76,15.77,49811,79648050.0,0.0,15,15.84,0
20240909,1725811200000,15.69,16.6,15.5,16.34,67835,109644566.0,0.0,15,15.77,0
20240910,1725897600000,16.4,16.6,15.91,16.13,49824,80461368.0,0.0,15,16.34,0
20240911,1725984000000,16.02,16.02,15.75,15.89,25897,41099383.00000001,0.0,15,16.13,0
20240912,1726070400000,15.99,16.35,15.88,15.950000000000001,38792,62675641.0,0.0,15,15.89,0
20240913,1726156800000,15.82,16.16,15.71,15.71,33003,52384008.00000001,0.0,15,15.950000000000001,0
20240918,1726588800000,15.68,16.05,15.58,15.790000000000001,32866,51965634.0,0.0,15,15.71,0
20240919,1726675200000,15.76,16.330000000000002,15.73,16.25,48567,78299365.0,0.0,15,15.790000000000001,0
20240920,1726761600000,16.2,16.36,15.98,16.14,37841,61161555.00000001,0.0,15,16.25,0
20240923,1727020800000,15.96,16.39,15.88,16.34,44275,71626385.0,0.0,15,16.14,0
20240924,1727107200000,16.26,16.67,16.0,16.63,59474,97667493.0,0.0,15,16.34,0
20240925,1727193600000,16.78,17.02,16.53,16.6,62036,104137324.0,0.0,15,16.630000000000003,0
20240926,1727280000000,16.58,17.009999999999998,16.47,17.0,51790,86848490.0,0.0,15,16.599999999999998,0
20240927,1727366400000,17.299999999999997,17.7,17.06,17.57,57922,100755824.0,0.0,15,17.0,0
20240930,1727625600000,18.3,19.1,17.62,18.87,132250,243677541.0,0.0,15,17.57,0
20241008,1728316800000,20.75,20.76,18.6,19.67,153875,302345660.0,0.0,15,18.87,0
20241009,1728403200000,19.46,19.46,18.01,18.21,104110,193414975.99999997,0.0,15,19.67,0
20241010,1728489600000,18.49,19.45,18.36,18.95,119210,227199534.0,0.0,15,18.21,0
20241011,1728576000000,18.6,18.73,17.87,18.130000000000003,69922,127727552.0,0.0,15,18.950000000000003,0
20241014,1728835200000,18.16,18.59,18.0,18.48,45861,84211523.0,0.0,15,18.13,0
20241015,1728921600000,18.310000000000002,18.68,18.19,18.3,45145,83039990.0,0.0,15,18.48,0
20241016,1729008000000,18.01,18.290000000000003,17.85,18.05,40878,73768401.00000001,0.0,15,18.3,0
20241017,1729094400000,18.15,18.58,18.0,18.0,34412,62735009.0,0.0,15,18.05,0
20241018,1729180800000,17.86,18.57,17.86,18.46,59572,108345759.0,0.0,15,18.0,0
20241021,1729440000000,18.400000000000002,19.12,18.37,18.91,64069,120294594.00000001,0.0,15,18.46,0
20241022,1729526400000,18.85,18.85,18.43,18.74,55007,102541670.0,0.0,15,18.91,0
20241023,1729612800000,18.700000000000003,19.040000000000003,18.53,18.880000000000003,55510,104716690.0,0.0,15,18.740000000000002,0
20241024,1729699200000,18.9,18.97,18.47,18.72,37553,70056154.0,0.0,15,18.88,0
20241025,1729785600000,19.01,19.16,18.76,18.880000000000003,56945,107910509.00000001,0.0,15,18.720000000000002,0
20241028,1730044800000,18.5,19.39,18.19,19.19,87636,164056744.0,0.0,15,18.880000000000003,0
20241029,1730131200000,19.11,19.68,18.86,19.22,77261,148781659.0,0.0,15,19.189999999999998,0
20241030,1730217600000,19.250000000000004,19.89,19.150000000000002,19.750000000000004,104641,205193583.00000003,0.0,15,19.220000000000002,0
20241031,1730304000000,19.6,20.6,19.240000000000002,19.930000000000003,114555,228392527.0,0.0,15,19.750000000000004,0
20241101,1730390400000,19.82,19.85,18.93,19.22,73414,142397590.0,0.0,15,19.93,0
20241104,1730649600000,19.250000000000004,20.01,19.080000000000002,19.73,58793,115465938.00000001,0.0,15,19.220000000000002,0
20241105,1730736000000,19.61,20.23,19.57,19.990000000000002,71920,143190970.00000003,0.0,15,19.73,0
20241106,1730822400000,19.910000000000004,20.26,19.740000000000002,19.950000000000003,68523,136768195.0,0.0,15,19.990000000000002,0
20241107,1730908800000,19.78,20.12,19.57,19.88,64370,127475309.00000001,0.0,15,19.95,0
20241108,1730995200000,20.2,20.2,19.64,20.04,85097,169832817.0,0.0,15,19.88,0
20241111,1731254400000,20.0,20.5,19.85,20.330000000000002,73032,147771983.00000003,0.0,15,20.040000000000003,0
20241112,1731340800000,20.33,21.05,20.0,20.2,74943,153765717.0,0.0,15,20.33,0
20241113,1731427200000,20.2,20.33,19.56,20.24,53736,106975022.0,0.0,15,20.2,0
20241114,1731513600000,20.17,20.26,19.62,19.62,41973,83535273.0,0.0,15,20.240000000000002,0
20241115,1731600000000,19.55,19.94,19.23,19.26,40614,79679639.0,0.0,15,19.62,0
20241118,1731859200000,19.290000000000003,20.92,18.76,20.130000000000003,97804,195560298.0,0.0,15,19.26,0
20241119,1731945600000,20.090000000000003,20.71,19.740000000000002,20.680000000000003,90229,183875357.0,0.0,15,20.130000000000003,0
20241120,1732032000000,20.67,21.880000000000003,20.3,21.830000000000002,134542,287123579.0,0.0,15,20.68,0
20241121,1732118400000,21.62,21.67,20.57,20.990000000000002,103713,217254658.00000003,0.0,15,21.830000000000002,0
20241122,1732204800000,20.81,20.9,19.5,19.53,87985,177777063.0,0.0,15,20.99,0
20241125,1732464000000,19.54,19.74,18.88,19.27,67832,130152579.00000001,0.0,15,19.529999999999998,0
20241126,1732550400000,19.21,19.44,19.0,19.1,33913,65054372.0,0.0,15,19.27,0
20241127,1732636800000,18.94,19.37,18.44,19.330000000000002,41135,77615699.0,0.0,15,19.1,0
20241128,1732723200000,19.12,19.39,18.95,18.99,37245,71531838.0,0.0,15,19.33,0
20241129,1732809600000,18.91,19.330000000000002,18.85,19.18,39998,76296978.00000001,0.0,15,18.990000000000002,0
20241202,1733068800000,19.18,19.7,19.11,19.63,43607,85153674.0,0.0,15,19.18,0
20241203,1733155200000,19.63,20.04,19.38,19.669999999999998,38115,74994742.00000001,0.0,15,19.63,0
20241204,1733241600000,19.610000000000003,20.12,19.490000000000002,19.810000000000002,44556,88447833.0,0.0,15,19.67,0
20241205,1733328000000,19.610000000000003,19.96,19.580000000000002,19.810000000000002,30008,59462893.99999999,0.0,15,19.810000000000002,0
20241206,1733414400000,19.81,19.919999999999998,19.43,19.85,37497,73804411.00000001,0.0,15,19.81,0
20241209,1733673600000,19.82,20.39,19.82,20.28,54205,109194977.99999999,0.0,15,19.85,0
20241210,1733760000000,20.82,20.82,20.09,20.1,43133,87684103.99999999,0.0,15,20.28,0
20241211,1733846400000,20.02,20.41,20.0,20.34,25466,51611489.0,0.0,15,20.1,0
20241212,1733932800000,20.330000000000002,20.520000000000003,20.1,20.42,32222,65431508.00000001,0.0,15,20.34,0
20241213,1734019200000,20.41,20.41,19.95,19.97,30669,61707292.0,0.0,15,20.419999999999998,0
20241216,1734278400000,19.92,20.290000000000003,19.6,19.84,30786,61402473.0,0.0,15,19.970000000000002,0
20241217,1734364800000,19.86,19.86,19.0,19.14,33962,65577913.0,0.0,15,19.84,0
20241218,1734451200000,19.28,19.650000000000002,19.080000000000002,19.400000000000002,33183,64661615.0,0.0,15,19.14,0
20241219,1734537600000,19.2,19.4,19.04,19.349999999999998,20571,39578043.00000001,0.0,15,19.4,0
20241220,1734624000000,19.3,19.57,19.21,19.400000000000002,18501,35914142.99999999,0.0,15,19.35,0
20241223,1734883200000,19.450000000000003,19.55,18.44,18.52,36531,68883214.0,0.0,15,19.400000000000002,0
20241224,1734969600000,18.599999999999998,18.91,18.54,18.9,22040,41333297.0,0.0,15,18.52,0
20241225,1735056000000,18.89,18.89,18.29,18.4,23488,43398945.0,0.0,15,18.9,0
20241226,1735142400000,18.34,18.74,18.34,18.62,16446,30636599.000000004,0.0,15,18.4,0
20241227,1735228800000,18.6,18.95,18.59,18.85,20613,38833835.0,0.0,15,18.62,0
20241230,1735488000000,18.66,18.96,18.52,18.78,20636,38709399.0,0.0,15,18.849999999999998,0
20241231,1735574400000,18.759999999999998,18.93,18.29,18.31,22163,41128663.0,0.0,15,18.779999999999998,0
20250102,1735747200000,18.32,18.669999999999998,17.86,18.0,27742,50752102.0,0.0,15,18.31,0
20250103,1735833600000,18.009999999999998,18.169999999999998,17.27,17.32,28527,50346249.0,0.0,15,18.0,0
20250106,1736092800000,17.3,17.560000000000002,16.92,17.41,21096,36453195.00000001,0.0,15,17.32,0
20250107,1736179200000,17.38,17.619999999999997,17.22,17.599999999999998,16072,28012582.0,0.0,15,17.41,0
20250108,1736265600000,17.6,17.6,16.98,17.44,18385,31834377.0,0.0,15,17.6,0
20250109,1736352000000,17.3,17.98,17.26,17.580000000000002,18401,32513815.999999996,0.0,15,17.44,0
20250110,1736438400000,17.5,17.92,17.37,17.37,18837,33197041.0,0.0,15,17.580000000000002,0
20250113,1736697600000,17.060000000000002,17.57,16.85,17.360000000000003,18776,32275291.0,0.0,15,17.37,0
20250114,1736784000000,17.54,17.91,17.38,17.91,19325,34311764.0,0.0,15,17.36,0
20250115,1736870400000,17.88,17.95,17.72,17.82,11063,19747074.0,0.0,15,17.91,0
20250116,1736956800000,17.83,18.08,17.61,17.77,15785,28157199.0,0.0,15,17.82,0
20250117,1737043200000,17.71,17.95,17.7,17.88,12989,23160207.000000004,0.0,15,17.77,0
20250120,1737302400000,17.91,18.169999999999998,17.86,18.08,15076,27225471.0,0.0,15,17.88,0
20250121,1737388800000,18.16,18.36,18.0,18.14,16343,29661208.000000004,0.0,15,18.08,0
20250122,1737475200000,18.0,18.2,17.88,17.93,12324,22225250.0,0.0,15,18.14,0
20250123,1737561600000,18.14,18.29,18.02,18.02,14984,27200839.0,0.0,15,17.93,0
20250124,1737648000000,18.02,18.07,17.77,18.0,16667,29874611.000000004,0.0,15,18.02,0
20250127,1737907200000,18.0,18.37,17.93,18.14,16956,30796855.0,0.0,15,18.0,0
20250205,1738684800000,18.23,18.270000000000003,17.900000000000002,18.020000000000003,13699,24670188.0,0.0,15,18.14,0
20250206,1738771200000,18.040000000000003,18.340000000000003,17.900000000000002,18.330000000000002,22107,40037704.99999999,0.0,15,18.020000000000003,0
20250207,1738857600000,18.330000000000002,18.650000000000002,18.28,18.59,28448,52776201.0,0.0,15,18.330000000000002,0
20250210,1739116800000,19.07,19.46,18.78,19.3,57541,110439353.99999999,0.0,15,18.59,0
20250211,1739203200000,19.400000000000002,19.66,19.1,19.310000000000002,42012,81148699.0,0.0,15,19.3,0
20250212,1739289600000,19.18,19.380000000000003,19.03,19.18,26111,50048624.0,0.0,15,19.310000000000002,0
20250213,1739376000000,19.19,19.28,18.66,18.67,31788,59909262.99999999,0.0,15,19.18,0
20250214,1739462400000,18.69,19.000000000000004,18.580000000000002,18.720000000000002,19047,35765335.0,0.0,15,18.67,0
20250217,1739721600000,18.59,18.810000000000002,18.46,18.67,23567,43951536.0,0.0,15,18.720000000000002,0
20250218,1739808000000,18.66,19.15,18.45,18.58,32724,61454032.00000001,0.0,15,18.669999999999998,0
20250219,1739894400000,18.58,18.97,18.54,18.91,27592,52009371.00000001,0.0,15,18.58,0
20250220,1739980800000,18.910000000000004,18.98,18.740000000000002,18.87,21382,40292030.0,0.0,15,18.910000000000004,0
20250221,1740067200000,19.0,19.009999999999998,18.72,18.83,31591,59447227.00000001,0.0,15,18.869999999999997,0
20250224,1740326400000,18.7,19.14,18.59,19.13,31763,59917762.99999999,0.0,15,18.83,0
20250225,1740412800000,18.919999999999998,19.009999999999998,18.72,18.83,25291,47767758.0,0.0,15,19.13,0
20250226,1740499200000,18.88,19.2,18.88,19.06,28924,55087543.00000001,0.0,15,18.83,0
20250227,1740585600000,19.05,19.1,18.64,18.95,25350,47802348.0,0.0,15,19.060000000000002,0
20250228,1740672000000,18.94,18.94,18.32,18.34,24289,45063982.00000001,0.0,15,18.95,0
20250303,1740931200000,18.34,18.689999999999998,18.22,18.349999999999998,21066,38973011.0,0.0,15,18.34,0
20250304,1741017600000,18.400000000000002,18.720000000000002,18.21,18.650000000000002,19960,37097372.0,0.0,15,18.35,0
20250305,1741104000000,18.75,19.0,18.51,18.950000000000003,31492,59071235.0,0.0,15,18.650000000000002,0
20250306,1741190400000,18.94,19.75,18.89,19.310000000000002,52461,101289642.0,0.0,15,18.95,0
20250307,1741276800000,19.180000000000003,19.8,19.080000000000002,19.430000000000003,55070,107403118.00000001,0.0,15,19.310000000000002,0
20250310,1741536000000,19.439999999999998,19.709999999999997,19.22,19.4,38993,75729856.0,0.0,15,19.43,0
20250311,1741622400000,19.27,19.490000000000002,19.14,19.490000000000002,28466,54921741.00000001,0.0,15,19.400000000000002,0
20250312,1741708800000,19.47,19.79,19.34,19.4,31844,62115611.0,0.0,15,19.49,0
20250313,1741795200000,19.35,19.52,18.96,19.2,30342,58096701.00000001,0.0,15,19.400000000000002,0
20250314,1741881600000,19.27,19.28,18.84,19.12,36941,70294134.0,0.0,15,19.2,0
20250317,1742140800000,19.14,19.21,19.02,19.14,28028,53602211.00000001,0.0,15,19.12,0
20250318,1742227200000,19.14,19.669999999999998,19.11,19.57,43273,84135947.00000001,0.0,15,19.14,0
20250319,1742313600000,19.599999999999998,19.599999999999998,19.2,19.4,24199,46887657.00000001,0.0,15,19.57,0
20250320,1742400000000,19.3,20.05,19.3,19.75,49522,97931243.00000001,0.0,15,19.400000000000002,0
20250321,1742486400000,19.700000000000003,19.970000000000002,19.44,19.740000000000002,42396,83525805.0,0.0,15,19.75,0
20250324,1742745600000,19.71,19.939999999999998,18.54,18.95,48666,92864878.0,0.0,15,19.74,0
20250325,1742832000000,18.77,18.91,18.25,18.42,47202,87228314.0,0.0,15,18.95,0
20250326,1742918400000,18.45,18.919999999999998,18.31,18.779999999999998,35315,66247684.00000001,0.0,15,18.419999999999998,0
20250327,1743004800000,18.759999999999998,18.759999999999998,18.29,18.369999999999997,26176,48337880.0,0.0,15,18.779999999999998,0
20250328,1743091200000,18.4,18.47,17.82,17.88,36332,65436325.0,0.0,15,18.37,0
20250331,1743350400000,17.880000000000003,17.880000000000003,17.42,17.560000000000002,23091,40633400.0,0.0,15,17.880000000000003,0
20250401,1743436800000,17.650000000000002,17.98,17.64,17.85,23849,42550680.0,0.0,15,17.560000000000002,0
20250402,1743523200000,17.85,18.040000000000003,17.69,17.96,20633,36968521.00000001,0.0,15,17.85,0
20250403,1743609600000,17.8,18.150000000000002,17.71,18.03,18958,33945062.0,0.0,15,17.96,0
20250407,1743955200000,17.1,17.150000000000002,16.23,16.23,36463,60690557.0,0.0,15,18.03,0
20250408,1744041600000,16.24,16.419999999999998,15.43,15.75,43487,68708884.0,0.0,15,16.23,0
20250409,1744128000000,15.55,16.35,14.9,16.23,43889,69063200.99999999,0.0,15,15.75,0
20250410,1744214400000,16.5,16.8,16.25,16.46,29394,48738914.0,0.0,15,16.23,0
20250411,1744300800000,16.3,16.67,16.25,16.49,19949,32954758.0,0.0,15,16.46,0
20250414,1744560000000,16.57,16.85,16.53,16.67,21096,35246770.0,0.0,15,16.490000000000002,0
20250415,1744646400000,16.599999999999998,16.77,16.54,16.72,12347,20557059.0,0.0,15,16.669999999999998,0
20250416,1744732800000,16.709999999999997,16.72,16.15,16.419999999999998,15270,25089388.000000004,0.0,15,16.72,0
20250417,1744819200000,16.4,16.7,16.27,16.599999999999998,15841,26279539.0,0.0,15,16.419999999999998,0
20250418,1744905600000,16.5,16.75,16.42,16.6,11826,19621568.0,0.0,15,16.6,0
20250421,1745164800000,16.61,17.13,16.5,17.02,21903,36886922.0,0.0,15,16.6,0
20250422,1745251200000,17.8,18.290000000000003,17.69,18.05,74973,134876579.0,0.0,15,17.02,0
20250423,1745337600000,17.950000000000003,18.21,17.85,18.16,34524,62452021.00000001,0.0,15,18.05,0
20250424,1745424000000,18.01,18.73,18.01,18.580000000000002,53462,98872491.0,0.0,15,18.16,0
20250425,1745510400000,18.529999999999998,19.11,18.38,18.9,44553,83497226.0,0.0,15,18.58,0
20250428,1745769600000,18.900000000000002,19.25,18.76,18.810000000000002,52631,100087612.00000001,0.0,15,18.900000000000002,0
20250429,1745856000000,18.89,20.69,18.89,19.95,198178,399984049.0,0.0,15,18.810000000000002,0
20250430,1745942400000,19.900000000000002,21.950000000000003,19.900000000000002,21.3,203889,431447410.00000006,0.0,15,19.950000000000003,0
20250506,1746460800000,21.3,21.68,20.91,21.48,130933,278566167.0,0.0,15,21.3,0
20250507,1746547200000,21.52,23.63,21.52,23.63,209619,485241481.00000006,0.0,15,21.48,0
20250508,1746633600000,23.400000000000002,23.46,22.12,22.290000000000003,193359,436981012.0,0.0,15,23.630000000000003,0
20250509,1746720000000,22.5,22.65,21.7,21.9,108416,239040600.00000003,0.0,15,22.29,0
20250512,1746979200000,21.830000000000002,22.110000000000003,21.400000000000002,21.650000000000002,108586,235660915.00000003,0.0,15,21.900000000000002,0
20250513,1747065600000,21.8,21.97,20.75,20.92,117730,248479997.0,0.0,15,21.65,0
20250514,1747152000000,20.9,20.99,20.54,20.81,73542,152863013.99999997,0.0,15,20.919999999999998,0
20250515,1747238400000,20.880000000000003,20.92,20.580000000000002,20.680000000000003,44670,92391298.0,0.0,15,20.810000000000002,0
20250516,1747324800000,20.919999999999998,21.12,20.68,20.74,61827,129330695.0,0.0,15,20.68,0
20250519,1747584000000,20.66,20.94,20.59,20.84,44133,91731924.0,0.0,15,20.74,0
20250520,1747670400000,20.84,21.34,20.64,21.13,74922,157669212.0,0.0,15,20.84,0
20250521,1747756800000,21.21,21.279999999999998,20.7,21.18,50148,105374163.0,0.0,15,21.13,0
20250522,1747843200000,21.01,21.85,20.900000000000002,21.55,99773,214855943.0,0.0,15,21.180000000000003,0
20250523,1747929600000,21.51,21.8,20.85,20.85,55772,118333693.0,0.0,15,21.55,0
20250526,1748188800000,20.95,22.93,20.95,22.72,159444,353851962.0,0.0,15,20.849999999999998,0
20250527,1748275200000,23.070000000000004,24.6,22.900000000000002,23.05,204542,484840753.0,0.0,15,22.720000000000002,0
20250528,1748361600000,24.48,24.990000000000002,23.71,23.8,184352,447537125.0,0.0,15,23.05,0
20250529,1748448000000,23.8,24.9,23.25,24.09,156679,376069872.99999994,0.0,15,23.8,0
20250530,1748534400000,24.09,24.6,22.3,22.330000000000002,145935,332423796.00000006,0.0,15,24.09,0
20250603,1748880000000,22.34,22.71,21.79,21.89,108117,239942970.0,0.0,15,22.33,0
20250604,1748966400000,21.91,22.07,21.61,22.06,69058,150806157.0,0.0,15,21.89,0
20250605,1749052800000,21.86,22.33,21.72,21.74,50367,110413475.0,0.0,15,22.06,0
20250606,1749139200000,21.619999999999997,22.0,21.47,21.509999999999998,38740,83686021.0,0.0,15,21.74,0
20250609,1749398400000,21.5,22.26,21.44,21.540000000000003,67562,147081404.0,0.0,15,21.51,0
20250610,1749484800000,21.54,22.48,21.41,21.71,90121,197131684.0,0.0,15,21.54,0
20250611,1749571200000,21.83,22.099999999999998,21.52,21.79,35927,78124799.0,0.0,15,21.71,0
20250612,1749657600000,21.72,21.79,21.0,21.22,51281,109366482.00000001,0.0,15,21.79,0
20250613,1749744000000,21.21,21.34,20.91,21.0,35594,75008886.0,0.0,15,21.22,0
20250616,1750003200000,20.990000000000002,21.17,20.69,20.790000000000003,37292,77821182.00000001,0.0,15,21.0,0
20250617,1750089600000,20.8,21.029999999999998,20.63,20.97,32647,68005769.00000001,0.0,15,20.79,0
20250618,1750176000000,20.860000000000003,20.900000000000002,20.51,20.76,30085,62178269.00000001,0.0,15,20.970000000000002,0
20250619,1750262400000,20.71,20.880000000000003,20.21,20.37,27550,56453069.0,0.0,15,20.76,0
20250620,1750348800000,20.389999999999997,20.48,20.06,20.119999999999997,26675,53936606.0,0.0,15,20.369999999999997,0
20250623,1750608000000,20.0,20.39,20.0,20.34,24247,49149538.0,0.0,15,20.12,0
20250624,1750694400000,20.45,21.25,20.45,20.98,50743,106176784.0,0.0,15,20.34,0
20250625,1750780800000,21.01,21.69,21.01,21.55,55161,118394848.00000001,0.0,15,20.98,0
20250626,1750867200000,21.71,22.2,21.52,21.61,67672,147705380.0,0.0,15,21.55,0
20250627,1750953600000,21.65,22.57,21.54,22.439999999999998,78952,175854549.0,0.0,15,21.61,0
20250630,1751212800000,22.44,22.94,22.25,22.8,82438,187011292.0,0.0,15,22.44,0
20250701,1751299200000,22.61,23.439999999999998,22.38,23.0,82470,189436909.0,0.0,15,22.8,0
20250702,1751385600000,23.2,23.28,22.68,22.89,59773,137168062.0,0.0,15,23.0,0
20250703,1751472000000,22.89,23.11,22.62,22.87,45140,103010076.0,0.0,15,22.89,0
20250704,1751558400000,22.990000000000002,22.990000000000002,22.12,22.310000000000002,40729,91594394.0,0.0,15,22.87,0
20250707,1751817600000,22.200000000000003,22.68,21.78,22.64,47355,105480477.0,0.0,15,22.310000000000002,0
20250708,1751904000000,22.71,23.150000000000002,22.46,22.85,49543,112543888.0,0.0,15,22.64,0
20250709,1751990400000,22.85,23.55,22.71,22.990000000000002,56455,130558301.00000001,0.0,15,22.85,0
20250710,1752076800000,22.88,22.98,22.38,22.64,41208,93142565.99999999,0.0,15,22.99,0
20250711,1752163200000,22.35,22.580000000000002,22.23,22.43,26404,59153308.0,0.0,15,22.32,0
20250714,1752422400000,22.5,22.94,22.42,22.78,40680,92627835.0,0.0,15,22.430000000000003,0
20250715,1752508800000,22.77,23.060000000000002,22.55,22.76,52548,119616415.0,0.0,15,22.78,0
20250716,1752595200000,22.759999999999998,22.81,22.2,22.49,42595,95417256.0,0.0,15,22.759999999999998,0
20250717,1752681600000,22.43,23.130000000000003,22.3,22.7,57828,131451298.99999999,0.0,15,22.490000000000002,0
20250718,1752768000000,22.66,23.45,22.47,23.169999999999998,68774,157724281.0,0.0,15,22.7,0
20250721,1753027200000,23.8,24.31,23.45,24.14,98832,236753029.00000003,0.0,15,23.169999999999998,0
20250722,1753113600000,24.19,25.48,23.73,24.78,154617,379368681.0,0.0,15,24.14,0
20250723,1753200000000,24.98,24.990000000000002,23.41,23.49,118112,282839149.0,0.0,15,24.78,0
20250724,1753286400000,23.3,24.8,23.3,23.88,104935,252465615.0,0.0,15,23.490000000000002,0
20250725,1753372800000,23.91,24.15,23.5,23.53,55224,130671184.0,0.0,15,23.88,0
20250728,1753632000000,23.580000000000002,23.990000000000002,23.42,23.82,54993,130371003.00000001,0.0,15,23.53,0
20250729,1753718400000,23.740000000000002,23.900000000000002,23.12,23.44,58993,137935677.0,0.0,15,23.82,0
20250730,1753804800000,23.44,23.96,22.93,23.09,51138,119589328.0,0.0,15,23.44,0
20250731,1753891200000,22.51,23.07,22.51,22.700000000000003,56071,127722458.00000001,0.0,15,23.09,0
20250801,1753977600000,22.92,23.23,22.66,22.77,46739,107390410.0,0.0,15,22.7,0
20250804,1754236800000,22.7,23.2,22.55,23.05,34627,79782260.0,0.0,15,22.77,0
20250805,1754323200000,23.1,23.44,23.05,23.41,35829,83424010.0,0.0,15,23.05,0
20250806,1754409600000,23.419999999999998,23.799999999999997,23.31,23.61,40275,95152667.0,0.0,15,23.41,0
20250807,1754496000000,23.529999999999998,23.61,23.2,23.32,35485,82763599.0,0.0,15,23.61,0
20250808,1754582400000,23.3,23.56,23.18,23.5,32510,76094639.0,0.0,15,23.32,0
20250811,1754841600000,23.650000000000002,24.8,23.490000000000002,24.360000000000003,74561,180846495.0,0.0,15,23.500000000000004,0
20250812,1754928000000,24.36,24.45,23.84,23.95,39193,94044777.0,0.0,15,24.36,0
20250813,1755014400000,23.95,24.74,23.86,24.4,59955,146447684.0,0.0,15,23.95,0
20250814,1755100800000,24.369999999999997,24.48,22.72,22.759999999999998,93356,217258403.00000003,0.0,15,24.4,0
20250815,1755187200000,22.900000000000002,23.42,22.76,23.26,56785,131029350.00000001,0.0,15,22.76,0
20250818,1755446400000,23.26,23.450000000000003,22.900000000000002,23.150000000000002,58919,136336968.0,0.0,15,23.26,0
20250819,1755532800000,23.060000000000002,23.14,22.740000000000002,22.970000000000002,38615,88554075.0,0.0,15,23.150000000000002,0
20250820,1755619200000,22.88,23.32,22.82,22.990000000000002,40548,93478190.0,0.0,15,22.97,0
20250821,1755705600000,22.99,23.25,22.77,22.919999999999998,42737,97961065.0,0.0,15,22.99,0
20250822,1755792000000,22.880000000000003,22.880000000000003,22.53,22.75,44602,101139047.99999999,0.0,15,22.92,0
20250825,1756051200000,22.8,23.41,22.8,23.16,69894,161506981.0,0.0,15,22.75,0
20250826,1756137600000,23.88,25.48,23.5,25.48,133423,331042044.0,0.0,15,23.16,0
20250827,1756224000000,25.4,25.4,23.88,24.02,238165,581899193.0,0.0,15,25.48,0
20250828,1756310400000,23.9,24.18,22.88,23.52,169211,398276358.00000006,0.0,15,24.02,0
20250829,1756396800000,23.360000000000003,23.500000000000004,22.900000000000002,22.98,92463,213840008.0,0.0,15,23.520000000000003,0
20250901,1756656000000,23.07,24.779999999999998,22.79,24.4,189290,451814557.0,0.0,15,22.98,0
20250902,1756742400000,24.35,24.590000000000003,23.400000000000002,23.700000000000003,111548,265118868.0,0.0,15,24.400000000000002,0
20250903,1756828800000,23.66,23.74,22.02,22.08,116181,264236636.0,0.0,15,23.7,0
20250904,1756915200000,22.0,22.75,21.88,22.16,79147,177319749.0,0.0,15,22.08,0
20250905,1757001600000,22.16,22.580000000000002,22.05,22.54,45929,102826591.0,0.0,15,22.16,0
20250908,1757260800000,22.529999999999998,22.71,22.2,22.349999999999998,52372,117396402.0,0.0,15,22.54,0
20250909,1757347200000,22.36,22.47,22.06,22.139999999999997,39681,88310884.0,0.0,15,22.349999999999998,0
20250910,1757433600000,22.099999999999998,22.56,22.06,22.5,36540,81742023.0,0.0,15,22.139999999999997,0
20250911,1757520000000,22.5,22.55,22.26,22.53,40317,90521155.0,0.0,15,22.5,0
20250912,1757606400000,22.5,22.630000000000003,22.26,22.3,34790,77926925.00000001,0.0,15,22.53,0
20250915,1757865600000,22.34,22.37,22.07,22.12,31435,69692647.0,0.0,15,22.3,0
20250916,1757952000000,22.060000000000002,22.36,21.87,22.19,40391,89338672.00000001,0.0,15,22.12,0
20250917,1758038400000,22.19,22.35,21.98,22.080000000000002,33104,73421629.0,0.0,15,22.19,0
20250918,1758124800000,22.08,22.19,21.52,21.7,46656,102206938.0,0.0,15,22.08,0
20250919,1758211200000,21.7,22.029999999999998,21.47,21.82,30168,65505144.00000001,0.0,15,21.7,0
20250922,1758470400000,21.7,21.759999999999998,21.27,21.5,27033,57952845.99999999,0.0,15,21.82,0
20250923,1758556800000,21.3,21.59,20.85,21.560000000000002,49718,105372175.0,0.0,15,21.5,0
20250924,1758643200000,21.619999999999997,21.619999999999997,21.29,21.58,28898,62092032.00000001,0.0,15,21.56,0
20250925,1758729600000,21.580000000000002,21.8,21.400000000000002,21.470000000000002,24374,52685283.0,0.0,15,21.580000000000002,0
20250926,1758816000000,21.35,22.03,21.09,21.72,32114,69833935.0,0.0,15,21.47,0
20250929,1759075200000,21.720000000000002,22.28,21.400000000000002,22.020000000000003,35187,77336371.0,0.0,15,21.720000000000002,0
20250930,1759161600000,22.13,22.4,22.04,22.29,31169,69370004.0,0.0,15,22.02,0
20251009,1759939200000,22.22,23.13,22.22,22.83,59035,134690823.0,0.0,15,22.29,0
20251010,1760025600000,23.0,23.96,22.88,23.58,98819,233108247.0,0.0,15,22.83,0
20251013,1760284800000,22.88,23.49,22.68,23.04,59523,137404544.00000003,0.0,15,23.58,0
20251014,1760371200000,23.28,23.68,23.07,23.25,47585,111101644.0,0.0,15,23.04,0
20251015,1760457600000,23.16,23.7,22.96,23.66,49505,115901243.0,0.0,15,23.25,0
20251016,1760544000000,23.72,23.75,22.95,23.04,42495,98660720.0,0.0,15,23.66,0
20251017,1760630400000,22.96,23.12,22.46,22.46,34420,78391387.0,0.0,15,23.04,0
20251020,1760889600000,24.000000000000004,24.71,23.990000000000002,24.71,221818,544232787.0,0.0,15,22.46,0
20251021,1760976000000,25.23,27.18,25.23,27.18,84459,224691263.0,0.0,15,24.71,0
20251022,1761062400000,29.9,29.9,28.5,29.9,174195,517356439.0,0.0,15,27.18,0
20251023,1761148800000,29.3,29.4,27.16,28.52,342062,963918467.0,0.0,15,29.9,0
20251024,1761235200000,30.110000000000003,30.880000000000003,27.67,28.12,228820,653158617.0,0.0,15,28.520000000000003,0
20251027,1761494400000,28.05,30.79,27.55,30.27,259644,766571585.0,0.0,15,28.12,0
20251028,1761580800000,29.24,30.66,29.11,29.919999999999998,176813,531226674.0,0.0,15,30.27,0
20251029,1761667200000,30.35,30.5,28.76,28.96,162602,477816601.0,0.0,15,29.92,0
20251030,1761753600000,29.36,29.5,28.48,28.51,88440,255389725.99999997,0.0,15,28.96,0
20251031,1761840000000,28.23,29.37,28.23,28.86,104602,300301316.0,0.0,15,28.51,0
20251103,1762099200000,29.05,29.48,28.41,28.580000000000002,96512,279113097.0,0.0,15,28.86,0
20251104,1762185600000,28.580000000000002,28.84,27.6,27.89,94411,265518970.0,0.0,15,28.580000000000002,0
20251105,1762272000000,27.570000000000004,29.250000000000004,27.400000000000002,28.46,74139,212056864.0,0.0,15,27.89,0
20251106,1762358400000,28.47,29.2,28.38,28.72,56192,161824823.99999997,0.0,15,28.459999999999997,0
20251107,1762444800000,28.84,28.84,28.2,28.4,39163,111453895.0,0.0,15,28.72,0
20251110,1762704000000,28.279999999999998,28.4,27.7,27.9,39958,111645848.0,0.0,15,28.4,0
20251111,1762790400000,27.96,28.169999999999998,27.2,27.37,39575,109009776.0,0.0,15,27.9,0
20251112,1762876800000,27.46,27.46,26.400000000000002,26.610000000000003,42676,114108299.0,0.0,15,27.37,0
20251113,1762963200000,26.59,26.86,26.25,26.6,36468,96887179.0,0.0,15,26.61,0
20251114,1763049600000,26.6,26.990000000000002,26.44,26.44,29538,78871210.0,0.0,15,26.6,0
20251117,1763308800000,26.86,27.369999999999997,26.47,26.599999999999998,39568,105801722.0,0.0,15,26.439999999999998,0
20251118,1763395200000,26.41,26.5,25.91,26.05,30878,80789273.0,0.0,15,26.6,0
20251119,1763481600000,26.099999999999998,26.24,25.63,25.759999999999998,24312,62848055.0,0.0,15,26.05,0
20251120,1763568000000,25.95,26.099999999999998,25.45,25.52,21974,56435948.00000001,0.0,15,25.759999999999998,0
20251121,1763654400000,25.41,25.61,24.37,24.5,38509,95440694.00000001,0.0,15,25.52,0
20251124,1763913600000,24.58,25.58,24.45,25.43,61643,154221567.0,0.0,15,24.5,0
20251125,1764000000000,25.47,25.82,25.34,25.34,30934,79142475.0,0.0,15,25.43,0
20251126,1764086400000,25.340000000000003,25.680000000000003,24.900000000000002,24.98,23852,60260419.0,0.0,15,25.340000000000003,0
20251127,1764172800000,24.91,25.57,24.91,25.24,26614,67324056.0,0.0,15,24.98,0
20251128,1764259200000,25.18,26.14,25.14,25.96,37811,97569684.0,0.0,15,25.240000000000002,0
20251201,1764518400000,25.880000000000003,26.48,25.740000000000002,25.85,39375,102514941.0,0.0,15,25.96,0
20251202,1764604800000,25.75,25.93,25.25,25.36,21558,54883861.0,0.0,15,25.85,0
20251203,1764691200000,24.8,25.180000000000003,24.26,24.64,52638,129288223.0,0.0,15,25.360000000000003,0
20251204,1764777600000,24.8,25.5,24.8,25.37,52998,133858470.0,0.0,15,24.64,0
20251205,1764864000000,25.32,25.38,25.07,25.26,29886,75342953.0,0.0,15,25.37,0
20251208,1765123200000,25.26,25.7,25.07,25.43,33205,84398152.0,0.0,15,25.26,0
20251209,1765209600000,25.310000000000002,25.680000000000003,24.900000000000002,25.01,27265,68722876.0,0.0,15,25.430000000000003,0
20251210,1765296000000,24.919999999999998,25.28,24.84,24.95,20982,52451652.99999999,0.0,15,25.01,0
20251211,1765382400000,25.0,25.75,24.87,24.900000000000002,41959,106129429.00000001,0.0,15,24.95,0
20251212,1765468800000,24.830000000000002,25.500000000000004,24.810000000000002,24.94,33607,84433425.0,0.0,15,24.900000000000002,0
20251215,1765728000000,24.82,25.990000000000002,24.82,25.48,34745,88537583.0,0.0,15,24.94,0
20251216,1765814400000,25.4,25.47,24.68,24.71,30018,75119813.00000001,0.0,15,25.48,0
20251217,1765900800000,24.7,24.91,24.3,24.78,23218,57047444.0,0.0,15,24.71,0
20251218,1765987200000,24.720000000000002,24.89,24.55,24.59,23158,57161016.00000001,0.0,15,24.78,0
20251219,1766073600000,24.64,25.2,24.64,25.04,24161,60385880.00000001,0.0,15,24.59,0
20251222,1766332800000,25.380000000000003,25.41,24.96,24.990000000000002,28458,71613609.99999999,0.0,15,25.04,0
20251223,1766419200000,25.000000000000004,25.090000000000003,24.650000000000002,24.700000000000003,25548,63385621.0,0.0,15,24.990000000000002,0
20251224,1766505600000,24.79,25.86,24.66,25.68,41654,105932582.0,0.0,15,24.7,0
20251225,1766592000000,25.68,26.669999999999998,25.52,26.15,56842,148748198.0,0.0,15,25.68,0
20251226,1766678400000,26.12,26.17,25.51,25.650000000000002,35872,92454637.0,0.0,15,26.150000000000002,0
20251229,1766937600000,25.89,26.290000000000003,25.650000000000002,25.860000000000003,37611,97711039.0,0.0,15,25.650000000000002,0
20251230,1767024000000,25.74,25.88,25.45,25.59,29910,76688016.00000001,0.0,15,25.86,0
20251231,1767110400000,25.82,26.18,25.43,26.03,41869,108292392.0,0.0,15,25.59,0
20260105,1767542400000,26.2,26.709999999999997,25.72,26.7,54966,145277162.0,0.0,15,26.029999999999998,0
20260106,1767628800000,26.73,28.88,26.68,28.35,111236,310013060.00000006,0.0,15,26.7,0
20260107,1767715200000,28.23,28.23,27.41,27.55,66901,184567843.0,0.0,15,28.35,0
20260108,1767801600000,27.320000000000004,28.180000000000003,27.310000000000002,27.770000000000003,48524,135089600.0,0.0,15,27.55,0
20260109,1767888000000,27.74,28.25,27.59,27.97,43612,121755956.0,0.0,15,27.77,0
20260112,1768147200000,28.509999999999998,28.52,27.45,27.939999999999998,64735,180123300.00000003,0.0,15,27.97,0
20260113,1768233600000,28.0,28.17,27.28,27.41,49880,137748046.00000003,0.0,15,27.94,0
20260114,1768320000000,27.360000000000003,27.720000000000002,26.85,27.240000000000002,41473,113316917.00000001,0.0,15,27.41,0
20260115,1768406400000,27.340000000000003,29.220000000000002,27.080000000000002,28.6,80683,227750422.0,0.0,15,27.240000000000002,0
20260116,1768492800000,28.55,29.200000000000003,28.060000000000002,28.900000000000002,58355,167888761.00000003,0.0,15,28.6,0
20260119,1768752000000,28.900000000000002,29.830000000000002,28.51,29.310000000000002,79869,234684187.0,0.0,15,28.900000000000002,0
20260120,1768838400000,29.18,29.299999999999997,28.47,28.689999999999998,45434,130747873.00000001,0.0,15,29.31,0
20260121,1768924800000,28.55,29.240000000000002,28.39,28.97,35207,101461464.0,0.0,15,28.69,0
20260122,1769011200000,28.92,29.680000000000003,28.830000000000002,29.500000000000004,37196,109459447.99999999,0.0,15,28.970000000000002,0
20260123,1769097600000,29.500000000000004,29.85,28.900000000000002,29.240000000000002,43223,126509448.0,0.0,15,29.500000000000004,0
20260126,1769356800000,29.36,30.59,28.98,30.38,90865,273516487.99999994,0.0,15,29.240000000000002,0
20260127,1769443200000,30.0,32.17,29.96,32.02,100225,315076523.0,0.0,15,30.380000000000003,0
20260128,1769529600000,32.5,35.22,31.34,35.22,136268,453082142.0,0.0,15,32.02,0
20260129,1769616000000,34.87,35.16,32.65,33.269999999999996,141682,475338906.99999994,0.0,15,35.22,0
20260130,1769702400000,32.61,32.65,30.7,31.56,94958,298213437.00000006,0.0,15,33.269999999999996,0
20260202,1769961600000,30.3,31.0,29.16,29.2,96961,289768591.0,0.0,15,31.56,0
20260203,1770048000000,29.400000000000002,30.110000000000003,28.92,29.950000000000003,77701,230830886.0,0.0,15,29.200000000000003,0
20260204,1770134400000,30.3,31.31,29.82,30.52,58540,177739784.0,0.0,15,29.95,0
20260205,1770220800000,30.01,30.51,28.98,29.0,50076,147219052.0,0.0,15,30.52,0
20260206,1770307200000,28.77,29.91,28.66,29.47,43691,128486322.00000001,0.0,15,29.0,0
20260209,1770566400000,30.150000000000002,30.79,30.05,30.400000000000002,50996,155353702.0,0.0,15,29.470000000000002,0
20260210,1770652800000,30.52,31.99,30.11,30.74,51738,161294077.0,0.0,15,30.4,0
20260211,1770739200000,30.68,31.740000000000002,30.55,31.490000000000002,40161,126367960.0,0.0,15,30.740000000000002,0
20260212,1770825600000,31.59,31.86,31.13,31.16,32425,102185697.0,0.0,15,31.49,0
20260213,1770912000000,31.02,31.16,30.32,30.35,31279,95817591.0,0.0,15,31.16,0
20260224,1771862400000,30.71,32.63,30.68,32.5,55739,178897304.0,0.0,15,30.35,0
20260225,1771948800000,32.42,32.49,31.62,32.0,39775,127147297.0,0.0,15,32.5,0
20260226,1772035200000,32.0,33.47,31.85,33.0,50643,167023155.0,0.0,15,32.0,0
20260227,1772121600000,33.0,33.0,32.0,32.56,38686,125253637.0,0.0,15,33.0,0
20260302,1772380800000,32.5,32.5,31.5,31.97,41716,133398902.0,0.0,15,32.56,0
20260303,1772467200000,31.990000000000002,32.330000000000005,28.900000000000002,29.470000000000002,68319,206955254.00000003,0.0,15,31.970000000000002,0
20260304,1772553600000,29.18,29.939999999999998,28.61,28.669999999999998,50326,146773156.0,0.0,15,29.47,0
20260305,1772640000000,29.18,29.78,28.78,29.19,40942,119296458.0,0.0,15,28.67,0
20260306,1772726400000,29.09,29.430000000000003,28.76,29.1,32713,95267708.0,0.0,15,29.19,0
20260309,1772985600000,28.660000000000004,28.660000000000004,26.900000000000002,27.650000000000002,75707,208761313.0,0.0,15,29.1,0
20260310,1773072000000,27.95,28.64,27.95,28.31,45331,128597452.0,0.0,15,27.65,0
20260311,1773158400000,28.54,28.78,27.66,27.9,38660,109017745.00000001,0.0,15,28.31,0
20260312,1773244800000,28.09,28.1,26.98,27.26,35184,96485810.00000001,0.0,15,27.900000000000002,0
20260313,1773331200000,27.14,27.56,26.88,26.93,31005,84297518.0,0.0,15,27.259999999999998,0
20260316,1773590400000,27.0,27.650000000000002,26.62,27.540000000000003,40184,109580383.0,0.0,15,26.93,0
20260317,1773676800000,27.8,27.97,26.93,26.98,26399,72161129.0,0.0,15,27.54,0
20260318,1773763200000,26.98,27.22,26.2,26.669999999999998,34949,92837213.0,0.0,15,26.98,0
20260319,1773849600000,26.41,26.5,25.28,25.35,36785,94872020.0,0.0,15,26.67,0
20260320,1773936000000,25.580000000000002,25.89,24.67,24.700000000000003,35351,88840328.0,0.0,15,25.35,0
20260323,1774195200000,24.02,24.34,22.81,23.099999999999998,63228,148840455.0,0.0,15,24.7,0
20260324,1774281600000,23.680000000000003,24.3,23.330000000000002,24.21,50571,120498064.00000001,0.0,15,23.1,0
20260325,1774368000000,24.450000000000003,24.900000000000002,24.330000000000002,24.740000000000002,39149,96449304.00000001,0.0,15,24.21,0
20260326,1774454400000,24.51,24.78,23.8,23.93,31843,77056457.0,0.0,15,24.740000000000002,0
20260327,1774540800000,24.0,25.78,23.66,25.23,59572,148962883.0,0.0,15,23.93,0
20260330,1774800000000,24.88,25.23,24.7,25.099999999999998,37355,93289154.00000001,0.0,15,25.23,0
20260331,1774886400000,24.970000000000002,25.220000000000002,24.310000000000002,24.35,37503,92814014.00000001,0.0,15,25.1,0
20260401,1774972800000,25.23,25.23,24.63,24.81,29226,72811776.0,0.0,15,24.349999999999998,0
20260402,1775059200000,24.820000000000004,24.89,24.150000000000002,24.320000000000004,29344,71728362.0,0.0,15,24.810000000000002,0
20260403,1775145600000,24.32,24.44,23.64,23.79,26769,64029962.0,0.0,15,24.32,0
20260407,1775491200000,24.099999999999998,24.22,23.54,23.96,23925,57355456.0,0.0,15,23.79,0
20260408,1775577600000,24.6,26.21,24.41,25.77,52867,134306539.0,0.0,15,23.96,0
20260409,1775664000000,25.610000000000003,26.14,25.17,25.770000000000003,56281,144230136.0,0.0,15,25.770000000000003,0
20260410,1775750400000,26.76,26.810000000000002,25.810000000000002,25.810000000000002,61178,160048106.99999997,0.0,15,25.770000000000003,0
20260413,1776009600000,25.700000000000003,25.900000000000002,25.150000000000002,25.430000000000003,45699,116063170.0,0.0,15,25.810000000000002,0
20260414,1776096000000,25.55,26.32,25.38,25.759999999999998,53417,137593129.99999997,0.0,15,25.43,0
20260415,1776182400000,25.8,26.78,25.75,25.83,48739,127484107.0,0.0,15,25.76,0
20260416,1776268800000,25.9,26.72,25.63,26.39,54562,142609680.00000003,0.0,15,25.83,0
20260417,1776355200000,26.14,27.700000000000003,26.01,27.3,70472,189910501.00000003,0.0,15,26.39,0
20260420,1776614400000,27.32,28.1,26.580000000000002,27.720000000000002,90421,247939955.00000003,0.0,15,27.3,0
20260421,1776700800000,26.88,26.88,24.95,25.2,168634,426040221.00000006,0.0,15,27.72,0
20260422,1776787200000,24.86,25.18,24.14,24.330000000000002,103411,252178272.00000003,0.0,15,25.2,0
20260423,1776873600000,24.29,24.85,23.8,23.900000000000002,68573,165823594.0,0.0,15,24.330000000000002,0
20260424,1776960000000,23.78,23.78,23.080000000000002,23.330000000000002,67781,158526032.0,0.0,15,23.900000000000002,0
20260427,1777219200000,23.18,23.330000000000002,22.89,22.990000000000002,55364,127397892.99999999,0.0,15,23.330000000000002,0
20260428,1777305600000,22.880000000000003,24.130000000000003,22.71,23.36,100565,235791043.0,0.0,15,22.990000000000002,0
20260429,1777392000000,24.419999999999998,24.81,24.11,24.259999999999998,121386,296281160.00000006,0.0,15,23.36,0
20260430,1777478400000,24.07,24.8,24.07,24.51,66782,163983596.00000003,0.0,15,24.26,0
20260506,1777996800000,24.73,24.810000000000002,24.01,24.060000000000002,87365,212127429.0,0.0,15,24.51,0
20260507,1778083200000,24.12,24.6,24.12,24.37,56746,138251914.0,0.0,15,24.060000000000002,0
20260508,1778169600000,24.43,24.43,24.0,24.38,56740,137206668.0,0.0,15,24.37,0
20260511,1778428800000,24.48,25.66,24.3,25.26,106024,264756942.0,0.0,15,24.38,0
20260512,1778515200000,25.12,25.14,24.21,24.46,67016,164773506.99999997,0.0,15,25.26,0
20260513,1778601600000,24.790000000000003,25.380000000000003,24.67,25.150000000000002,73550,184336986.0,0.0,15,24.46,0
20260514,1778688000000,25.16,25.46,24.7,24.87,62405,156353473.0,0.0,15,25.15,0
20260515,1778774400000,24.74,25.5,24.61,24.88,61541,153390893.0,0.0,15,24.87,0
20260518,1779033600000,24.8,24.880000000000003,24.240000000000002,24.830000000000002,59418,145942996.0,0.0,15,24.880000000000003,0
20260519,1779120000000,24.69,24.970000000000002,24.650000000000002,24.950000000000003,37804,93878900.00000001,0.0,15,24.830000000000002,0
20260520,1779206400000,24.85,24.98,24.46,24.580000000000002,35947,88510993.00000001,0.0,15,24.95,0
20260521,1779292800000,24.71,24.98,23.73,23.77,49377,120305592.00000001,0.0,15,24.580000000000002,0
20260522,1779379200000,24.3,24.39,23.66,24.18,35535,85552009.0,0.0,15,23.77,0
20260525,1779638400000,24.39,25.130000000000003,23.92,24.12,50810,124209301.00000001,0.0,15,24.180000000000003,0
20260526,1779724800000,24.12,24.12,23.02,23.43,54093,126087102.00000001,0.0,15,24.12,0
